  385.71162 
  384.31711 
  384.29300 
  384.24262 
  383.59696 
  384.24588 
  379.97861 
  380.75790 
  379.60005 
  381.17210 
  382.16732 
  380.68745 
  383.48287 
  383.42989 
  380.97334 
  382.04975 
  382.02313 
  382.23120 
  382.85009 
  383.47481 
  380.02940 
  381.42627 
  381.60590 
  381.85091 
  382.64024 
  382.65942 
  384.78496 
  391.64859 
  388.88007 
  388.53083 
  389.23787 
  388.44860 
  388.71708 
  388.55740 
  389.03589 
  388.65500 
  388.87351 
  388.46933 
  388.69803 
  388.33329 
  380.87938 
  381.99716 
  383.05145 
  382.32487 
  383.43608 
  383.34162 
  383.34735 
  383.00691 
  383.15993 
  382.94316 
  382.82828 
  383.35781 
  383.00604 
  383.54879 
  383.06092 
  383.04352 
  383.24337 
  382.69400 
  383.03429 
  382.84116 
  382.99518 
  382.50835 
  382.54346 
  382.77041 
  382.46198 
  382.67636 
  382.00786 
  382.63877 
  382.15161 
  382.55629 
  382.28632 
  383.02534 
  383.42392 
  383.41348 
  383.47030 
  384.27758 
  383.00115 
  383.20396 
  383.12592 
  383.94060 
  384.10038 
  383.97731 
  383.71829 
  384.41476 
  382.97106 
  384.04781 
  384.57047 
  389.93470 
  391.53024 
  389.95290 
  388.24580 
  389.55510 
  388.86256 
  389.47811 
  381.19866 
  381.63101 
  383.71760 
  383.83004 
  383.05014 
  383.04260 
  383.86126 
  384.08182 
  383.41287 
  382.32785 
  390.75457 
  390.21838 
  389.32097 
  388.80917 
  388.91126 
  389.63330 
  388.90246 
  388.92805 
  388.61553 
  382.42471 
  382.64936 
  384.59774 
  384.79246 
  384.06857 
  386.78170 
  392.18751 
  388.87285 
  389.97098 
  388.70904 
  388.30041 
  380.01437 
  382.57649 
  381.80457 
  382.85100 
  382.84266 
  382.40575 
  382.46137 
  382.50433 
  383.20308 
  382.92697 
  383.01345 
  382.67202 
  383.93549 
  392.04564 
  383.72916 
  382.31318 
  383.86626 
  383.90401 
  384.12727 
  382.68533 
  383.84044 
  382.34309 
  383.09195 
  383.23026 
  382.75909 
  382.41933 
  382.47386 
  383.81604 
  383.30948 
  382.21625 
  382.46463 
  382.41829 
  383.09304 
  383.02179 
  383.11718 
  382.83196 
  387.43515 
  391.53484 
  389.63939 
  389.04873 
  388.52045 
  389.02257 
  388.95856 
  383.21280 
  381.28788 
  382.86375 
  383.17424 
  382.82498 
  382.38151 
  382.47990 
  382.08129 
  382.21115 
  382.39592 
  382.78718 
  382.83238 
  382.51956 
  382.74228 
  382.24127 
  382.84766 
  382.39710 
  382.58873 
  382.43444 
  383.10235 
  382.62381 
  382.62419 
  382.29103 
  382.71876 
  382.24466 
  382.74588 
  386.47906 
  391.03931 
  388.99519 
  388.87436 
  389.03947 
  388.54196 
  389.29569 
  388.50026 
  388.91199 
  388.91160 
  388.91143 
  388.71699 
  388.46040 
  388.33373 
  388.91028 
  388.61075 
  388.60382 
  388.39598 
  379.68490 
  382.10725 
  382.63364 
  383.25633 
  382.07798 
  382.34685 
  382.57872 
  382.31807 
  382.10051 
  382.16841 
  382.27396 
  383.05209 
  382.45107 
  382.98463 
  382.35977 
  383.06338 
  380.75620 
  382.09185 
  381.94542 
  382.01991 
  381.83521 
  382.00891 
  381.25090 
  381.73136 
  382.16386 
  381.72736 
  381.66849 
  386.61663 
  390.71440 
  389.05837 
  388.74397 
  388.29867 
  388.59323 
  378.29490 
  382.33692 
  383.17234 
  382.50790 
  382.95929 
  382.81237 
  382.59411 
  382.54071 
  383.09889 
  382.94880 
  383.28785 
  383.01299 
  382.87237 
  383.06626 
  382.64165 
  382.69268 
  382.97236 
  383.07293 
  382.98546 
  391.32391 
  390.45234 
  389.47381 
  389.53910 
  390.02283 
  389.96585 
  389.75373 
  391.18887 
  380.94081 
  383.79342 
  384.52776 
  382.88552 
  383.92999 
  378.97215 
  382.03250 
  381.19045 
  382.03483 
