-0.02430 -0.07445 +0.00987 -0.01726 +0.12793 -0.18113
-0.03601 -0.07664 +0.02657 -0.07796 +0.03872 -0.13850
-0.04579 -0.06329 +0.06676 -0.15724 -0.12667 -0.11525
-0.04533 -0.06148 -0.09109 +0.00640 -0.02693 -0.06366
-0.02142 -0.05984 +0.02715 -0.02899 -0.08421 -0.08445
-0.01622 -0.06300 -0.05151 -0.00944 -0.04577 -0.11554
+0.03584 -0.00709 -0.00911 -0.00064 -0.23384 -0.14074
-0.03678 +0.00434 +0.01862 +0.10937 -0.11082 +0.07907
-0.09623 -0.01294 -0.03629 +0.05184 -0.15203 -0.05526
-0.06855 -0.01384 -0.01517 +0.12593 -0.04004 -0.13906
-0.11785 -0.01253 -0.09516 +0.03078 -0.17145 -0.07259
-0.08662 -0.02270 +0.04239 +0.09039 -0.03082 -0.10465
-0.10937 -0.01208 -0.06569 +0.05005 -0.20366 -0.02566
-0.10112 -0.00505 -0.04403 +0.02990 -0.21366 -0.02527
-0.03407 -0.00254 +0.05261 +0.09098 -0.07178 -0.01592
-0.03210 +0.00027 -0.02826 +0.11315 -0.05303 -0.01797
-0.07123 -0.01527 +0.03564 +0.02933 -0.13361 -0.03278
-0.01793 -0.00302 -0.02150 +0.06451 -0.18656 -0.11838
-0.10016 -0.02916 +0.01212 +0.01829 -0.12731 -0.02678
-0.06738 -0.02140 -0.03735 +0.03930 -0.10944 +0.03123
-0.01410 +0.02596 +0.08671 +0.17879 -0.12399 +0.14542
-0.00782 +0.00382 -0.00090 +0.10026 +0.02428 +0.03097
-0.04953 -0.00068 +0.01414 +0.05474 +0.06852 +0.02979
-0.06114 +0.00206 -0.00268 +0.02262 +0.05835 +0.01318
-0.05825 +0.01385 +0.01361 +0.06381 +0.03534 +0.01481
-0.05508 +0.01657 +0.04007 +0.07011 +0.02123 +0.00268
-0.06723 +0.01176 +0.04428 +0.08355 +0.01464 +0.04372
-0.17904 -0.11867 -0.01641 +0.13237 +0.08237 -0.03922
-0.02310 -0.10727 +0.06939 +0.06180 -0.00622 -0.09714
-0.00022 -0.10531 +0.08127 +0.10871 -0.00057 -0.03388
-0.02130 -0.09584 +0.11771 +0.10828 -0.06142 +0.02066
+0.00011 -0.10839 +0.11000 +0.03100 -0.05906 -0.06027
-0.01366 -0.11798 +0.06263 +0.02340 -0.03288 -0.06830
-0.00230 -0.11356 +0.09602 +0.05553 -0.02358 -0.03501
-0.01769 -0.11418 +0.06717 +0.00956 -0.02456 -0.04133
-0.00140 -0.11119 +0.14251 -0.01268 -0.01714 -0.03248
-0.00921 -0.11222 +0.09828 -0.00804 +0.01008 -0.04551
+0.00040 -0.11472 +0.13612 -0.01547 +0.01304 -0.04311
-0.00929 -0.11196 +0.09985 -0.01470 +0.03165 -0.01532
+0.01325 -0.11166 +0.08399 -0.01829 +0.01127 -0.02359
+0.10987 +0.00263 +0.23928 +0.04026 -0.11017 +0.04874
+0.02854 +0.01442 +0.07015 +0.05896 -0.01126 -0.04026
-0.00755 +0.04306 +0.08784 +0.06965 -0.02816 +0.00331
-0.03026 +0.03379 -0.00305 +0.13393 -0.00777 -0.05276
-0.06857 +0.00764 +0.00332 +0.04010 +0.05712 +0.05882
-0.03928 +0.00520 +0.03250 +0.00344 -0.04322 -0.04938
-0.03083 +0.01027 +0.02026 +0.08213 -0.00688 -0.05712
-0.04230 +0.01063 +0.05197 +0.08382 -0.01478 -0.06839
-0.03516 +0.01141 +0.03971 +0.09138 +0.01297 -0.02863
-0.03124 +0.01700 +0.05122 +0.12465 +0.00063 -0.02049
-0.03603 +0.02681 +0.06854 +0.12291 -0.00050 +0.01817
-0.03139 +0.02938 +0.06071 +0.11954 -0.02040 -0.01438
-0.05844 +0.02784 +0.05231 +0.07059 -0.02921 -0.01987
-0.03015 +0.01027 +0.00733 +0.07687 -0.01302 -0.04752
-0.03429 +0.00416 +0.06473 +0.06239 +0.03417 -0.00917
-0.04184 +0.01060 +0.05154 +0.06862 -0.01551 -0.00506
-0.02906 +0.00769 +0.05061 +0.02906 +0.02058 -0.01533
-0.02863 +0.01405 +0.05624 +0.05022 +0.03731 -0.00153
-0.02346 +0.01385 +0.05209 +0.00581 +0.05453 -0.00691
-0.04397 +0.02454 +0.08667 +0.00186 +0.03305 +0.03234
-0.02226 +0.01106 +0.07542 -0.02762 +0.05223 -0.02015
-0.02849 +0.01536 +0.08556 -0.02306 +0.05608 -0.01338
-0.01835 +0.01127 +0.03598 -0.01414 +0.06981 +0.01753
-0.02681 +0.00961 +0.07028 -0.04499 +0.05892 +0.00452
-0.02569 +0.01028 +0.07700 -0.04399 +0.08159 +0.02029
-0.02004 +0.01150 +0.05097 -0.03577 +0.06529 +0.01768
-0.02237 +0.04612 +0.03657 +0.06406 +0.02074 +0.03565
-0.03596 +0.02302 +0.04238 +0.05207 +0.05727 +0.01296
-0.04024 +0.01861 +0.04374 -0.00709 +0.05592 -0.02466
-0.04437 +0.02480 +0.04559 -0.03212 +0.02629 +0.01926
-0.02579 +0.03231 +0.07208 -0.01034 +0.00733 +0.02167
-0.04173 +0.01370 +0.00716 +0.03101 +0.06448 +0.03159
-0.02269 +0.00884 +0.03208 +0.03278 +0.03521 -0.05623
-0.04080 -0.00207 +0.05138 -0.04221 -0.00834 -0.06674
-0.03091 -0.00685 +0.02594 +0.00986 +0.08072 -0.01162
-0.01923 -0.00566 -0.09890 +0.03191 -0.09330 -0.09790
-0.02242 -0.00242 +0.06267 -0.01162 +0.04246 -0.02201
-0.03735 -0.00469 -0.00229 +0.00891 +0.10079 +0.00396
-0.02069 -0.00086 +0.04284 +0.00653 +0.05250 -0.00372
-0.07582 -0.01293 -0.01114 -0.06578 -0.02991 +0.01389
-0.05849 -0.00857 -0.01174 -0.04706 -0.06598 +0.00011
-0.05498 -0.01216 -0.02149 -0.06970 -0.03398 -0.03350
-0.04839 -0.01316 +0.00891 -0.09658 -0.03629 +0.03544
-0.00984 +0.00502 -0.06994 +0.03910 -0.07735 +0.12555
-0.06062 -0.00614 +0.00212 +0.02340 -0.14130 -0.00828
-0.07761 -0.01034 +0.00484 -0.02325 -0.11059 +0.03102
-0.06640 -0.00508 +0.01067 -0.01959 -0.09188 +0.07718
-0.16523 -0.06845 +0.03942 -0.00180 +0.02075 +0.04985
-0.11325 -0.08438 -0.05085 -0.02824 -0.11242 +0.05220
-0.03207 -0.09008 -0.03005 -0.06146 -0.06129 +0.04662
+0.03081 -0.09405 +0.04216 +0.05967 +0.00956 -0.01217
-0.00724 -0.08621 +0.02458 +0.02291 +0.01758 +0.02205
-0.01533 -0.10223 +0.05549 -0.02801 -0.02777 +0.08016
-0.03205 -0.10021 +0.01774 -0.07017 -0.07833 +0.07514
+0.16263 -0.00978 +0.12224 +0.00510 -0.05056 +0.07697
-0.00142 -0.00724 +0.10106 -0.14087 -0.08242 -0.01941
-0.06557 -0.01204 +0.04706 -0.11489 -0.04270 +0.03612
-0.04736 -0.01405 -0.01855 -0.07852 -0.05420 -0.00544
-0.05835 -0.00813 +0.13594 -0.10676 +0.09828 +0.11613
-0.03042 -0.00079 +0.07266 -0.05108 +0.00987 +0.03259
-0.05859 -0.01002 -0.01489 -0.07336 -0.06619 +0.00790
-0.05643 -0.01290 -0.03523 -0.07152 -0.02691 -0.01129
-0.00463 -0.02362 +0.01017 -0.00555 -0.01059 -0.06310
-0.04992 -0.01304 -0.00206 -0.04410 -0.08572 +0.05457
-0.17469 -0.11715 -0.02644 +0.00480 +0.11464 -0.04319
-0.07900 -0.10896 +0.05287 +0.02231 -0.05702 +0.10501
+0.03083 -0.13373 +0.01835 +0.05651 +0.06106 +0.00000
+0.01114 -0.12845 +0.02113 +0.07904 -0.01346 +0.00976
-0.01421 -0.12675 +0.04635 -0.04393 +0.04181 +0.04375
+0.04495 -0.11158 -0.08448 +0.05809 -0.06294 +0.04625
-0.01550 -0.12453 +0.01345 -0.07205 -0.05110 +0.05909
+0.04235 -0.12066 -0.05376 +0.03679 +0.05305 +0.05131
+0.02915 -0.12458 -0.10697 +0.00344 -0.14494 -0.01858
+0.07768 -0.04283 +0.16876 -0.09488 -0.07909 +0.04803
+0.04487 -0.01979 +0.04008 -0.12856 -0.03546 +0.01100
-0.05972 -0.02845 -0.00437 -0.12674 -0.08040 +0.06634
-0.02153 -0.03079 -0.05301 -0.06026 -0.03352 +0.04312
-0.04137 -0.04198 +0.01661 -0.10212 +0.00121 +0.05632
-0.07117 -0.04900 +0.01350 -0.09406 -0.03629 +0.05135
-0.13417 -0.10586 -0.12516 -0.03604 +0.02144 +0.15941
+0.02519 -0.10688 -0.08590 +0.07908 +0.03023 +0.05293
+0.01102 -0.10652 -0.08353 +0.07361 +0.04967 +0.09186
-0.03770 -0.09883 +0.12470 -0.04578 -0.03360 +0.13890
+0.00738 -0.10409 -0.08571 -0.09030 -0.07547 +0.07321
+0.24428 +0.04536 +0.09808 -0.03190 -0.12997 -0.03425
-0.07563 +0.01061 -0.03099 -0.06087 +0.01207 +0.12167
-0.03295 -0.00311 +0.03483 -0.00461 +0.01907 +0.05851
-0.07044 +0.00799 -0.02429 -0.05938 -0.02647 +0.08740
-0.01732 +0.01762 +0.00381 +0.02327 -0.01771 +0.10279
-0.06217 +0.00420 +0.04000 -0.08449 -0.04593 +0.09330
-0.01774 +0.01042 -0.03770 -0.00422 +0.01537 +0.11079
-0.01537 +0.01983 +0.00925 +0.07570 +0.02884 +0.15591
-0.03864 +0.01214 -0.06677 +0.02888 -0.06425 +0.03557
-0.08317 +0.00574 -0.01808 -0.05809 -0.07098 +0.16503
-0.04845 +0.00764 -0.00469 -0.04775 -0.01765 +0.13644
-0.05057 +0.00373 +0.00915 -0.04552 -0.05369 +0.11837
-0.03946 +0.00737 +0.00680 -0.01102 +0.00027 +0.04547
-0.17141 -0.11027 -0.24901 -0.14336 +0.13890 +0.02560
+0.03828 -0.02181 +0.14735 -0.06646 -0.04589 +0.23035
+0.07853 +0.00343 +0.03127 -0.07508 -0.00014 +0.00264
+0.00000 +0.00000 +0.00000 +0.00000 +0.00000 +0.00000
-0.04593 -0.00658 -0.05662 -0.02660 -0.01495 +0.00059
-0.02455 -0.01744 +0.01925 -0.02706 +0.03731 -0.01864
-0.00838 +0.03410 -0.00641 +0.04010 +0.00638 +0.06637
+0.00420 +0.02461 -0.06807 +0.02949 -0.03606 -0.01828
-0.07318 +0.00796 -0.00649 -0.06068 -0.04315 +0.06018
-0.05545 +0.01136 -0.02345 -0.06485 -0.05076 +0.04697
-0.00579 +0.03025 -0.09895 +0.06280 -0.05715 +0.16169
-0.00443 +0.01624 +0.03854 +0.05236 +0.07915 +0.03622
-0.01728 +0.02129 -0.00767 +0.05483 +0.10175 +0.02892
-0.06413 +0.02121 +0.06145 -0.03289 +0.01095 +0.07352
-0.06859 +0.00622 -0.03595 -0.05301 -0.05027 +0.08426
-0.00852 +0.02247 -0.01340 +0.08499 -0.01808 +0.00587
-0.01572 +0.03478 +0.01604 +0.12937 +0.01682 +0.06666
-0.03161 +0.02959 -0.00106 +0.09972 +0.01528 +0.04895
-0.03017 +0.03861 +0.01149 +0.11470 +0.00242 +0.03315
-0.03209 +0.04322 +0.01364 +0.13827 -0.04021 +0.04167
-0.04157 +0.04497 +0.02251 +0.10117 +0.00536 +0.05472
-0.03572 +0.03835 +0.03020 +0.07537 +0.00868 +0.05110
-0.02843 +0.04082 +0.03471 +0.09125 +0.00914 +0.05433
-0.11483 -0.02407 -0.00840 +0.07661 +0.01943 +0.01562
-0.11860 -0.07819 +0.01224 +0.14356 +0.03183 +0.08769
-0.02260 -0.08410 +0.01525 +0.10375 -0.04372 +0.04570
-0.00301 -0.08238 +0.03864 +0.12290 -0.01540 +0.09182
-0.00691 -0.08603 +0.04815 +0.10225 -0.00529 +0.08823
-0.01480 -0.08706 +0.06597 +0.08078 -0.01327 +0.08444
-0.00280 -0.09262 +0.07537 +0.04869 +0.00973 +0.09077
+0.04881 -0.01625 +0.14617 +0.06047 -0.06454 +0.15047
+0.10968 +0.07235 +0.10621 -0.00413 -0.00928 +0.06909
-0.04053 +0.05012 +0.07383 -0.03642 +0.05787 +0.04048
-0.03630 +0.04442 +0.05041 -0.04723 +0.09106 +0.03901
-0.03801 +0.04701 +0.06111 -0.06464 +0.07313 +0.03023
-0.03609 +0.06364 +0.01548 -0.00937 +0.01996 +0.02852
-0.03880 +0.07109 +0.04064 -0.01834 +0.03311 +0.04736
-0.04309 +0.05853 +0.02814 -0.04585 +0.04533 +0.02223
-0.03783 +0.06219 +0.01455 -0.05096 +0.04708 +0.02388
-0.03591 +0.07036 +0.04058 -0.00763 +0.03056 +0.02278
-0.03736 +0.06241 +0.02632 +0.00514 +0.05300 -0.00652
-0.04900 +0.06823 +0.01567 +0.00596 +0.02588 -0.01787
-0.04108 +0.06576 +0.04782 -0.02206 +0.04067 -0.01365
-0.05160 +0.06528 +0.03010 -0.03524 +0.02060 -0.02225
-0.03800 +0.06965 +0.03614 +0.00124 +0.00664 +0.00516
-0.04875 +0.06720 +0.01174 -0.00881 +0.03979 +0.00477
-0.03842 +0.06776 +0.03805 -0.02109 +0.02142 +0.01519
-0.05342 +0.06097 +0.02259 -0.05899 +0.01621 +0.00797
-0.03541 +0.07326 +0.05773 -0.02863 +0.03716 +0.06242
-0.03952 +0.06883 +0.04671 +0.01310 +0.02806 +0.00285
-0.04712 +0.09180 +0.00854 +0.05856 -0.08472 +0.06453
-0.05514 +0.06811 +0.03473 -0.00717 +0.02186 +0.03320
-0.05031 +0.07236 +0.03215 +0.00677 +0.00092 +0.05450
-0.05825 +0.07315 +0.08150 -0.01992 -0.00023 +0.04758
-0.04830 +0.07133 +0.04840 +0.00064 +0.00581 +0.04531
-0.05426 +0.06361 +0.00119 -0.03057 +0.01141 +0.00794
-0.11729 +0.00168 -0.03728 +0.04388 +0.03554 -0.00023
-0.14036 -0.05420 -0.01527 +0.08033 +0.05338 -0.05440
-0.03288 -0.04591 +0.02207 +0.02525 +0.01637 -0.03684
-0.02853 -0.05755 +0.05531 -0.02023 +0.02575 +0.00122
-0.03146 -0.06481 +0.09907 -0.04563 -0.01017 -0.01420
-0.01291 -0.05461 +0.02269 -0.03014 +0.01486 +0.01712
-0.02302 -0.06462 +0.04118 -0.01064 +0.02640 -0.01069
-0.01177 -0.06056 +0.05334 -0.02268 +0.02514 -0.02862
-0.02653 -0.06684 +0.03137 -0.02996 +0.00671 -0.00714
-0.00644 -0.06431 +0.04737 -0.01098 +0.00042 +0.00748
-0.02607 -0.06944 +0.05183 -0.02263 +0.00070 -0.02360
-0.01927 -0.06764 +0.05818 -0.03911 +0.01841 +0.00524
-0.02095 -0.07392 +0.08973 -0.05800 +0.02458 -0.00720
-0.02027 -0.07308 +0.09036 -0.07869 +0.00139 +0.03486
-0.01945 -0.07589 +0.07197 -0.06666 -0.00135 +0.00653
-0.01086 -0.07548 +0.10371 -0.00935 +0.01801 +0.00350
-0.01448 -0.08388 +0.05006 -0.01915 +0.03125 -0.03819
-0.01000 -0.07722 +0.06524 -0.02507 +0.02757 -0.00732
+0.09063 +0.00578 +0.18464 +0.06336 -0.07372 +0.02565
+0.02850 +0.05852 +0.04568 +0.00700 -0.02257 -0.01218
-0.03596 +0.04365 +0.03008 -0.00159 +0.02524 -0.07695
-0.05540 +0.04528 +0.01260 -0.00267 +0.01294 -0.08816
-0.04391 +0.05256 +0.07941 -0.02370 +0.00589 +0.00347
-0.04862 +0.04568 +0.06482 -0.04384 +0.02337 -0.01870
-0.04171 +0.05392 +0.04343 +0.01424 +0.01191 -0.02532
-0.04979 +0.04635 +0.04200 +0.00027 -0.00515 -0.05698
-0.05580 +0.05035 +0.06483 -0.03917 -0.02747 -0.02893
-0.04695 +0.04910 +0.02119 -0.00410 -0.00700 -0.02680
-0.05256 +0.04480 +0.05982 -0.04701 -0.01966 -0.03610
-0.04703 +0.03011 +0.04139 -0.00124 +0.01922 -0.08037
-0.04785 +0.04318 +0.04693 -0.03078 -0.00828 -0.06886
-0.05514 +0.04207 +0.00508 -0.02639 +0.00441 -0.04088
-0.04291 +0.03661 +0.03059 -0.05149 +0.00252 -0.03494
-0.05061 +0.03130 +0.02475 -0.02834 +0.04384 +0.02775
-0.02512 +0.09588 +0.02160 +0.09135 -0.10221 +0.02553
-0.06626 +0.06931 +0.03442 -0.02446 +0.00773 -0.00524
-0.05275 +0.06672 +0.02488 -0.03798 -0.00268 -0.00692
-0.06243 +0.06462 +0.05964 -0.05604 -0.01272 +0.01564
-0.05027 +0.06866 +0.03071 +0.01953 -0.02385 -0.02240
-0.06181 +0.06487 +0.03297 -0.01710 -0.02554 -0.01403
-0.06632 +0.06827 +0.01800 -0.00254 -0.07769 -0.01220
-0.04777 +0.11350 +0.02649 +0.02569 -0.09078 -0.00835
-0.07314 +0.09897 +0.03304 -0.01148 -0.04358 +0.01215
-0.06294 +0.09793 +0.02935 +0.03611 -0.03898 +0.02949
-0.06723 +0.09275 +0.00530 -0.01052 -0.01738 +0.00368
-0.14157 +0.01369 -0.03946 +0.00015 +0.01507 -0.00630
-0.15828 -0.08094 -0.00394 +0.00806 +0.06369 -0.00744
-0.03215 -0.07214 +0.01163 -0.01375 -0.00711 -0.04781
-0.01262 -0.07586 +0.04275 -0.04348 -0.01313 -0.00865
-0.02270 -0.06659 +0.05344 -0.03872 +0.00556 +0.02776
-0.01691 -0.07414 +0.05779 -0.03630 -0.00039 +0.01010
+0.13155 +0.08043 +0.13059 +0.05318 -0.14775 -0.04177
-0.03567 +0.06758 +0.05331 -0.00611 -0.02577 -0.06312
-0.06516 +0.06066 +0.01665 -0.03621 -0.00626 -0.05472
-0.05523 +0.06145 +0.02873 -0.02890 -0.00684 -0.04098
-0.05934 +0.05723 +0.02310 -0.02846 +0.02757 -0.00720
-0.05906 +0.05902 +0.04014 -0.04405 +0.00747 -0.03148
-0.05052 +0.05858 +0.03443 -0.04237 +0.01339 -0.00278
-0.06181 +0.06164 +0.05842 -0.02202 +0.01007 -0.00003
-0.06073 +0.06216 +0.06762 -0.02279 +0.00984 -0.03155
-0.04905 +0.05900 +0.03237 +0.00238 +0.00198 -0.05758
-0.05623 +0.05246 +0.03218 -0.01545 +0.01098 -0.07674
-0.05417 +0.05386 +0.03490 -0.02966 +0.01990 -0.04210
-0.05063 +0.05700 +0.03615 -0.01695 +0.02230 -0.03234
-0.05324 +0.05411 +0.07649 -0.02705 +0.01110 -0.04460
-0.05321 +0.05199 +0.01448 -0.01978 +0.01133 -0.06617
-0.04159 +0.04924 +0.02796 -0.02984 +0.00291 -0.06756
-0.05948 +0.05136 +0.06948 -0.01232 +0.03985 -0.04170
-0.05633 +0.04717 +0.03763 -0.00994 +0.01901 -0.06990
-0.04809 +0.05840 +0.05872 +0.00776 -0.01421 -0.06294
-0.20384 -0.05008 +0.01156 +0.05220 +0.07335 -0.04716
-0.08265 -0.06722 +0.01647 +0.04873 +0.09112 -0.12895
-0.02765 -0.05733 +0.05043 +0.03340 -0.02780 -0.13827
-0.01681 -0.06954 +0.09333 +0.07804 -0.00111 -0.10861
-0.08928 -0.08950 +0.07540 -0.05502 -0.02935 -0.05195
-0.00770 -0.08266 +0.02034 -0.03195 -0.03327 -0.09467
-0.04514 -0.08926 +0.07132 -0.08401 -0.06856 -0.05039
-0.01851 -0.08211 -0.02393 -0.10649 -0.07228 -0.03382
+0.15426 +0.05024 +0.01771 -0.13978 -0.04376 -0.09832
+0.00049 +0.03340 -0.01290 -0.06270 -0.05431 +0.03378
-0.04127 +0.04691 +0.03203 -0.02303 -0.06750 -0.06861
-0.06267 +0.07409 -0.02697 -0.02376 -0.12662 -0.00728
-0.05969 +0.07391 -0.05571 -0.00284 -0.02874 -0.03329
-0.08057 +0.05130 +0.08805 -0.08497 -0.09155 -0.02461
-0.06567 +0.06707 -0.04207 +0.01406 -0.14283 +0.04703
-0.08993 +0.05626 -0.03791 -0.02499 -0.09716 +0.00734
-0.08662 +0.05520 +0.00569 -0.07438 -0.11549 +0.00293
