  342.01737 
  341.99681 
  341.77641 
  341.18318 
  340.50905 
  340.83090 
  335.13237 
  337.47766 
  337.99307 
  338.55247 
  338.74225 
  338.69211 
  338.38557 
  338.29104 
  343.45410 
  341.54213 
  341.30512 
  340.77273 
  341.21486 
  341.08638 
  341.36192 
  341.37587 
  341.12223 
  341.04202 
  340.97976 
  341.45366 
  337.61267 
  336.21759 
  337.54884 
  337.75633 
  337.54900 
  340.51311 
  342.39970 
  341.10779 
  341.22514 
  341.09193 
  341.12864 
  341.03497 
  341.52786 
  340.65917 
  341.38305 
  336.94664 
  335.82413 
  336.84076 
  337.13224 
  336.85214 
  336.78214 
  340.31591 
  342.36927 
  341.53833 
  341.14601 
  342.09253 
  341.40365 
  341.41071 
  341.75717 
  338.06065 
  336.00549 
  337.35543 
  337.72214 
  337.56324 
  338.10856 
  337.76888 
  337.58828 
  344.14973 
  341.38979 
  341.06420 
  341.19647 
  341.35409 
  333.61209 
  336.84357 
  336.33063 
  337.04814 
  336.67877 
  336.49982 
  337.00134 
  337.22399 
  336.78432 
  336.46595 
  336.96785 
  336.61122 
  340.47261 
  343.07660 
  341.67686 
  341.68666 
  341.42131 
  341.68918 
  341.56861 
  341.87191 
  341.58648 
  334.16542 
  337.19728 
  337.36493 
  337.82986 
  340.64007 
  342.90534 
  341.80098 
  341.63854 
  341.85974 
  341.40218 
  341.60940 
  340.40847 
  334.43559 
  336.89049 
  336.31767 
  336.55295 
  336.79233 
  343.44692 
  342.10407 
  341.82101 
  341.28167 
  342.00555 
  340.98555 
  341.82287 
  341.80221 
  341.95035 
  334.13405 
  336.51242 
  336.65757 
  337.10192 
  337.24382 
  340.70240 
  343.32988 
  341.96116 
  334.36423 
  337.38629 
  337.12566 
  337.14012 
  337.73374 
  337.64917 
  344.44523 
  342.05790 
  341.59120 
  342.10225 
  342.05482 
  341.90371 
  338.35544 
  335.23669 
  337.65602 
  337.39019 
  337.55947 
  337.72337 
  338.32116 
  344.44942 
  341.94914 
  341.94383 
  341.73321 
  342.21470 
  333.85717 
  336.87547 
  336.21435 
  336.61949 
  336.99020 
  336.71225 
  337.67315 
  336.96898 
  337.00424 
  337.47674 
  341.43264 
  343.95075 
  342.03159 
  341.07835 
  341.53219 
  341.13888 
  341.14246 
  341.06799 
  341.39643 
  340.88926 
  341.01041 
  341.15892 
  341.01942 
  340.80450 
  341.80156 
  340.98704 
  341.28605 
  340.81763 
  340.99407 
  341.07068 
  340.83993 
  340.75491 
  330.15122 
  337.26344 
  337.34204 
  337.98460 
  337.48500 
  338.61450 
  344.31980 
  342.48278 
  341.69659 
  342.35006 
  337.97462 
  335.79930 
  337.79111 
  337.29850 
  337.91498 
  337.77183 
  341.46174 
  343.85302 
  343.03062 
  342.63732 
  342.17310 
  342.16961 
  341.41379 
  334.95708 
  336.90696 
  337.38955 
  337.76250 
  337.78787 
  338.64832 
  339.91744 
  344.69897 
  342.61921 
  341.89092 
  341.13412 
  341.77970 
  342.29931 
  336.69242 
  335.55564 
  336.79100 
  336.74594 
  336.79815 
  337.37358 
  336.75632 
  337.34111 
  336.91908 
  337.03578 
  341.38369 
  344.65436 
  343.06250 
  342.35558 
  342.66505 
  334.25856 
  339.01407 
  338.27628 
  337.77986 
  338.06271 
  337.83085 
  337.93324 
  337.62600 
  338.69936 
  338.51839 
  338.61540 
  338.78994 
  344.81344 
  342.92388 
  342.02989 
  339.07682 
  333.78794 
  337.25829 
  337.80326 
  337.16875 
  337.56998 
  337.57387 
  337.69301 
  338.14492 
  338.49133 
  339.18457 
  339.00585 
  338.07395 
  337.85711 
  337.85002 
  337.86033 
  342.15410 
  344.06071 
  343.20002 
  342.91865 
  342.73765 
  333.82787 
  338.17510 
  337.99071 
  337.64770 
  338.08592 
  338.36206 
  338.90060 
  338.71798 
  338.14420 
  338.47555 
  338.34231 
  338.17414 
  338.28532 
  338.33002 
