-0.10851 -0.05078 -0.08722 -0.05725 +0.00326 -0.07036
-0.10300 -0.05362 -0.07981 -0.08430 +0.09627 -0.11743
-0.10932 -0.05857 -0.09028 -0.02028 +0.00391 -0.06173
-0.11526 -0.04192 -0.07225 -0.05748 -0.02669 -0.03755
-0.12262 -0.03961 -0.06446 +0.02254 -0.07323 +0.00858
-0.11178 -0.04173 -0.05331 -0.00524 -0.05450 -0.00672
-0.17200 +0.14571 -0.06834 -0.08472 +0.03514 -0.02780
-0.03268 -0.02578 -0.06418 -0.08626 -0.05751 -0.07380
-0.02884 -0.03659 -0.06686 -0.13867 -0.00527 -0.05921
-0.03356 -0.04250 -0.05965 -0.15138 -0.02609 -0.05092
-0.04237 -0.03854 -0.06342 -0.10461 -0.01948 -0.04457
-0.03927 -0.04152 -0.05563 -0.08982 -0.04195 -0.04269
-0.04241 -0.03936 -0.06026 -0.10601 -0.03492 -0.01419
-0.04381 -0.04061 -0.06464 -0.05559 -0.04633 -0.03792
-0.00669 -0.15441 -0.06443 +0.02006 -0.02812 +0.01805
-0.07994 -0.07294 -0.07108 +0.03440 -0.03650 +0.02137
-0.08930 -0.05801 -0.06138 +0.05269 -0.05208 +0.02503
-0.08801 -0.05653 -0.04429 +0.05372 -0.03563 +0.03466
-0.08903 -0.05760 -0.02662 +0.07328 -0.05145 +0.02930
-0.09356 -0.05077 -0.03986 +0.08338 -0.06045 +0.08151
-0.08907 -0.05028 -0.03022 +0.02180 -0.03833 +0.03790
-0.09353 -0.05750 -0.02993 +0.12663 -0.08010 +0.03599
-0.08812 -0.04720 -0.00958 +0.00951 -0.03446 +0.06828
-0.08359 -0.05007 -0.00002 -0.06416 -0.02915 +0.08893
-0.08182 -0.04960 +0.01191 -0.07615 -0.00610 +0.03167
-0.07817 -0.05117 +0.01620 -0.05860 -0.06419 +0.09084
-0.12570 +0.04658 -0.02978 +0.12542 -0.08358 -0.00233
-0.08693 +0.06158 -0.05429 -0.12192 -0.08349 -0.09233
-0.02067 -0.02351 -0.05811 -0.11023 -0.09844 -0.06526
-0.02491 -0.02108 -0.04866 -0.10801 -0.06165 -0.07597
-0.02315 -0.02346 -0.05404 -0.07281 -0.11684 -0.01196
+0.00133 -0.09369 -0.05962 -0.10915 -0.05655 +0.00575
-0.02898 -0.10934 -0.04552 +0.04114 -0.06706 -0.03271
-0.06762 -0.05039 -0.00763 -0.13005 -0.01956 +0.02493
-0.07739 -0.04915 -0.00940 -0.02325 -0.01685 +0.01081
-0.07552 -0.05307 -0.00399 -0.01290 -0.03631 +0.01863
-0.07274 -0.05483 -0.01635 -0.02850 +0.02547 -0.02072
-0.08164 -0.04272 -0.01386 -0.00744 -0.05011 +0.00425
-0.06987 -0.05551 -0.01137 -0.03750 -0.03875 +0.03643
-0.07646 -0.04254 +0.00649 -0.06726 -0.01132 -0.01795
-0.06470 -0.06321 +0.00790 -0.00520 -0.04320 -0.00076
-0.11152 +0.03918 -0.04809 +0.17074 -0.08241 -0.03925
-0.07838 +0.06690 -0.07205 +0.00034 -0.09758 -0.06053
-0.01887 -0.01816 -0.08490 +0.02489 -0.06177 -0.09873
-0.01908 -0.01973 -0.08701 +0.02407 -0.05652 -0.06869
-0.02749 -0.00812 -0.06856 +0.00636 -0.09435 -0.02857
-0.01601 -0.01557 -0.05828 -0.01840 -0.07018 -0.03121
+0.00561 -0.08636 -0.05485 -0.07850 -0.02864 -0.01301
-0.01643 -0.12224 -0.02391 +0.10170 -0.01465 -0.00506
-0.06163 -0.05538 +0.00080 -0.00547 +0.01273 +0.02088
-0.07413 -0.04214 +0.01043 -0.05150 +0.03665 -0.01896
-0.06502 -0.04707 +0.00525 -0.06650 +0.08990 -0.01806
-0.07101 -0.05044 +0.01601 +0.03182 +0.05400 -0.03539
-0.07511 -0.03839 +0.01509 +0.01826 +0.02211 +0.01114
-0.06190 -0.04499 +0.01283 -0.05586 -0.01572 +0.05255
-0.09166 +0.00180 -0.02201 -0.05445 +0.11881 +0.10002
-0.10517 +0.11115 -0.02482 -0.02941 -0.11534 -0.02116
-0.01504 -0.00434 -0.03250 -0.03892 -0.08788 -0.05295
-0.00616 -0.01102 -0.02883 -0.05652 -0.06214 -0.01422
-0.02454 +0.00400 -0.02765 -0.03800 -0.05777 -0.04736
-0.00816 -0.01738 -0.02522 -0.04380 -0.06141 +0.01778
-0.01480 -0.00940 -0.01611 +0.02917 -0.04406 -0.00633
-0.01461 -0.01000 -0.01661 +0.00307 -0.02864 +0.02120
+0.03302 -0.16085 -0.00518 +0.01753 +0.01769 +0.00192
-0.05597 -0.04579 +0.02069 +0.02114 +0.05486 +0.05575
-0.06133 -0.03955 +0.03660 -0.02826 +0.05614 +0.03396
-0.06018 -0.03694 +0.03128 -0.02657 +0.05117 +0.02430
-0.06659 -0.04262 +0.02480 +0.05815 +0.02439 +0.03205
-0.13278 +0.14035 -0.05749 +0.02666 +0.06773 +0.00476
-0.01753 +0.00462 -0.05324 +0.01534 -0.06691 +0.02725
-0.00745 +0.00111 -0.02919 -0.03955 -0.00867 +0.00124
-0.00800 -0.00476 -0.01896 +0.00268 -0.04147 +0.04320
-0.00803 -0.00077 -0.01354 -0.00279 -0.03921 -0.05531
-0.01048 +0.00368 -0.01592 -0.00400 -0.05881 +0.01889
-0.01012 -0.00456 -0.01756 +0.04625 -0.10210 -0.00569
-0.01096 +0.00169 -0.01180 +0.03539 -0.02621 -0.04342
-0.00855 -0.00026 -0.01562 -0.02609 +0.00653 -0.06299
-0.01341 -0.00043 -0.02200 -0.03788 -0.03137 -0.01663
-0.00517 -0.00814 -0.01925 +0.04233 -0.02371 +0.01906
-0.01069 +0.00364 -0.01739 +0.00501 +0.04237 -0.04706
+0.01781 -0.07696 -0.01723 -0.07134 +0.04562 -0.02334
-0.00547 -0.10564 +0.01935 +0.01041 +0.04085 -0.01339
-0.05658 -0.04235 +0.03177 -0.01387 +0.03422 -0.01408
-0.05114 -0.05071 +0.02318 -0.05317 +0.05729 +0.00101
-0.06588 -0.03691 +0.01966 +0.00421 +0.02909 -0.02361
-0.06236 -0.04160 +0.02849 -0.04053 +0.06338 -0.04266
-0.05972 -0.03659 +0.03154 -0.07882 +0.07666 -0.02510
-0.05751 -0.03890 +0.02773 -0.04390 +0.09705 -0.04137
-0.06496 -0.03762 +0.01925 +0.06775 +0.02733 -0.01479
-0.12657 +0.11280 -0.06129 +0.04540 +0.06562 -0.02579
-0.03091 +0.01338 -0.03334 -0.01604 -0.04711 -0.01897
-0.00764 -0.00965 -0.02172 -0.06420 -0.03008 -0.05460
-0.01125 -0.01523 -0.01327 -0.01611 -0.03407 -0.02865
+0.00306 -0.07459 -0.02025 +0.15005 -0.05107 +0.02207
+0.00642 -0.13465 -0.02954 +0.07087 +0.05372 +0.00023
-0.05611 -0.05047 -0.00233 +0.07638 +0.08418 -0.02650
-0.06428 -0.03998 +0.01335 -0.01484 +0.08698 +0.02677
-0.05489 -0.04504 +0.01263 -0.04287 +0.07938 +0.05020
-0.06351 -0.03614 +0.02751 +0.06613 +0.08174 +0.03554
-0.05364 -0.03532 +0.05187 -0.04747 +0.10237 +0.02821
-0.06804 -0.03181 +0.01931 -0.03904 +0.11801 +0.07161
-0.13267 +0.16257 -0.04843 -0.04003 -0.00096 -0.02847
-0.00009 -0.00900 -0.03171 +0.04925 -0.01987 -0.02312
-0.01439 +0.00263 -0.04371 +0.04501 -0.03771 +0.00195
-0.00005 +0.00337 -0.02744 -0.06318 -0.00278 -0.00523
-0.00541 +0.00801 -0.02361 -0.04496 -0.00040 +0.02983
+0.03539 -0.14944 -0.02673 +0.10100 +0.05232 -0.03073
-0.03025 -0.09166 -0.03008 +0.04473 +0.13384 -0.09060
-0.05429 -0.05261 +0.00203 +0.03323 +0.08817 -0.05008
-0.05947 -0.04289 +0.00686 +0.03258 +0.08789 +0.06899
-0.05883 -0.04794 +0.00869 +0.06083 +0.07004 +0.03926
-0.05800 -0.04600 +0.01468 +0.06558 +0.08090 +0.03497
-0.05777 -0.04845 +0.00426 +0.05317 +0.08765 +0.03467
-0.05900 -0.04711 +0.01298 +0.05589 +0.03963 +0.03878
-0.05756 -0.05300 -0.00849 +0.08350 +0.03777 +0.05844
-0.12250 +0.09579 -0.05484 +0.10511 +0.11417 -0.01734
-0.03651 +0.04414 -0.03254 +0.02261 -0.03883 -0.00836
-0.00017 -0.00501 -0.03488 +0.03622 -0.00942 -0.03945
-0.00133 -0.00433 -0.05568 +0.04987 +0.02928 -0.04652
-0.00706 -0.00335 -0.03802 +0.04706 -0.03543 -0.03879
+0.03191 -0.07912 -0.02746 -0.01411 +0.02820 -0.00236
-0.01111 -0.11435 -0.03850 +0.05081 +0.06496 -0.11594
-0.05184 -0.05312 -0.00881 +0.05901 +0.06239 -0.02228
-0.12153 +0.15225 -0.07371 +0.08793 +0.01174 -0.09500
+0.00038 -0.00382 -0.04157 +0.08344 -0.01293 -0.08991
-0.00850 +0.00770 -0.05434 +0.03257 -0.03829 -0.02258
-0.00759 +0.00180 -0.05161 +0.03551 -0.06588 -0.05182
-0.00426 +0.00086 -0.05094 -0.02192 -0.01923 +0.01519
-0.00874 +0.01062 -0.03278 -0.03504 -0.05792 +0.07211
+0.03917 -0.15614 -0.02262 -0.00501 +0.02649 +0.00278
-0.04332 -0.05418 -0.00023 -0.04060 +0.01998 +0.03260
-0.05188 -0.04913 +0.00334 +0.05257 +0.01465 +0.07970
-0.06359 -0.05013 -0.03374 +0.13785 +0.00466 -0.03262
-0.05609 -0.04735 -0.01452 +0.06309 +0.01094 +0.03535
-0.06223 -0.04935 -0.01665 +0.09638 +0.00284 -0.02139
-0.06901 -0.01110 -0.02596 -0.03700 +0.19871 -0.01417
-0.10504 +0.12866 -0.01667 +0.05162 -0.01111 -0.00534
-0.00228 +0.00397 -0.02408 -0.04860 -0.08307 +0.02309
-0.00094 +0.00189 -0.01752 -0.02498 -0.03181 -0.01123
-0.00197 +0.00177 -0.02307 -0.03889 -0.08073 +0.01622
+0.00000 +0.00000 +0.00000 +0.00000 +0.00000 +0.00000
-0.00472 -0.00131 -0.01410 +0.04949 -0.04262 +0.03009
+0.04785 -0.16084 -0.01221 -0.03128 +0.05027 -0.01000
-0.03584 -0.04642 +0.03330 +0.08106 +0.08077 +0.03912
-0.05195 -0.03960 +0.02047 +0.02313 +0.02304 +0.05655
-0.05214 -0.03876 +0.00128 +0.02825 +0.08591 +0.01251
-0.03929 -0.05292 +0.01397 +0.09006 +0.04598 +0.07060
-0.12745 +0.17359 -0.06261 -0.04669 +0.04090 -0.04545
+0.00335 -0.00089 -0.05335 +0.04867 -0.02236 -0.01491
+0.00582 +0.00839 -0.04625 +0.01229 +0.01596 +0.00211
+0.00280 -0.00054 -0.04987 +0.07519 -0.06819 +0.02906
-0.00705 +0.00818 -0.04773 -0.01374 -0.04092 +0.02284
-0.00257 +0.00499 -0.04841 -0.02550 -0.05958 +0.02526
-0.00131 -0.00685 -0.06193 -0.00050 -0.03070 -0.00930
-0.00622 -0.00053 -0.05635 +0.01330 -0.02699 -0.02888
+0.00703 -0.00169 -0.03601 -0.00454 +0.01722 -0.00342
-0.00437 +0.00394 -0.04443 -0.01644 -0.04697 +0.00639
+0.02588 -0.08116 -0.05713 -0.07133 -0.00374 -0.11546
+0.01688 -0.16577 +0.06402 -0.05584 -0.02687 -0.20349
-0.07968 -0.04751 +0.11258 +0.01032 -0.03792 -0.13971
-0.09438 -0.02141 +0.12342 -0.02958 -0.02872 -0.01737
-0.10554 -0.02511 +0.11202 -0.06648 -0.06866 -0.12484
-0.10678 -0.03587 +0.11012 +0.04354 -0.09640 -0.06281
-0.10550 -0.03776 +0.11356 +0.05802 -0.06364 -0.09977
-0.10530 -0.03369 +0.10458 +0.02577 -0.06719 -0.08498
-0.10276 -0.03649 +0.10896 -0.08734 -0.05698 -0.04574
-0.10801 -0.02884 +0.12560 -0.01702 -0.05031 -0.04787
-0.10562 -0.03797 +0.10865 +0.01957 -0.07105 -0.02245
-0.10610 -0.03740 +0.12469 +0.04244 -0.05688 -0.02566
-0.11036 -0.03335 +0.13089 -0.03898 -0.05718 -0.00564
-0.11357 -0.04198 +0.10083 +0.04477 -0.05131 -0.04891
-0.10815 -0.04298 +0.10361 -0.07214 -0.06859 -0.01146
-0.11251 -0.03402 +0.10694 -0.08813 -0.02274 +0.00761
-0.10126 -0.03290 +0.14942 -0.00919 -0.02794 +0.04870
-0.10690 -0.02500 +0.15465 -0.00654 -0.06472 +0.11450
-0.10452 -0.03419 +0.12973 -0.05324 -0.06644 +0.09368
-0.10884 -0.02598 +0.14733 -0.08163 -0.05765 +0.03761
-0.10599 -0.02830 +0.13966 -0.04458 -0.03513 +0.08387
-0.10136 -0.02740 +0.14471 -0.07120 -0.04087 +0.07819
-0.18461 +0.21634 -0.07353 +0.01968 +0.15101 +0.02612
-0.01572 -0.00445 -0.08227 -0.00452 -0.03458 -0.04281
+0.00173 -0.01748 -0.06875 +0.02801 -0.00694 +0.01942
-0.00517 -0.02047 -0.09682 -0.02000 -0.01671 -0.04758
-0.00525 -0.02263 -0.07789 -0.00649 -0.01608 -0.00248
-0.01079 -0.04122 -0.08685 +0.10246 -0.02697 +0.00298
+0.04117 -0.16053 -0.04035 +0.04224 +0.05632 +0.00373
-0.04364 -0.05097 -0.01487 -0.01139 +0.03643 +0.04557
-0.06415 -0.04762 -0.02755 +0.09321 +0.00290 +0.01589
-0.05728 -0.04837 -0.01522 +0.04636 +0.01186 +0.02281
-0.06539 -0.01384 -0.03868 -0.01681 +0.24402 +0.08214
-0.10221 +0.10942 -0.06800 +0.00021 +0.06740 -0.00744
-0.00205 -0.01089 -0.06928 -0.04979 +0.03885 +0.03952
-0.00987 -0.00585 -0.07804 +0.02777 +0.00778 +0.02116
-0.00277 -0.01627 -0.05910 +0.03550 -0.00980 +0.02301
-0.00913 -0.01389 -0.07808 +0.02790 -0.00794 +0.02073
+0.01458 -0.07083 -0.05874 +0.02717 +0.01173 +0.04367
+0.01381 -0.12675 -0.03658 -0.03080 +0.14428 -0.14646
-0.04701 -0.06087 -0.03620 +0.02699 +0.05416 -0.09290
-0.06173 -0.05231 -0.03098 +0.07900 +0.04734 -0.10451
-0.06050 -0.05462 -0.02775 +0.07315 +0.00995 -0.07202
-0.05622 -0.03983 +0.02017 +0.06967 +0.04232 +0.02678
-0.05818 -0.03527 +0.03617 -0.01955 +0.01560 +0.04169
-0.11759 +0.09328 -0.06089 +0.12739 +0.01496 -0.02423
-0.04646 +0.05119 -0.06199 -0.02054 -0.02144 -0.05698
+0.00174 -0.00831 -0.06562 -0.08555 -0.04567 -0.01492
-0.00992 -0.00640 -0.07666 -0.00566 -0.00737 -0.07984
-0.00337 -0.01002 -0.06649 -0.02893 -0.00284 -0.02176
+0.00474 -0.01801 -0.04241 -0.02210 -0.06093 +0.00449
-0.00619 -0.03530 -0.05571 +0.08978 -0.05864 +0.01329
+0.04454 -0.13879 -0.03497 -0.08214 +0.06211 -0.01636
-0.04387 -0.04717 -0.00157 +0.01777 -0.02232 +0.03305
-0.04693 -0.03986 +0.00099 -0.02878 +0.04314 -0.00418
-0.05644 -0.03209 +0.02034 +0.01569 +0.05106 -0.03461
-0.05582 -0.04200 +0.02037 -0.04052 -0.05242 +0.05315
-0.05098 -0.02427 +0.02228 -0.04257 +0.12031 -0.01321
-0.08022 +0.04914 -0.04591 +0.19094 +0.05164 -0.00838
-0.08134 +0.09852 -0.12685 +0.00558 +0.00325 -0.01104
+0.01141 -0.00722 -0.11153 +0.04467 +0.07006 -0.01087
+0.00848 -0.01008 -0.10402 +0.06058 -0.01419 +0.03751
+0.00953 -0.00822 -0.09338 +0.03244 +0.02291 +0.02081
-0.00124 -0.01250 -0.11560 +0.08958 +0.00517 +0.02287
+0.00259 -0.00551 -0.10635 +0.01989 +0.00128 +0.01340
+0.00635 -0.01363 -0.09076 +0.07283 -0.01061 +0.03979
-0.00381 -0.00741 -0.09792 +0.00879 +0.02182 +0.00609
+0.00745 -0.01274 -0.09183 +0.08716 +0.00378 +0.06869
+0.02515 -0.07732 -0.09033 -0.10007 +0.08678 -0.02402
+0.02057 -0.13309 -0.02715 +0.08999 +0.03378 +0.07367
-0.05752 -0.05037 -0.00641 +0.06328 -0.03941 +0.04871
-0.04769 -0.04863 +0.01949 +0.14192 -0.03803 +0.14864
-0.05716 -0.03657 +0.01783 +0.05109 -0.05183 +0.15712
-0.12777 +0.16263 -0.05655 -0.06116 -0.05719 -0.02371
+0.00047 -0.00905 -0.01631 +0.02513 -0.06242 +0.04043
-0.00723 -0.00937 -0.03576 -0.00244 +0.01483 +0.06753
-0.01839 +0.00104 -0.05721 +0.01300 -0.06733 -0.01333
-0.00842 -0.01057 -0.06197 +0.03418 -0.05291 -0.05706
-0.01736 -0.00467 -0.07188 +0.00490 -0.03966 -0.02792
-0.01468 -0.00189 -0.07187 +0.04201 -0.06750 -0.02903
-0.00871 -0.01692 -0.06548 +0.07401 -0.09003 -0.01217
-0.01075 -0.02187 -0.07109 +0.01994 -0.04420 -0.12359
-0.01350 -0.01717 -0.07166 -0.00801 -0.06884 -0.03183
-0.00441 -0.01654 -0.04569 -0.00032 -0.01860 -0.04760
-0.00861 -0.02800 -0.06095 +0.10999 -0.04005 -0.03280
+0.03437 -0.15431 -0.07958 -0.01083 -0.00997 -0.21969
-0.05358 -0.07020 -0.02988 +0.04769 -0.04080 -0.10292
-0.07485 -0.04305 -0.00471 -0.00371 -0.00475 -0.08326
-0.07863 -0.01625 -0.03231 -0.00889 +0.05450 -0.13098
-0.14334 +0.16207 -0.09934 -0.14916 +0.10011 +0.05181
+0.00453 -0.03543 -0.12444 -0.01161 +0.00627 +0.02178
+0.00647 -0.03830 -0.11667 +0.00251 -0.00444 +0.07069
-0.00505 -0.01910 -0.10011 -0.02177 +0.02746 +0.00384
+0.00972 -0.02100 -0.08652 -0.08207 +0.01934 +0.04858
-0.00522 -0.02369 -0.08747 -0.01977 -0.00668 -0.00687
-0.00270 -0.02613 -0.09601 -0.10395 +0.02797 +0.00424
-0.00268 -0.02399 -0.08270 -0.04344 +0.00399 +0.04166
+0.00256 -0.02668 -0.06278 -0.10930 +0.03619 +0.04639
+0.01289 -0.05171 +0.00521 +0.02363 -0.30207 +0.03213
-0.02186 -0.02022 -0.10106 -0.13195 -0.01871 +0.04953
-0.00233 -0.03895 -0.09125 -0.06106 +0.01862 +0.01566
-0.00426 -0.03800 -0.08155 -0.07353 +0.02216 +0.04484
-0.00370 -0.03512 -0.08542 -0.06111 -0.01148 +0.05636
-0.00539 -0.03557 -0.09423 -0.04534 -0.05345 +0.09680
+0.01812 -0.09477 -0.05851 -0.08911 +0.04927 +0.01587
+0.00200 -0.11476 -0.03941 -0.06800 +0.05520 +0.05251
-0.03509 -0.07070 -0.01828 -0.08770 +0.07070 +0.10433
-0.05084 -0.05918 -0.04494 +0.00950 -0.02086 +0.07885
-0.05083 -0.06128 -0.01310 -0.03992 +0.01666 +0.08506
-0.10180 +0.08409 -0.06848 -0.05637 +0.13760 +0.09748
-0.01609 +0.00296 -0.03212 -0.03680 -0.04849 +0.11875
-0.01105 -0.02223 -0.05565 -0.04713 -0.05935 +0.12813
-0.00643 -0.02299 -0.05372 -0.01662 -0.07650 +0.15724
-0.00449 -0.02081 -0.04650 +0.02819 -0.07850 +0.10006
+0.00618 -0.02276 -0.04161 -0.03645 +0.01285 +0.11166
-0.00509 -0.02943 -0.05360 -0.01513 -0.04486 +0.09659
-0.00827 -0.01376 -0.04753 -0.06665 -0.04826 +0.14457
-0.00594 -0.01828 -0.04168 -0.01167 +0.00707 +0.12406
-0.00098 -0.02440 -0.06254 +0.00564 -0.01372 +0.12400
-0.01244 -0.01418 -0.07616 -0.02930 -0.02540 +0.14525
-0.00973 -0.01804 -0.06013 -0.03706 -0.02937 +0.11086
-0.00308 -0.01788 -0.05223 -0.03252 -0.06445 +0.17736
-0.00187 -0.01723 -0.03058 -0.00528 -0.06050 +0.13570
