  352.89397 
  351.90931 
  352.07819 
  351.24045 
  349.12298 
  340.90888 
  341.67742 
  340.68786 
  340.87968 
  340.90551 
  341.08584 
  340.88247 
  341.03240 
  341.33323 
  341.66727 
  341.50170 
  341.56327 
  341.55020 
  341.12507 
  341.25441 
  340.44221 
  340.98995 
  339.69671 
  339.94536 
  339.74256 
  339.36491 
  339.03829 
  339.60136 
  338.86375 
  339.69514 
  339.57160 
  354.33515 
  351.90381 
  352.24282 
  351.28221 
  352.16544 
  351.41958 
  351.60405 
  351.38850 
  348.38443 
  341.67626 
  342.00323 
  341.63811 
  341.99923 
  341.57893 
  341.10939 
  341.31721 
  341.00226 
  342.20139 
  354.89184 
  352.09047 
  352.24908 
  350.96422 
  351.72460 
  349.51952 
  337.93190 
  352.44851 
  350.75813 
  351.09912 
  351.40483 
  351.64275 
  351.60739 
  342.61157 
  342.42926 
  342.49168 
  342.34003 
  341.81679 
  342.37091 
  341.64270 
  342.28192 
  342.32724 
  341.95208 
  342.02133 
  342.29230 
  341.97494 
  341.85885 
  341.21207 
  341.89383 
  341.57963 
  341.46295 
  341.87465 
  341.37035 
  341.61433 
  347.31346 
  351.51544 
  351.42740 
  351.03093 
  351.30086 
  350.70388 
  350.75293 
  348.28458 
  343.64326 
  343.68664 
  342.70155 
  343.78682 
  342.53605 
  343.36826 
  342.62185 
  342.75619 
  342.54136 
  341.54907 
  342.33710 
  341.94357 
  343.02740 
  354.75066 
  351.89482 
  351.52624 
  350.98764 
  351.58407 
  351.47567 
  351.15226 
  350.98171 
  351.10170 
  346.77533 
  341.40350 
  342.59964 
  342.00523 
  342.10090 
  341.57365 
  341.82347 
  341.73326 
  341.69118 
  341.36025 
  340.70855 
  341.41922 
  347.57201 
  353.66286 
  351.51493 
  351.69637 
  352.15215 
  351.61796 
  352.08650 
  343.90827 
  342.29257 
  342.08792 
  341.62771 
  342.26334 
  341.64562 
  341.64180 
  341.65634 
  341.39971 
  341.50142 
  341.54787 
  342.02184 
  341.41696 
  340.61530 
  340.96103 
  340.27101 
  341.33367 
  340.98267 
  340.70681 
  340.30975 
  340.15244 
  346.65719 
  354.05938 
  353.16230 
  352.19804 
  351.82407 
  347.11094 
  342.15478 
  341.85982 
  343.00411 
  341.23437 
  341.30296 
  341.22555 
  340.92096 
  340.68102 
  340.61268 
  341.16486 
  354.58251 
  356.47238 
  354.85503 
  354.49045 
  354.50949 
  354.09239 
  353.75058 
  353.62633 
  354.45939 
  354.20476 
  354.28414 
  354.46452 
  354.06104 
  354.74031 
  354.16009 
  353.83889 
  353.78293 
  354.56634 
  354.00784 
  354.51047 
  354.34685 
  354.16126 
  340.37467 
  344.54023 
  344.26809 
  343.63768 
  343.30158 
  343.18490 
  343.16457 
  342.20566 
  342.99376 
  342.12932 
  342.40428 
  342.52918 
  341.94363 
  342.88295 
  353.50568 
  351.06282 
  351.75814 
  351.34095 
  351.71285 
  351.51129 
  351.81299 
  351.82561 
  352.18427 
  352.33200 
  343.17991 
  342.43628 
  342.87574 
  342.41212 
  342.24938 
  342.53466 
  343.04917 
  342.36398 
  342.50811 
  342.95828 
  347.08913 
  353.96254 
  352.41750 
  352.69882 
  351.88950 
  353.10703 
  345.03899 
  343.15368 
  343.48589 
  342.18120 
  342.86008 
  344.39860 
  342.97623 
  343.07337 
  343.16155 
  343.69683 
  344.08932 
  343.17726 
  349.74483 
  352.47373 
  355.00949 
  354.32311 
  353.34138 
  342.00868 
  354.03868 
  354.58126 
  354.21011 
  355.37008 
  343.84048 
  342.86930 
  344.16405 
  344.14896 
  344.50651 
  344.68858 
  344.10390 
  344.11282 
  343.87590 
  343.26984 
  343.56065 
  343.72836 
  343.07077 
  343.14841 
  351.03698 
  352.97378 
  352.34900 
  352.22044 
  353.32521 
  346.22731 
  342.88882 
  344.46639 
  344.51902 
  344.11930 
  344.09481 
  343.80318 
  343.13582 
