-0.06286 -0.06799 -0.10839 +0.08683 +0.00619 -0.05586
-0.05614 -0.06890 -0.06230 +0.11166 -0.04119 -0.02858
-0.07513 -0.04505 -0.05471 +0.07065 -0.05240 -0.02615
-0.07971 -0.04455 -0.13900 +0.00728 -0.11973 +0.01515
-0.09440 -0.01961 +0.02731 +0.02625 -0.20201 +0.04176
-0.19129 +0.15860 -0.11851 -0.01613 -0.04441 -0.12549
+0.00770 +0.02395 -0.05886 +0.05388 -0.05829 -0.12824
+0.00024 +0.02616 +0.00694 +0.05439 -0.05462 -0.08022
+0.01532 +0.02410 -0.00106 +0.08181 -0.04771 -0.09625
+0.01058 +0.02762 +0.00819 +0.07835 -0.05594 -0.08728
+0.00910 +0.03128 +0.02881 +0.05593 -0.08071 -0.02691
-0.01603 +0.03596 -0.01318 +0.03487 -0.09142 -0.10934
+0.01619 +0.01536 -0.02802 +0.08367 -0.08993 -0.05342
+0.00621 +0.02548 +0.01135 +0.08361 -0.07322 -0.03183
-0.01448 +0.04890 +0.11627 +0.01772 -0.06905 -0.00865
-0.01177 +0.02750 -0.02454 +0.04279 -0.12232 -0.10620
+0.00463 +0.02416 -0.00711 +0.05354 -0.14926 -0.01831
+0.01920 +0.01894 -0.01057 +0.06547 -0.14688 +0.00248
+0.00761 +0.02171 +0.00479 +0.09343 -0.10540 -0.02248
-0.00234 +0.07298 +0.03722 -0.02764 -0.07724 -0.05985
+0.00540 +0.07946 +0.03511 -0.00735 +0.06104 -0.04297
+0.03955 +0.07206 +0.10802 +0.06648 -0.05575 -0.03758
+0.02222 +0.07483 +0.07719 +0.06934 -0.05936 -0.07679
+0.02412 +0.06427 +0.05179 +0.07644 -0.09177 +0.01515
+0.02072 +0.06456 +0.04595 +0.10701 -0.07004 -0.03158
+0.02163 +0.05840 +0.03838 +0.09896 -0.10761 -0.01757
+0.01966 +0.05351 +0.02871 +0.08212 -0.06497 -0.01747
+0.01044 +0.06043 +0.05307 +0.02700 -0.01439 -0.00992
+0.01475 +0.05510 +0.04747 +0.06239 -0.10999 +0.05055
+0.01745 +0.04745 +0.04765 +0.09610 -0.08853 +0.03450
+0.01326 +0.04244 +0.02078 +0.08774 -0.05448 -0.00357
+0.12066 -0.14727 +0.08429 +0.03653 -0.10179 -0.06467
-0.04649 -0.03608 +0.03443 +0.00285 -0.08877 +0.04402
-0.03858 -0.03696 +0.02409 -0.00743 -0.17154 +0.08316
-0.04834 -0.02513 +0.05977 +0.00843 -0.08360 +0.04650
-0.05203 -0.02231 +0.03376 +0.01154 -0.14849 -0.04747
-0.05890 -0.03182 -0.01976 +0.00035 -0.05358 -0.05349
-0.04620 -0.03793 +0.04214 +0.01701 -0.03105 +0.07041
-0.03691 -0.03410 -0.00634 +0.03213 -0.10346 +0.02418
-0.08197 +0.01050 +0.03672 +0.00977 -0.05835 +0.03079
-0.14659 +0.14369 -0.09128 -0.02103 -0.13066 +0.07065
+0.01548 +0.01805 +0.01659 +0.07747 -0.07462 +0.06242
+0.01607 +0.00445 -0.05042 +0.08905 -0.07316 +0.06206
-0.02552 +0.02982 +0.01199 +0.00810 +0.01875 +0.09967
-0.00169 +0.02292 +0.03717 +0.07028 -0.05316 +0.03595
-0.00253 +0.01155 -0.00283 +0.07879 -0.09124 +0.04039
+0.00974 +0.01207 +0.02552 +0.08390 -0.10011 +0.06740
-0.00141 +0.01432 -0.00543 +0.08720 -0.11703 +0.04822
-0.00502 +0.01753 +0.02360 +0.01103 -0.03293 +0.11881
+0.09065 -0.14157 +0.08710 -0.00416 -0.13728 -0.09951
-0.05589 -0.03531 +0.07020 -0.03904 +0.05358 +0.06919
-0.06491 -0.02134 +0.07300 -0.00015 -0.07091 -0.02069
-0.05389 -0.05491 +0.02267 +0.05745 -0.06763 -0.03647
-0.04862 -0.05356 -0.01497 -0.00769 -0.09518 +0.01440
-0.08006 -0.01060 +0.08867 -0.07524 -0.05447 -0.05533
-0.21895 +0.01237 -0.24664 +0.26812 +0.03633 -0.07986
+0.02756 -0.18972 -0.00831 +0.17232 +0.06626 +0.11639
-0.04219 -0.13580 -0.01699 +0.12663 +0.00750 +0.14276
-0.06538 -0.12470 -0.00668 +0.07838 +0.03881 +0.08757
-0.07254 -0.10315 +0.07677 +0.08816 +0.04347 +0.11671
-0.07534 -0.10340 +0.08117 +0.08375 +0.05366 +0.14002
-0.08802 -0.09459 +0.09000 +0.10879 +0.05984 +0.08791
-0.13104 +0.04172 -0.06113 -0.07970 +0.08061 -0.11021
-0.05104 +0.08209 +0.13973 -0.00949 +0.14338 -0.00011
+0.00988 +0.03488 +0.08306 +0.06763 +0.00768 -0.07615
+0.01054 +0.02585 +0.01405 +0.06335 -0.00475 +0.05607
-0.00420 +0.02785 +0.04303 +0.08443 -0.05834 +0.01118
+0.00559 +0.02434 +0.04856 +0.08049 -0.03487 -0.01155
+0.00526 +0.02319 -0.00564 +0.05462 -0.03911 -0.02468
-0.00814 +0.02412 -0.04230 +0.00372 +0.02542 -0.06689
-0.00609 +0.04116 +0.11129 +0.04762 +0.01502 -0.01691
+0.01091 +0.01775 +0.01545 +0.06484 -0.05674 +0.03228
-0.00483 +0.01270 -0.03363 +0.05956 +0.00413 -0.05739
-0.00382 +0.03240 +0.07746 +0.03542 +0.00785 +0.01319
+0.00413 +0.01829 +0.01584 +0.03333 -0.08686 +0.03174
+0.00438 +0.01334 -0.00639 +0.05339 -0.03787 -0.06312
-0.01800 +0.02564 -0.00353 +0.00560 -0.05238 -0.03739
+0.01437 +0.01472 +0.03411 +0.00491 -0.02045 +0.05278
-0.00028 +0.01040 -0.02087 +0.00080 -0.04745 +0.02487
-0.00204 +0.02007 +0.03283 +0.03054 -0.05696 -0.05743
-0.00238 +0.01794 +0.02803 -0.01220 +0.00213 +0.07224
-0.00649 +0.02474 +0.08622 +0.00057 -0.00461 +0.08244
+0.00096 +0.01857 +0.06354 +0.02402 -0.03890 +0.05166
+0.03489 -0.04337 +0.07188 +0.00451 +0.03610 +0.04549
+0.03285 -0.07665 +0.04539 -0.00107 -0.03461 +0.03725
-0.04321 -0.01937 +0.07687 -0.05427 +0.03445 +0.05465
-0.04742 -0.02562 +0.04105 -0.06489 +0.02104 +0.00857
-0.02331 -0.03797 +0.03573 +0.04013 +0.02259 +0.00183
-0.04917 -0.02920 +0.00308 -0.01373 -0.06509 +0.00132
-0.04895 -0.04510 +0.00064 -0.03802 -0.09884 -0.04684
-0.05566 +0.00260 +0.05824 +0.02380 -0.05129 +0.05093
-0.12929 +0.12227 -0.07421 -0.03607 +0.04242 -0.01947
+0.01433 +0.02556 +0.02503 +0.01717 +0.02824 +0.04364
+0.00365 +0.01628 -0.01949 +0.04814 -0.05642 -0.03180
+0.00058 +0.03601 +0.05372 +0.03257 -0.02150 -0.00711
+0.00158 +0.01573 -0.00778 +0.01374 -0.04421 +0.00013
-0.00214 +0.00991 +0.01693 +0.01551 -0.02935 +0.01701
-0.00438 +0.02085 +0.06193 +0.03978 +0.02788 -0.02909
-0.00943 +0.03102 +0.09690 -0.03829 -0.09014 +0.08122
+0.00458 +0.01441 +0.05690 -0.00361 -0.05136 +0.06287
-0.01168 +0.02041 +0.01716 +0.00315 -0.06545 +0.02900
-0.00359 +0.01447 +0.04022 -0.05020 +0.00398 +0.06757
+0.01115 +0.00535 +0.03174 +0.03697 -0.05845 -0.03351
+0.01242 -0.00223 -0.02468 +0.02619 -0.09039 -0.01085
+0.06307 -0.10866 -0.00656 -0.12754 -0.07439 -0.11844
-0.02443 -0.05328 +0.05601 +0.02638 -0.02882 -0.06207
-0.04102 -0.04000 +0.01358 -0.06670 +0.02032 +0.06358
-0.05023 -0.03846 -0.00655 -0.08441 +0.00543 -0.03026
-0.02694 -0.05771 +0.03909 +0.02848 -0.04461 -0.04172
-0.05293 -0.03442 -0.01787 -0.09545 +0.00051 -0.02599
-0.04859 -0.05187 -0.01965 -0.09971 -0.02430 -0.03113
-0.04769 -0.04430 +0.03929 -0.05364 -0.02124 -0.04934
-0.03971 -0.05810 +0.02132 -0.04596 -0.01242 -0.03595
-0.09182 +0.05223 +0.03894 -0.01625 +0.00772 -0.03407
-0.07157 +0.08010 +0.01501 +0.02653 -0.04126 +0.01066
-0.00055 +0.02021 +0.02716 +0.01687 +0.01360 +0.05942
+0.00256 +0.02018 +0.05013 +0.03879 -0.03989 +0.00043
-0.00560 +0.01814 +0.02924 +0.01261 -0.05466 +0.00893
+0.00119 +0.01645 +0.03619 +0.03392 -0.03106 +0.00101
+0.00894 +0.01759 +0.05438 +0.01223 -0.03733 +0.03216
-0.00091 +0.00880 -0.03111 -0.00613 -0.01221 +0.02796
+0.00414 +0.01328 +0.08687 +0.00172 -0.01556 +0.00503
-0.01057 +0.02261 +0.01281 -0.06966 -0.04196 +0.02841
+0.00031 +0.01180 +0.04019 -0.00076 -0.06138 +0.07585
-0.01915 +0.01806 +0.05403 -0.03447 +0.02762 +0.01760
+0.06025 -0.07084 +0.10540 +0.02105 -0.00824 -0.05845
+0.03835 -0.10594 +0.09924 +0.04091 -0.04874 -0.09328
-0.05070 -0.04147 +0.02984 -0.04872 +0.00974 -0.03419
-0.04402 -0.04644 +0.02841 -0.07872 -0.06217 +0.00603
-0.04735 -0.04140 +0.03165 -0.06702 -0.00408 +0.00452
-0.03981 -0.04504 +0.05258 -0.04437 -0.02589 +0.06246
-0.05105 -0.05340 -0.06359 -0.08568 -0.04705 -0.02043
-0.14618 +0.11278 +0.13888 -0.07236 +0.08002 +0.13894
-0.05465 +0.05594 +0.06254 +0.01647 -0.05757 +0.04050
+0.00219 +0.01084 +0.03690 +0.01194 -0.04880 +0.00838
-0.01060 +0.01809 +0.06925 -0.00054 -0.01629 +0.02906
-0.00174 +0.00609 -0.06696 -0.07372 -0.04165 -0.01762
+0.00211 +0.02146 +0.11207 -0.01065 +0.00416 +0.01239
-0.00572 +0.00433 -0.00594 -0.03126 -0.03664 -0.05937
-0.00029 +0.00695 +0.05946 -0.00057 -0.04707 -0.02573
+0.00000 +0.00000 +0.00000 +0.00000 +0.00000 +0.00000
+0.00233 +0.00726 +0.02987 +0.01348 -0.02073 -0.06802
+0.01111 +0.00181 +0.05541 +0.01232 -0.01463 -0.03193
-0.00280 +0.01403 +0.06230 +0.01842 -0.01863 +0.01279
+0.01201 +0.00278 -0.00274 -0.01384 -0.00711 +0.08799
-0.00687 -0.00141 -0.04935 -0.02748 -0.03863 -0.02381
-0.00317 -0.00645 +0.03475 -0.03783 +0.04707 +0.01820
-0.00086 +0.00157 +0.09086 -0.03526 -0.01428 +0.05004
-0.00079 -0.02061 -0.03787 +0.00143 +0.03914 -0.10917
-0.00112 -0.01558 -0.01847 +0.00560 -0.02117 -0.09191
+0.00587 -0.00408 +0.07830 +0.00077 -0.04242 +0.01418
-0.00220 -0.00236 +0.06941 +0.00073 -0.02189 -0.00881
+0.00262 -0.00561 +0.04798 +0.00364 -0.03034 +0.01036
+0.02822 -0.05115 +0.04717 -0.09157 -0.07474 -0.03656
+0.07034 -0.11760 +0.15388 -0.02414 +0.06516 -0.01402
-0.04000 -0.03890 +0.11597 -0.00331 -0.05648 -0.08344
-0.05837 -0.03330 +0.07460 -0.00123 -0.00088 -0.13076
-0.06237 -0.04402 +0.08492 -0.07163 -0.12453 -0.01624
-0.09554 +0.03779 +0.05994 -0.04022 -0.07410 +0.07647
-0.10051 +0.09676 +0.00444 -0.01209 +0.00718 +0.10153
+0.01795 +0.01488 +0.04706 +0.04811 -0.01103 -0.03094
-0.00281 +0.03891 +0.08112 -0.03243 -0.04350 -0.06648
+0.01246 +0.01550 +0.02749 +0.02907 -0.00694 -0.03776
+0.00715 +0.02812 +0.11848 +0.00806 +0.02968 +0.01638
+0.01388 +0.02405 +0.08226 -0.01182 -0.02537 +0.00854
+0.01291 +0.00959 +0.02228 +0.00930 -0.02191 +0.01498
+0.00626 +0.01002 +0.01753 -0.01567 -0.00661 -0.02800
+0.01053 +0.01183 +0.08011 +0.01813 -0.02498 +0.00498
+0.01128 +0.01236 +0.07646 +0.00781 +0.01808 +0.07578
+0.09037 -0.14248 +0.05804 -0.02397 -0.00547 -0.04985
-0.00062 -0.13181 +0.06950 +0.05002 +0.01250 -0.05759
-0.10347 -0.07441 +0.01689 +0.01416 -0.00504 -0.00939
-0.12051 -0.07212 +0.04463 -0.00865 +0.04535 +0.03456
-0.12664 -0.06175 +0.01622 -0.03049 -0.02705 -0.01006
-0.11583 -0.07668 +0.00075 +0.00854 -0.01928 +0.00106
-0.10574 -0.08700 -0.05434 +0.00991 -0.05762 +0.01400
-0.12423 -0.08068 +0.04734 +0.04351 +0.03019 -0.01846
-0.13430 -0.09582 -0.05453 -0.02326 -0.03623 -0.15238
-0.14217 -0.07785 -0.03075 -0.08576 -0.08563 -0.08256
-0.12039 -0.07420 +0.04538 -0.01890 +0.06983 -0.00891
-0.11719 -0.08145 +0.08605 +0.02854 +0.00779 -0.07363
-0.13201 -0.08709 -0.01923 -0.03295 -0.13951 -0.04987
-0.12088 -0.08423 +0.02103 +0.02305 +0.04963 -0.04929
-0.09825 -0.09264 -0.03668 +0.00183 +0.03746 +0.05849
-0.15716 -0.05966 +0.06084 -0.05777 -0.09335 +0.04700
-0.12505 -0.07968 +0.05743 +0.01563 +0.03232 +0.02084
-0.13353 -0.07821 +0.01862 -0.05510 +0.03481 -0.01322
-0.12813 -0.07749 +0.01846 -0.02352 -0.00202 +0.03235
-0.12930 -0.07513 +0.08138 +0.00255 +0.02311 +0.01913
-0.14601 -0.07003 +0.03521 -0.04917 -0.08003 +0.00383
-0.12662 -0.07587 +0.08256 +0.01849 +0.05650 +0.02284
-0.28222 +0.22672 +0.01229 -0.04052 +0.02208 +0.04191
-0.00390 +0.04118 +0.09724 +0.01381 +0.06192 -0.01158
+0.00312 +0.03103 +0.06057 +0.04131 -0.00858 +0.03025
+0.00011 +0.03005 +0.01838 +0.05230 -0.00968 -0.06702
+0.00302 +0.02627 +0.02431 +0.05494 -0.01629 -0.04770
+0.00059 +0.02638 +0.05423 +0.07252 +0.04425 -0.04494
+0.01385 +0.01318 -0.02004 +0.07394 -0.01979 -0.01479
-0.00762 +0.03051 -0.01874 +0.01132 -0.03212 -0.01924
-0.00393 +0.01711 -0.03778 -0.02382 +0.01517 -0.05658
+0.01756 +0.00543 +0.01632 +0.06828 -0.04227 +0.00519
-0.00905 +0.02855 +0.03404 +0.00536 -0.02151 -0.02405
+0.01945 +0.01075 +0.03810 +0.03076 -0.00859 +0.10798
-0.01304 +0.03739 +0.09386 +0.02956 -0.01801 -0.00038
-0.00341 +0.03235 +0.10885 -0.03338 +0.05337 +0.04885
+0.08582 -0.11924 +0.00805 -0.06393 +0.00913 -0.10716
-0.01624 -0.04456 -0.00220 -0.08037 +0.01511 -0.04585
-0.01209 -0.04338 +0.02708 -0.00482 +0.00203 +0.02513
-0.05557 -0.02471 -0.01765 -0.12415 +0.04526 -0.04934
-0.03566 -0.03962 +0.05322 +0.00915 +0.02220 -0.07548
-0.05700 -0.02966 +0.00458 -0.09793 +0.04947 -0.08909
-0.04238 -0.03477 +0.00215 -0.08542 +0.03384 -0.05856
-0.04818 -0.02798 +0.07396 -0.08795 -0.00533 -0.05602
-0.05779 -0.02220 +0.08764 -0.06373 -0.01264 -0.08699
-0.03861 -0.03062 +0.13202 -0.00938 +0.02537 -0.06225
-0.14521 +0.13918 -0.02449 -0.01257 +0.01018 -0.05259
-0.04384 +0.05909 -0.01941 -0.01665 +0.06016 -0.10764
+0.00662 +0.03396 +0.08079 -0.04280 +0.02626 -0.09501
-0.00820 +0.04137 +0.06940 -0.08730 +0.09267 -0.01709
+0.02308 +0.00538 +0.01067 +0.00801 -0.01960 -0.01190
+0.00935 +0.02248 +0.06541 +0.03939 +0.01336 -0.07823
-0.01576 +0.04024 +0.10763 -0.03449 -0.02505 -0.10860
+0.00870 +0.00996 +0.03493 +0.03672 +0.02476 -0.07926
-0.00225 +0.02396 +0.03647 -0.05268 +0.05192 -0.00624
+0.02175 +0.01149 +0.06503 +0.02819 +0.01088 -0.05838
+0.03811 -0.02506 -0.05670 -0.02768 +0.01158 -0.01736
+0.07741 -0.11502 +0.07285 -0.03885 -0.00536 -0.12246
-0.03953 -0.03570 +0.04127 -0.03826 -0.03542 -0.07053
-0.03769 -0.02477 +0.13490 -0.00953 -0.00807 +0.03019
-0.05179 -0.01987 +0.10264 -0.02582 +0.01180 +0.03354
-0.04786 -0.02560 +0.02011 -0.06201 +0.04041 -0.07103
-0.12580 +0.09019 -0.06205 -0.09135 +0.00225 -0.00961
-0.07842 +0.11901 +0.12020 -0.04021 +0.01330 -0.00184
-0.00007 +0.02632 -0.01846 -0.03336 -0.08796 -0.13061
+0.02342 +0.01765 +0.02125 +0.06239 +0.03724 -0.09326
+0.02461 +0.00986 +0.04126 +0.09774 +0.00075 -0.05960
+0.01551 +0.03162 +0.03073 +0.04924 +0.02962 +0.04265
-0.00678 +0.04090 +0.08617 +0.03356 +0.02088 -0.02746
+0.01491 +0.01646 +0.02558 +0.10561 +0.00519 -0.10624
-0.00846 +0.03056 +0.02143 -0.02218 +0.05495 -0.03915
+0.00907 +0.02648 +0.00513 -0.00223 +0.02203 -0.03733
+0.00249 +0.03103 +0.06476 +0.00393 -0.00491 -0.06739
-0.01120 +0.03257 +0.08783 -0.00577 -0.07682 -0.03039
+0.04777 -0.03014 +0.14001 -0.01623 -0.00621 -0.06605
+0.01942 -0.10111 +0.08484 -0.04432 +0.11226 -0.05317
-0.03784 -0.08896 +0.05721 +0.01083 +0.06935 -0.12096
-0.05138 -0.06425 +0.04283 +0.04491 -0.01189 -0.01686
-0.07670 -0.06216 -0.00738 +0.04266 +0.00406 -0.08061
-0.23849 +0.04420 -0.04263 +0.28848 +0.16378 -0.06279
+0.01396 -0.19976 -0.06026 +0.21656 +0.11801 -0.00616
-0.03343 -0.14877 -0.09154 +0.16274 +0.13828 -0.00468
-0.08406 -0.10488 +0.07102 +0.09497 +0.03025 +0.05250
-0.05357 -0.11414 +0.04671 +0.16841 +0.09431 -0.01776
-0.05925 +0.05434 +0.01508 -0.02210 -0.01700 -0.16712
-0.08519 +0.14507 +0.08435 +0.03487 +0.07359 -0.10996
+0.03368 +0.05754 +0.06303 +0.10872 +0.07468 -0.04195
+0.00694 +0.05437 -0.06096 +0.02015 +0.07136 -0.10486
+0.02625 +0.06170 +0.09877 +0.09834 +0.06067 -0.00607
+0.01880 +0.06851 +0.06502 +0.10318 +0.06801 -0.01473
+0.00488 +0.06514 -0.01434 +0.03320 +0.06404 -0.03629
+0.00925 +0.07195 +0.07075 +0.04849 +0.02537 -0.07030
+0.00195 +0.06379 +0.04782 +0.00106 -0.02206 -0.02677
+0.01216 +0.05426 +0.01968 +0.02109 +0.08292 -0.06847
+0.01141 +0.05201 +0.04896 +0.04179 +0.05952 -0.13147
-0.00259 +0.07054 +0.09461 -0.02015 +0.13150 -0.00245
+0.01096 +0.04204 -0.01710 +0.02904 +0.03860 -0.05654
+0.01225 +0.04462 +0.03078 +0.07720 +0.03396 -0.06957
+0.06045 -0.04377 +0.04644 -0.03093 +0.06536 -0.08684
+0.01621 -0.04396 -0.00344 +0.00403 +0.03728 -0.09021
-0.01487 -0.02065 +0.07282 +0.07913 +0.00866 -0.02587
-0.04272 -0.00189 +0.07252 +0.07040 +0.03332 -0.06185
-0.01626 -0.02128 -0.00578 +0.07619 +0.03895 -0.03799
-0.07812 +0.07204 +0.00376 +0.02881 +0.05029 +0.09078
-0.06403 +0.12177 +0.01657 +0.02368 +0.01849 +0.07105
+0.00888 +0.04914 +0.04788 +0.05538 +0.08467 -0.04546
-0.00062 +0.06731 +0.09922 +0.04012 +0.03528 -0.01997
+0.00844 +0.05116 +0.04574 +0.04337 +0.04234 +0.00735
-0.00475 +0.04318 +0.00760 +0.03836 -0.01075 -0.05320
+0.00475 +0.04393 -0.03845 +0.00963 +0.04319 -0.06352
-0.00409 +0.07452 +0.08863 -0.01526 +0.14912 +0.01404
