  351.60291 
  350.96749 
  350.91600 
  351.53479 
  349.52148 
  349.92181 
  349.65031 
  351.39499 
  349.72692 
  349.75919 
  351.02704 
  349.70042 
  349.63186 
  350.76153 
  349.44161 
  350.93161 
  350.98003 
  349.44872 
  351.02598 
  349.89211 
  350.27153 
  344.52529 
  327.46203 
  325.93555 
  326.96059 
  326.29925 
  325.81378 
  325.02013 
  325.73465 
  336.05753 
  348.33745 
  347.92458 
  347.38832 
  348.53002 
  348.40988 
  348.78186 
  349.09994 
  348.70638 
  349.20352 
  333.51555 
  332.68495 
  332.55174 
  333.22155 
  333.12649 
  333.79157 
  338.93202 
  349.31574 
  349.25470 
  349.04699 
  349.69181 
  349.58854 
  349.75219 
  349.84687 
  349.25258 
  350.26666 
  349.91232 
  349.61228 
  349.66657 
  349.76352 
  339.08235 
  330.44358 
  330.63620 
  329.83001 
  331.12479 
  330.47957 
  330.64958 
  330.53313 
  342.91737 
  347.88729 
  347.65679 
  348.60056 
  348.40624 
  348.72895 
  347.96718 
  348.31277 
  348.53809 
  348.41544 
  348.55825 
  348.11867 
  348.66577 
  348.33684 
  348.58071 
  348.32617 
  349.02568 
  349.22730 
  348.97705 
  349.32683 
  348.95488 
  349.16374 
  348.86445 
  349.36218 
  349.43632 
  348.97903 
  349.33748 
  349.43165 
  337.29007 
  328.19696 
  329.16829 
  329.32512 
  328.97529 
  329.15968 
  329.86259 
  330.08257 
  347.16871 
  351.64750 
  351.27756 
  351.66103 
  352.01941 
  352.14276 
  351.80221 
  351.69385 
  352.15295 
  351.45955 
  347.78865 
  332.56071 
  349.11834 
  349.11348 
  350.22689 
  350.14696 
  350.84111 
  351.02319 
  330.75903 
  323.57101 
  324.34434 
  324.47653 
  324.89006 
  333.68377 
  345.33457 
  345.13122 
  346.08298 
  346.47567 
  346.61035 
  347.19781 
  347.49735 
  347.09616 
  346.70422 
  347.04142 
  347.10275 
  347.63079 
  347.82481 
  347.52027 
  348.17724 
  347.74318 
  348.08334 
  347.90120 
  348.43885 
  348.13557 
  347.67789 
  347.98444 
  348.18148 
  347.83329 
  348.48396 
  348.15846 
  348.17474 
  348.39659 
  349.04781 
  348.90451 
  348.26828 
  348.67915 
  348.67072 
  348.47359 
  349.06181 
  349.38236 
  349.03236 
  349.38857 
  350.14710 
  349.05275 
  349.29038 
  349.16383 
  349.02815 
  349.38161 
  349.21559 
  349.32204 
  348.59950 
  349.61931 
  349.92675 
  349.37952 
  349.10450 
  348.70083 
  349.42966 
  349.72017 
  349.05511 
  349.50423 
  349.91419 
  349.47671 
  341.61385 
  331.01268 
  330.38609 
  330.37678 
  330.74950 
  330.94012 
  330.62176 
  331.09701 
  346.41341 
  347.31195 
  347.64986 
  347.87953 
  348.49668 
  348.59081 
  348.12470 
  347.62473 
  348.37366 
  348.82376 
  348.67876 
  348.49404 
  348.63960 
  348.72475 
  348.42613 
  348.16808 
  348.64922 
  348.63674 
  348.51796 
  348.63477 
  348.72581 
  346.81918 
  350.88426 
  351.34028 
  350.16184 
  350.01672 
  350.47563 
  351.17643 
  351.31267 
  351.37140 
  351.65613 
  351.67149 
  351.90821 
  351.63026 
  351.39235 
  351.62524 
  351.54345 
  351.86359 
  351.79361 
  351.08550 
  351.59718 
  351.57549 
  343.30064 
  324.97759 
  326.13146 
  326.33300 
  327.77038 
  326.85063 
  343.64798 
  347.13934 
  347.06451 
  348.00049 
  339.42526 
  329.77383 
  330.11572 
  329.02997 
  329.21833 
  330.26593 
  330.49731 
  330.37388 
  329.35172 
  329.56162 
  330.06679 
  339.44598 
  352.53226 
  352.55743 
  352.61120 
  352.31741 
  351.90617 
  333.89493 
  348.91436 
  349.50132 
  351.07288 
  351.09651 
  352.18477 
  351.41882 
  351.17729 
  351.34201 
  352.39146 
  351.75294 
  352.14514 
  352.22062 
  346.01763 
  325.56112 
  328.52900 
  329.34749 
  330.31449 
