-0.09137 -0.08515 -0.09101 -0.00152 -0.09611 +0.01902
-0.09435 -0.05915 -0.10625 +0.05509 -0.05573 -0.04198
-0.08538 -0.07035 -0.11498 +0.03822 -0.06230 -0.05248
-0.07023 -0.05932 -0.00769 +0.08352 -0.00502 -0.03851
-0.06073 -0.10556 -0.06539 +0.01077 -0.00945 -0.07201
-0.07872 -0.07082 -0.06061 -0.01427 -0.02540 -0.07317
-0.09088 -0.05112 -0.05881 +0.03521 -0.07814 -0.10184
-0.09738 -0.03988 -0.07056 +0.12022 -0.06237 -0.04176
-0.05458 -0.11562 -0.04968 -0.03353 -0.03110 -0.07328
-0.07864 -0.05592 -0.03379 -0.00464 -0.08643 -0.14125
-0.08293 -0.06471 -0.09018 +0.02981 -0.06217 -0.02948
-0.07753 -0.08054 -0.08077 +0.00376 -0.11938 -0.10929
-0.08404 -0.06347 -0.08758 +0.01693 -0.09565 -0.11229
-0.07007 -0.08576 -0.01491 +0.01600 -0.04976 +0.01986
-0.07975 -0.09942 -0.05382 -0.00393 -0.03218 -0.00982
-0.08726 -0.05524 -0.05758 +0.08517 -0.01644 -0.04486
-0.09711 -0.05683 -0.01356 +0.11350 -0.04475 +0.04739
-0.07429 -0.09284 -0.07842 +0.01567 -0.06401 -0.12346
-0.08504 -0.04786 +0.08320 +0.07415 -0.09237 +0.01367
-0.07239 -0.10386 -0.05210 +0.09131 -0.04107 -0.02183
-0.09404 -0.08463 -0.09908 +0.10385 -0.07401 +0.04246
-0.02252 -0.10784 -0.04663 +0.06948 -0.04895 -0.13114
+0.16916 -0.24977 -0.13432 -0.02911 -0.02039 +0.04872
+0.02944 +0.03825 -0.06544 +0.06496 -0.08627 -0.01707
+0.02051 +0.03858 +0.05784 +0.18456 -0.05978 +0.03186
+0.04389 -0.00571 +0.02698 +0.14499 -0.14823 +0.05853
+0.03205 +0.01155 +0.02788 +0.07366 -0.12142 +0.05410
+0.03912 -0.00114 -0.00576 +0.04834 -0.09957 +0.04102
+0.03884 +0.01867 +0.06226 +0.08132 -0.05385 +0.04263
-0.07206 +0.11517 -0.03784 +0.12410 -0.12833 +0.10471
-0.07484 +0.04911 -0.02180 +0.03695 -0.05742 +0.14994
-0.03597 -0.01339 -0.01743 -0.03202 -0.09344 +0.08947
-0.05136 -0.02584 -0.07423 +0.03338 -0.04167 +0.10558
-0.03439 -0.03068 -0.04897 +0.04083 -0.05434 +0.10666
-0.02989 -0.04006 +0.00315 +0.04375 -0.01891 +0.10038
-0.04160 -0.03318 -0.00756 +0.00732 -0.03179 +0.11317
-0.05351 -0.02628 -0.02233 +0.08739 -0.04340 +0.11588
-0.01220 -0.05451 +0.02967 -0.02478 -0.06665 +0.06339
-0.03195 -0.01441 +0.03749 +0.08906 +0.00745 +0.05817
+0.14125 -0.18391 +0.02908 -0.02597 -0.14085 +0.07970
+0.03732 +0.02333 +0.03388 +0.11389 -0.07628 +0.00773
+0.05148 +0.00030 +0.01050 +0.10668 -0.06192 +0.01750
+0.03331 +0.00887 -0.01525 +0.14774 -0.06425 +0.05251
+0.05391 -0.02300 -0.03412 +0.06668 -0.09168 +0.02833
+0.02392 +0.00262 -0.01031 +0.13389 -0.09665 +0.07977
-0.02544 +0.05007 -0.04178 +0.01506 -0.15042 +0.05276
-0.08079 +0.07457 -0.05578 -0.03971 -0.10712 +0.06076
-0.03581 -0.02868 -0.09521 -0.03825 -0.04219 +0.08858
-0.01765 -0.02062 -0.00090 +0.05474 -0.05473 -0.01868
-0.02131 -0.02432 -0.03100 -0.02986 -0.04154 +0.03350
-0.01390 -0.01661 +0.00146 +0.00757 -0.04637 -0.03430
-0.02920 -0.02962 -0.05023 -0.04117 -0.03989 +0.08307
-0.03064 -0.03030 -0.05419 -0.00454 -0.00627 +0.09027
-0.02237 -0.02765 -0.01782 -0.05248 -0.04283 +0.05564
-0.05180 -0.02878 -0.10812 -0.02502 -0.04073 +0.10478
+0.00339 -0.04745 +0.03215 -0.04125 -0.01733 -0.00343
-0.03262 -0.01450 -0.03000 +0.00818 +0.00846 +0.04639
-0.02685 -0.00970 +0.04751 +0.02693 -0.04691 +0.01176
-0.04466 -0.03487 -0.09906 +0.00315 -0.03132 +0.07183
+0.05220 -0.10833 -0.16699 -0.06184 +0.05361 +0.08819
+0.12895 -0.05133 -0.08485 -0.01731 +0.03537 -0.06838
+0.05373 +0.04559 -0.13391 +0.04492 +0.00271 -0.07471
+0.05348 +0.03362 -0.07337 +0.04099 +0.03720 +0.01724
+0.06123 +0.03192 -0.06039 +0.03570 -0.06172 -0.08939
+0.07263 +0.03258 -0.01226 +0.02373 -0.01148 -0.08415
+0.05950 +0.03246 -0.06242 +0.02747 -0.01618 -0.05429
+0.05645 +0.04292 -0.06438 +0.00389 -0.10086 -0.08801
-0.04423 +0.14592 +0.11347 +0.04435 -0.08460 -0.08428
-0.03606 +0.03096 -0.11126 -0.05719 -0.02203 +0.01577
-0.02292 -0.00012 -0.09579 -0.02110 +0.02830 +0.02473
-0.01521 +0.01467 +0.03570 +0.00896 -0.03576 +0.00730
-0.00912 -0.00077 +0.00519 +0.04123 -0.01144 -0.04522
+0.00030 -0.00170 -0.00073 -0.07242 -0.02334 -0.01871
-0.02176 +0.00680 -0.04086 -0.04655 -0.00039 -0.00302
-0.01936 +0.01011 -0.03010 -0.00436 -0.04341 -0.03180
-0.02037 -0.00127 -0.02974 +0.01294 +0.04742 +0.01773
-0.01378 -0.01064 -0.05117 +0.00138 -0.05143 -0.03390
-0.02483 -0.00898 -0.06599 -0.04942 -0.00523 +0.04966
-0.00474 -0.01265 -0.00179 -0.04725 +0.00401 +0.00044
-0.02872 +0.01198 -0.05077 +0.02777 -0.04307 -0.01904
-0.03356 -0.01736 -0.12916 -0.02369 -0.02765 +0.03941
+0.00604 -0.02510 +0.00020 -0.04813 +0.02065 -0.01430
-0.02862 +0.00708 -0.04758 +0.00029 -0.03873 +0.00026
-0.01337 -0.00236 -0.00147 +0.03880 -0.01639 +0.00089
-0.00711 -0.01520 -0.00012 +0.02833 +0.01347 +0.00237
-0.02304 -0.02210 -0.09115 +0.00689 +0.05010 +0.04137
-0.03064 +0.00256 -0.01424 +0.04335 -0.07028 +0.01670
-0.00304 -0.03144 -0.01709 -0.02785 -0.02299 +0.00536
-0.01029 -0.01903 -0.03254 -0.02656 +0.01102 +0.00108
-0.01090 -0.00888 -0.00194 -0.00836 -0.02243 -0.03386
-0.01780 -0.01583 -0.01734 -0.00016 -0.00361 +0.01816
-0.03436 -0.01865 -0.11614 +0.04098 +0.03918 +0.04615
-0.01137 -0.04202 -0.07470 -0.03305 -0.01177 +0.00948
-0.01974 -0.01466 -0.04936 +0.02864 -0.02841 -0.01933
-0.00992 -0.01988 +0.03477 +0.02949 -0.01050 -0.01477
+0.05754 -0.05254 -0.07140 +0.05262 +0.05625 +0.00372
+0.11196 -0.04512 -0.23032 -0.01334 -0.04623 -0.10544
+0.07205 +0.04744 -0.12859 +0.08129 +0.08741 -0.08200
+0.05883 +0.04956 -0.08649 +0.04187 +0.04191 -0.06058
+0.06754 +0.03343 -0.16575 +0.08105 +0.01730 -0.10842
+0.06430 +0.04461 -0.11581 +0.03113 -0.02985 -0.08681
+0.06960 +0.03659 -0.15626 +0.05679 +0.00711 -0.07785
+0.08964 +0.03521 -0.05631 +0.03015 -0.03561 -0.11329
-0.13102 +0.17357 -0.06170 -0.04819 -0.00325 +0.02105
-0.11398 +0.03265 -0.07829 -0.02146 +0.01327 +0.05642
-0.06465 -0.03917 -0.01935 -0.01876 -0.03659 -0.02091
-0.06252 -0.05543 -0.02277 -0.02784 +0.02621 +0.04117
-0.08545 -0.04494 -0.06362 +0.00419 -0.01645 +0.05404
-0.03777 -0.07177 +0.04706 -0.06485 +0.00550 -0.02043
-0.06862 -0.04609 +0.00334 +0.00240 -0.00432 +0.00682
-0.07067 -0.04669 +0.04117 +0.01446 -0.05239 +0.00786
-0.07273 -0.07870 -0.05566 -0.01447 +0.03101 +0.06950
-0.04426 -0.08440 +0.03639 -0.03833 +0.01183 +0.01863
-0.03314 -0.09297 -0.05872 +0.07093 -0.01118 +0.02734
+0.06393 -0.26750 +0.09142 +0.00552 +0.06366 -0.11654
-0.18902 +0.14109 +0.06327 -0.00078 +0.08160 -0.02759
-0.13516 +0.01779 -0.03906 -0.01997 +0.11690 -0.02604
-0.12484 +0.01611 +0.06178 -0.02710 +0.10147 -0.08040
-0.11236 -0.02628 -0.06113 -0.06225 +0.19521 -0.03556
-0.12228 -0.02236 -0.04476 +0.00194 +0.21192 -0.06547
-0.11658 -0.00467 +0.01460 -0.04467 +0.06970 -0.12891
+0.05298 -0.10087 -0.08258 +0.07107 +0.05078 +0.03359
+0.08131 -0.05774 -0.10559 -0.01275 -0.01900 +0.05037
+0.03038 +0.05104 -0.05887 +0.07130 +0.03895 +0.04786
+0.02823 +0.05256 -0.07042 +0.06746 -0.02399 -0.00899
+0.02735 +0.04824 -0.08993 +0.13772 +0.03512 -0.01124
-0.01998 +0.08724 -0.07772 +0.01883 -0.03712 -0.00223
-0.05480 +0.08793 -0.08368 +0.01410 +0.01139 +0.05215
-0.02393 +0.04034 -0.03804 +0.07105 +0.05530 +0.01669
-0.01842 +0.02823 -0.04556 +0.04229 +0.00810 +0.03580
-0.00721 +0.00942 -0.03983 +0.00889 +0.01161 +0.04304
-0.01215 +0.01150 -0.08403 +0.02858 +0.06109 +0.01679
-0.01252 +0.00710 -0.11777 +0.03252 +0.01865 -0.00716
-0.02604 +0.01622 -0.10668 +0.05452 +0.06652 +0.06493
-0.00235 -0.01708 -0.09388 -0.02358 -0.00881 +0.04246
-0.01510 +0.01471 -0.00264 +0.06835 +0.00730 +0.03417
-0.02419 +0.01049 -0.07744 +0.07905 +0.04387 +0.05524
-0.00556 +0.00071 -0.00237 +0.03648 +0.02807 +0.01160
-0.01883 +0.00640 -0.03314 +0.07533 -0.01588 +0.03610
-0.01910 +0.01003 -0.00571 +0.05696 -0.00608 +0.05004
+0.00000 +0.00000 +0.00000 +0.00000 +0.00000 +0.00000
-0.00854 +0.00469 -0.01290 -0.01041 +0.06357 +0.03487
-0.01915 -0.00095 -0.04490 +0.01221 +0.07051 +0.09156
-0.02290 +0.01436 +0.01302 +0.09473 +0.10206 +0.07582
-0.01476 -0.00635 -0.05014 +0.03388 +0.01018 +0.04042
-0.00724 -0.01831 -0.03114 -0.04377 +0.01070 +0.04203
-0.01632 -0.00879 -0.05598 +0.05022 +0.07551 +0.06045
-0.00744 -0.00807 -0.00555 -0.02401 +0.04975 +0.08613
-0.01326 -0.01061 -0.05378 -0.03365 +0.03023 +0.05855
-0.00655 -0.00428 -0.00186 +0.01853 +0.03230 -0.00166
-0.00971 +0.00359 +0.02587 +0.07185 +0.03767 +0.00116
-0.01444 +0.00104 +0.00002 -0.01222 +0.02078 +0.03938
-0.01994 -0.01249 -0.05510 -0.01214 +0.05806 +0.09798
+0.00567 -0.01734 +0.02126 -0.02656 +0.05739 +0.01488
-0.02882 +0.00787 -0.01675 +0.03511 +0.05529 +0.08789
-0.01961 -0.01504 -0.03360 +0.07755 +0.08074 +0.07201
-0.01501 -0.01664 -0.05468 +0.03214 +0.04978 +0.05316
-0.01974 -0.01168 -0.05953 +0.04327 +0.05731 +0.06015
+0.00765 -0.01503 +0.03520 +0.01652 +0.03492 -0.03217
-0.03022 +0.00662 -0.00965 +0.09584 +0.05992 +0.07726
-0.00888 -0.02759 -0.02474 +0.00060 +0.09281 +0.09019
-0.01054 -0.01012 +0.04662 +0.06221 +0.00111 +0.03723
+0.00685 -0.02256 +0.03214 +0.01016 +0.04060 -0.00912
-0.01627 -0.01040 -0.03249 +0.00566 +0.04131 +0.03212
-0.02109 -0.01393 +0.03219 +0.05211 +0.01559 +0.09870
-0.02012 -0.01654 +0.03743 +0.05239 +0.05854 +0.07914
-0.02738 -0.00580 +0.01461 +0.00895 +0.03846 +0.10749
-0.02109 -0.01355 -0.00217 +0.03703 +0.01268 +0.04374
-0.00586 -0.01094 +0.05525 +0.00754 +0.04075 +0.01746
-0.02510 -0.00311 -0.02103 +0.01375 +0.01459 +0.03567
-0.00962 -0.00877 +0.03061 +0.00686 +0.05488 +0.00831
-0.02621 +0.00018 +0.04468 +0.04955 +0.04132 +0.05507
-0.01114 -0.02980 -0.00042 +0.00164 +0.04402 +0.05011
-0.00476 -0.02715 +0.01022 -0.04353 +0.05614 +0.04003
-0.02413 +0.00516 +0.01279 +0.09458 +0.03577 +0.03591
+0.00644 -0.03812 +0.02178 -0.03936 +0.01436 +0.00777
-0.00737 -0.00512 +0.06453 +0.05820 +0.06438 -0.01942
-0.02945 +0.00555 +0.01015 +0.09300 +0.02827 +0.04884
-0.01266 -0.01658 +0.07113 +0.12068 +0.01667 +0.00454
-0.00930 -0.01216 +0.06388 +0.06966 +0.02505 +0.00465
-0.02328 -0.00620 +0.03014 +0.07178 +0.04835 +0.02447
-0.01382 -0.02731 -0.00949 +0.04691 +0.00343 +0.00878
-0.02624 -0.00911 +0.01061 +0.06639 +0.05583 +0.05217
-0.00941 -0.03513 +0.00681 +0.02484 +0.05075 +0.03715
-0.01857 -0.03475 -0.03226 -0.01625 +0.00600 +0.05239
+0.03337 -0.06739 -0.06115 +0.08810 +0.04370 -0.02593
+0.12213 -0.09817 -0.09563 +0.02740 +0.06181 -0.04073
+0.06716 +0.02744 -0.01543 +0.02542 +0.00846 -0.05756
+0.06763 +0.02870 +0.03589 +0.06847 +0.07617 -0.03350
+0.03943 +0.03576 -0.05117 +0.13392 -0.00475 -0.00992
+0.05441 +0.02267 -0.03364 +0.08416 -0.05773 -0.04828
+0.07255 -0.00268 -0.02617 +0.04142 -0.01515 -0.06709
+0.04985 +0.03391 +0.04345 +0.10722 +0.07526 +0.01013
-0.06950 +0.13222 +0.00764 +0.10095 +0.02747 +0.03772
-0.00884 +0.00709 -0.00001 -0.01041 -0.01767 +0.03823
-0.00752 +0.01282 +0.03174 +0.01398 -0.00730 -0.01102
-0.01667 +0.00424 -0.01696 +0.01601 +0.01050 +0.03224
-0.01643 +0.00015 -0.01341 +0.03075 -0.03677 +0.03548
-0.00339 -0.01615 +0.00804 +0.06600 +0.06402 +0.06695
-0.01148 -0.01819 -0.02665 +0.00263 +0.01925 +0.05931
-0.00833 -0.00390 +0.02436 +0.05689 +0.01417 +0.01556
-0.01239 -0.00452 +0.01022 +0.06362 +0.02336 +0.04474
+0.00060 -0.00980 +0.05327 +0.05643 +0.03905 +0.01921
+0.00462 -0.00593 +0.07354 +0.03862 -0.02685 -0.06230
-0.02072 +0.00114 -0.01571 +0.10040 +0.00808 +0.01305
-0.00841 +0.00324 +0.07072 +0.08338 -0.04977 -0.02883
+0.00848 -0.02509 +0.04036 +0.08677 +0.02443 -0.03481
-0.00247 -0.00640 +0.04485 +0.04656 +0.03174 -0.03030
-0.02454 +0.00658 -0.00792 +0.13822 +0.03303 +0.02318
+0.00179 -0.02984 -0.00335 +0.05184 +0.08948 +0.00162
-0.01496 -0.00719 -0.00004 +0.07580 +0.01186 -0.01788
-0.01659 -0.02371 -0.01378 +0.06321 +0.05418 +0.07507
-0.02451 -0.01033 +0.00550 +0.07631 -0.01081 +0.04811
-0.01184 -0.03013 -0.02779 +0.06947 +0.03517 +0.04871
-0.01309 -0.00674 -0.03777 -0.01445 -0.03403 +0.09185
-0.09324 -0.00446 -0.05000 -0.12027 +0.05167 +0.03936
-0.08550 -0.02993 +0.00806 +0.01861 +0.00615 +0.00579
-0.09287 -0.03834 -0.00692 +0.03242 +0.01232 +0.00845
-0.06839 -0.07187 +0.04039 -0.00376 +0.01019 -0.00793
-0.06421 -0.04936 +0.04492 +0.09196 +0.01310 -0.05828
-0.06497 -0.08128 +0.01716 -0.02983 +0.04253 +0.01495
-0.06027 -0.05787 +0.06538 +0.05233 +0.00747 -0.06596
-0.06556 -0.07843 -0.00683 +0.02533 +0.05919 -0.00377
-0.05636 -0.05850 +0.12626 +0.11489 +0.00013 -0.06257
-0.06197 -0.06466 +0.05727 +0.10136 -0.02514 -0.05679
-0.07073 -0.09285 +0.01781 +0.06735 -0.00755 +0.04389
-0.04803 -0.07994 +0.08687 +0.10022 +0.01341 -0.01691
-0.06285 -0.08175 +0.04098 +0.13594 -0.05694 -0.03997
-0.03533 -0.09832 +0.10728 +0.05406 -0.04224 -0.07301
-0.06989 -0.06674 +0.07940 +0.11745 -0.06440 -0.01900
-0.06806 -0.09593 +0.01919 +0.07725 -0.02909 +0.02449
-0.04935 -0.10394 +0.05438 +0.07713 +0.01235 -0.00511
-0.06028 -0.09608 +0.04369 +0.06665 +0.03844 +0.03216
-0.06700 -0.09718 +0.02176 +0.03083 -0.09020 -0.00272
-0.05457 -0.10009 +0.09206 +0.02493 -0.10792 -0.03806
+0.01193 -0.13714 +0.05799 +0.07621 -0.04955 -0.06292
+0.17337 -0.20540 -0.07052 -0.08655 +0.03618 -0.01406
+0.05039 +0.02825 -0.04479 +0.06734 -0.01804 -0.07333
+0.05242 +0.03714 +0.02106 +0.05082 +0.01555 -0.03821
+0.05621 +0.03622 +0.01383 +0.05626 +0.02926 -0.03383
+0.05560 +0.01821 -0.02157 +0.06178 +0.01004 -0.03379
-0.07996 +0.16608 -0.04740 +0.06103 -0.03437 -0.05860
-0.01885 +0.03878 +0.04830 +0.05060 +0.02186 -0.00235
-0.01401 +0.00815 +0.00461 +0.03654 +0.03159 -0.00803
-0.01161 +0.01193 +0.01597 -0.00563 +0.05105 -0.00086
+0.04339 -0.03790 -0.03047 +0.02553 +0.06935 +0.00212
+0.11322 -0.03104 -0.09647 +0.05480 +0.04760 -0.07662
+0.06450 +0.04389 -0.07098 +0.04816 +0.03036 -0.07530
+0.05316 +0.05705 -0.01417 +0.04536 +0.00157 -0.02346
+0.06770 +0.04330 +0.01356 +0.13546 +0.05426 -0.06135
+0.06919 +0.04439 +0.00131 +0.10360 +0.04454 -0.09666
+0.08088 +0.05078 +0.04712 +0.07851 +0.02383 -0.14500
+0.06272 +0.04424 -0.07371 +0.05478 -0.05583 -0.08936
+0.05968 +0.03127 -0.03897 +0.08863 +0.06826 -0.00237
+0.06446 +0.04007 -0.00266 +0.17333 +0.06066 -0.07214
+0.08609 +0.02280 +0.02136 +0.04424 -0.01747 -0.08515
-0.06868 +0.13468 -0.03815 +0.02064 -0.00278 -0.00309
-0.12845 +0.09015 -0.00778 -0.03231 +0.01431 -0.03275
-0.07026 -0.02535 +0.04150 +0.00498 +0.05960 -0.03405
-0.05857 -0.06104 +0.02715 -0.08862 +0.01658 +0.00606
-0.05796 -0.06160 +0.06052 +0.02400 +0.02682 -0.02559
-0.07001 -0.05664 -0.02751 +0.00298 -0.03737 -0.00077
+0.09460 -0.29540 +0.20446 +0.06484 +0.23127 +0.00734
-0.16725 +0.12628 +0.02530 -0.01901 +0.12258 -0.03156
-0.11909 +0.02250 -0.06901 +0.00555 +0.07522 -0.06403
-0.11030 +0.01505 -0.04629 +0.00206 +0.08115 -0.07329
-0.09230 -0.01729 -0.06094 -0.04228 +0.07710 -0.06572
-0.09698 +0.00641 -0.04422 +0.04801 +0.01285 -0.08839
-0.09374 -0.02205 -0.07257 +0.02763 +0.11893 -0.04165
-0.07627 -0.02734 -0.08745 -0.00228 +0.10067 -0.13355
-0.07009 -0.00591 +0.01567 +0.00225 +0.08745 -0.17059
-0.09549 -0.00870 -0.03735 -0.01364 +0.06019 -0.12285
-0.06421 -0.02404 +0.00579 -0.03156 +0.09320 -0.15134
-0.10368 -0.00273 -0.08743 +0.02111 +0.05108 -0.12114
-0.09873 -0.01285 -0.07214 +0.02420 +0.07552 -0.11668
+0.00732 -0.05864 -0.00955 +0.03105 -0.00515 -0.02576
+0.14665 -0.12054 -0.11781 -0.01916 +0.19589 +0.11699
+0.05417 +0.05233 -0.06464 +0.11209 +0.17720 +0.06981
+0.04988 +0.06365 +0.02718 +0.13349 +0.16422 +0.08694
+0.04898 +0.03252 -0.04211 +0.09740 +0.10449 +0.08839
