  342.73173 
  342.07799 
  342.00015 
  341.73582 
  342.38614 
  341.62134 
  341.37818 
  342.99669 
  335.14713 
  337.43065 
  338.19252 
  338.98306 
  340.08220 
  340.16991 
  341.07357 
  341.48204 
  341.07365 
  340.69545 
  340.29354 
  340.32729 
  337.16659 
  338.84851 
  339.57720 
  339.87279 
  340.43035 
  341.08481 
  341.46443 
  341.02222 
  340.35186 
  340.34888 
  339.70193 
  339.74280 
  339.50950 
  339.74766 
  339.85290 
  343.41343 
  345.49291 
  344.98110 
  344.64993 
  344.40389 
  344.13641 
  344.36927 
  344.44446 
  344.46572 
  344.55296 
  336.84180 
  339.71665 
  339.61926 
  339.59792 
  339.76843 
  339.58944 
  339.32297 
  339.30773 
  340.06635 
  339.55213 
  339.79858 
  339.77669 
  340.08693 
  340.14984 
  339.79725 
  339.72112 
  339.75248 
  339.92679 
  340.10765 
  336.32803 
  339.48917 
  339.15416 
  338.76782 
  339.16146 
  339.28003 
  339.30274 
  339.22913 
  338.89574 
  338.58096 
  338.53676 
  338.68966 
  338.59041 
  338.81034 
  339.10693 
  338.68582 
  338.61893 
  338.73501 
  347.45836 
  345.70034 
  344.35546 
  344.30931 
  344.39546 
  335.67264 
  337.98384 
  338.21629 
  346.31047 
  343.36844 
  342.94458 
  339.23421 
  340.51816 
  343.41109 
  342.16340 
  342.88553 
  342.72740 
  342.91670 
  342.05882 
  341.31833 
  341.38186 
  341.81816 
  341.17098 
  340.97727 
  334.02773 
  339.14075 
  339.83850 
  340.16935 
  339.57148 
  339.58982 
  340.03143 
  341.96167 
  342.29258 
  340.15829 
  339.06045 
  339.95634 
  339.68817 
  339.46434 
  338.28621 
  338.89507 
  339.10194 
  338.65348 
  339.12842 
  338.59264 
  339.22448 
  339.27343 
  338.91334 
  339.82163 
  339.39088 
  339.40941 
  339.02951 
  347.29504 
  344.91843 
  344.74077 
  343.82339 
  344.20844 
  344.15858 
  343.72822 
  344.14582 
  339.14123 
  338.00584 
  339.44757 
  339.40050 
  339.43087 
  340.00243 
  339.58755 
  339.62962 
  339.86291 
  339.93195 
  339.16523 
  339.30617 
  339.14346 
  339.09347 
  340.02276 
  339.71833 
  339.96170 
  340.51790 
  339.81960 
  339.81702 
  340.44400 
  339.39989 
  339.80145 
  339.49706 
  339.43687 
  338.94807 
  339.55110 
  339.87009 
  343.85646 
  331.25804 
  345.58511 
  343.54818 
  344.01130 
  343.18460 
  342.47751 
  341.96857 
  340.70502 
  332.57258 
  338.95660 
  338.73043 
  338.89438 
  338.98955 
  337.96792 
  338.50453 
  335.17247 
  338.80762 
  338.52538 
  338.14801 
  344.54449 
  345.52882 
  344.49778 
  339.11930 
  337.69791 
  339.02013 
  338.45301 
  339.60219 
  348.57169 
  346.03187 
  345.20896 
  344.82779 
  345.08165 
  344.94726 
  344.02766 
  335.60480 
  339.86458 
  338.99795 
  339.83144 
  339.04055 
  338.80377 
  338.96999 
  338.36869 
  338.47968 
  339.20781 
  347.50531 
  345.02497 
  343.85411 
  344.11575 
  344.35449 
  344.54452 
  344.53551 
  344.19403 
  344.34162 
  339.09090 
  337.02786 
  338.32647 
  338.24427 
  338.57739 
  338.42367 
  338.45393 
  337.79347 
  338.40052 
  338.24315 
  338.20707 
  338.41811 
  347.84586 
  345.38101 
  344.78729 
  344.56969 
  344.52030 
  344.67636 
  345.22332 
  345.15510 
  344.74843 
  344.92023 
  344.75475 
  341.54872 
  336.68616 
  339.37142 
  339.37411 
  338.69965 
  338.92659 
  339.30482 
  341.55424 
  346.89517 
  333.59510 
  339.36244 
  343.50517 
  343.45152 
  344.04900 
  332.29287 
  336.61428 
  337.67301 
  337.04515 
  337.42573 
  337.35797 
  337.53702 
  337.29972 
  337.87284 
  337.84550 
  347.37371 
  343.00316 
  344.22535 
  343.50086 
  344.56596 
  343.73204 
  344.28670 
  343.83781 
  344.05683 
  346.20890 
