-0.03708 -0.03893 -0.00447 -0.08867 -0.01593 -0.02539
-0.03545 -0.05473 +0.04495 -0.10470 +0.09109 -0.06585
-0.03642 -0.02666 +0.04884 -0.05373 +0.08743 -0.12546
-0.04344 -0.01891 +0.00099 -0.13751 -0.01708 -0.02268
-0.04622 -0.00743 +0.00227 -0.05803 -0.06701 +0.00426
-0.03304 -0.03765 +0.02544 -0.15515 +0.03462 -0.03670
-0.02612 -0.04312 +0.03122 -0.14018 +0.01531 -0.03912
-0.02754 +0.01010 +0.02117 -0.13513 +0.02644 -0.03191
+0.02296 -0.12869 -0.07832 -0.11414 +0.02907 +0.05207
-0.06847 +0.01060 -0.00073 -0.11642 +0.02976 +0.02330
-0.07884 +0.01978 +0.02471 -0.10197 -0.00566 +0.02633
-0.08584 +0.04202 +0.01272 -0.08859 +0.01021 +0.03317
-0.08886 +0.05105 -0.01181 -0.09309 +0.06730 +0.05620
-0.07906 +0.03705 -0.02513 -0.07718 +0.05263 +0.02504
-0.06229 +0.02384 -0.05166 -0.07587 +0.09315 +0.01776
-0.03488 -0.02151 -0.02285 -0.07826 +0.06944 -0.01217
-0.02759 -0.02934 -0.00408 -0.07816 +0.12284 -0.00924
-0.01656 -0.03837 -0.03258 -0.06549 +0.11952 +0.00470
-0.01350 -0.04323 -0.02199 -0.07993 +0.10399 +0.00103
-0.01542 -0.04346 -0.00117 -0.09056 +0.13874 -0.01458
-0.02862 -0.07973 +0.05310 -0.13618 +0.05491 +0.05178
-0.07226 +0.01436 -0.00307 -0.05897 +0.02020 +0.07964
-0.07048 +0.00349 +0.02279 -0.07510 +0.02765 +0.06074
-0.08084 +0.01944 +0.02421 -0.08839 -0.00061 +0.06141
-0.07699 +0.01380 +0.02911 -0.03755 +0.01203 +0.04965
-0.06443 +0.00682 +0.02480 -0.09960 +0.02635 +0.03571
-0.05377 -0.00881 +0.04396 -0.08298 +0.05504 +0.01154
-0.03317 -0.03214 +0.01496 -0.08176 +0.04381 +0.02278
-0.02960 -0.03974 +0.00434 -0.10007 +0.03768 +0.02765
-0.02569 -0.04217 +0.01138 -0.07507 +0.06098 +0.00357
-0.03186 -0.03082 +0.02128 -0.08058 +0.06546 +0.02940
-0.03548 -0.02500 +0.01375 -0.09586 +0.03219 +0.03156
-0.03457 -0.03540 +0.10805 -0.10677 +0.06995 -0.02393
-0.05170 -0.02203 +0.10466 -0.10090 +0.06073 +0.02322
-0.04965 -0.01767 +0.08128 -0.08954 +0.04001 +0.02073
-0.07346 +0.05497 +0.05996 -0.09888 -0.00194 +0.03496
-0.04803 +0.05913 +0.06274 -0.12774 +0.02927 +0.01229
-0.01050 -0.00327 +0.03761 -0.10422 +0.02336 +0.01949
-0.00441 -0.00700 +0.01321 -0.09869 +0.00908 +0.02247
-0.00869 -0.00047 +0.00412 -0.09357 +0.01663 +0.03876
-0.00658 -0.00159 +0.00696 -0.08681 +0.01848 +0.03737
-0.00834 -0.00204 +0.02222 -0.07812 +0.03179 +0.03949
-0.00016 -0.00974 +0.00360 -0.09334 +0.02593 +0.03475
-0.00553 +0.00016 -0.02461 -0.07316 +0.01601 +0.03514
-0.00455 +0.00867 -0.01978 -0.04908 +0.04503 +0.01782
+0.04398 -0.17154 -0.08623 -0.04203 +0.09436 +0.00831
-0.06068 -0.00009 -0.01556 -0.01925 +0.06834 +0.02250
-0.04956 -0.01067 -0.02316 +0.01645 +0.08942 -0.00162
-0.04523 -0.01269 -0.00520 +0.00737 +0.09427 +0.00359
-0.04659 -0.01815 -0.02800 -0.01413 +0.06077 +0.02182
-0.04765 -0.01686 -0.01340 -0.01271 +0.05921 +0.01001
-0.05500 -0.01758 +0.01423 -0.00294 +0.04843 +0.04799
-0.04828 -0.02948 -0.00767 -0.01636 +0.05330 +0.02883
-0.06643 -0.00301 +0.01457 +0.01555 +0.08072 +0.04848
-0.04948 -0.02377 -0.00798 +0.00041 +0.06276 +0.03219
-0.05624 -0.01010 -0.01931 +0.02756 +0.06713 +0.03434
-0.05526 -0.01965 -0.03172 +0.00185 +0.03914 +0.04292
-0.05964 -0.01773 -0.00958 -0.00874 +0.05390 +0.04154
-0.05868 -0.00998 -0.00824 +0.02497 +0.07265 +0.02680
-0.05569 -0.01247 -0.03561 +0.04090 +0.04500 +0.03717
-0.05732 -0.01084 -0.02965 +0.02212 +0.06488 +0.04222
-0.04927 -0.02247 -0.00121 +0.00074 +0.06689 +0.02073
-0.06130 -0.00872 -0.02917 -0.00744 +0.04313 +0.04280
-0.05814 -0.01510 -0.02284 +0.00095 +0.04443 +0.03654
-0.07288 -0.05407 -0.00825 -0.06602 -0.10686 +0.10208
-0.07983 -0.02051 +0.00490 -0.01080 -0.02329 +0.05243
-0.07468 -0.01596 -0.01010 +0.00066 +0.02025 +0.05275
-0.06910 -0.02833 +0.02692 -0.02667 -0.00363 +0.06609
-0.06731 -0.02787 +0.01080 -0.00716 +0.03238 +0.04797
-0.06551 -0.03404 +0.01176 -0.00256 +0.00550 +0.03375
-0.06913 -0.02580 +0.02306 +0.01900 -0.01632 +0.05119
-0.07466 -0.02514 +0.00785 +0.02784 -0.00071 +0.05754
-0.07158 -0.03016 -0.00738 +0.01675 +0.02686 +0.05756
-0.06456 -0.03082 +0.00582 +0.00540 +0.02821 +0.06344
-0.07097 -0.02041 -0.00188 +0.00566 +0.03673 +0.04988
-0.06339 -0.02990 -0.00091 +0.00922 +0.02542 +0.05427
-0.07554 -0.01439 -0.01434 +0.02529 +0.01965 +0.06792
-0.06811 -0.02489 -0.01762 +0.03623 +0.03167 +0.05724
-0.06460 -0.01543 -0.03436 +0.00303 +0.00356 +0.07127
-0.06164 -0.02265 -0.00040 +0.00005 +0.01587 +0.05271
-0.07169 -0.02226 -0.01745 -0.00439 +0.01175 +0.08324
-0.06619 -0.02390 -0.00798 +0.03099 +0.01810 +0.05569
-0.10960 +0.16717 +0.04902 -0.03780 -0.05028 +0.05415
-0.01688 +0.02673 -0.00691 -0.03934 +0.00699 +0.02516
-0.00407 +0.02136 -0.02172 -0.03025 +0.03072 +0.02004
+0.00442 +0.01401 -0.03252 -0.04247 +0.03420 +0.00283
+0.00168 +0.02078 -0.03148 -0.02378 +0.03422 +0.01463
+0.04223 -0.16245 -0.09722 -0.04179 +0.04726 +0.00404
-0.03878 -0.03791 +0.00878 -0.07734 +0.01923 +0.04517
-0.10289 +0.12587 +0.16433 -0.16860 -0.09464 +0.08453
-0.04245 +0.06086 +0.05940 -0.12038 -0.01391 -0.00828
-0.00019 +0.00081 +0.01390 -0.11148 -0.00342 -0.01987
+0.01336 -0.01372 +0.01669 -0.11310 +0.00429 -0.02405
+0.02902 -0.09944 -0.02337 -0.05030 +0.08017 -0.13242
-0.02534 +0.14215 -0.06619 +0.03537 +0.05470 -0.00609
-0.01271 +0.14481 -0.07542 +0.03872 +0.15872 -0.01267
+0.03147 +0.05333 -0.10099 -0.08412 -0.12358 +0.14753
+0.03045 +0.09480 -0.11131 -0.08617 +0.00943 +0.02108
+0.02333 +0.10949 -0.05937 -0.06631 +0.00208 +0.00614
+0.04654 +0.07871 -0.10114 -0.16938 -0.09906 +0.05126
-0.00066 +0.12779 -0.15901 -0.04728 -0.10363 +0.13284
+0.05676 +0.07234 -0.09208 -0.04131 +0.05170 -0.06857
+0.03202 +0.09087 -0.10049 -0.10298 -0.16482 +0.08929
+0.05917 +0.05968 -0.10220 -0.07299 -0.06017 -0.03377
+0.04654 +0.08161 -0.06948 -0.06428 -0.00017 -0.06699
+0.05264 +0.06025 -0.05480 -0.06460 +0.03312 -0.08706
+0.04569 -0.16148 -0.04806 -0.11644 -0.18676 -0.07395
-0.02595 -0.04872 -0.02961 -0.06722 -0.05452 -0.05739
-0.06587 +0.00358 -0.00941 +0.00399 -0.01857 -0.02025
-0.06049 +0.02588 -0.08939 +0.03284 -0.06332 -0.01506
-0.04157 -0.01557 -0.05288 -0.07421 -0.04781 -0.03891
-0.05918 +0.00341 -0.06920 -0.07470 -0.08089 +0.00374
-0.05869 +0.00406 -0.03848 +0.00422 -0.06266 -0.00576
-0.05367 +0.02766 -0.05846 -0.05122 -0.06549 -0.01139
-0.03446 +0.02008 -0.08095 -0.07696 -0.02523 -0.01276
-0.02067 -0.03124 -0.03087 -0.03830 -0.02564 -0.02546
-0.02812 -0.03808 -0.07642 -0.03518 -0.01896 -0.01975
-0.04098 -0.01091 -0.01398 -0.01382 +0.00508 -0.04408
-0.05061 -0.01500 +0.00451 +0.00603 +0.00527 -0.00630
-0.03991 -0.02397 -0.06656 -0.00711 -0.03064 -0.00622
-0.04555 -0.03988 +0.02819 -0.02338 -0.01850 -0.00582
-0.05051 -0.03252 -0.03553 +0.02484 -0.04535 +0.00043
-0.05997 -0.01156 -0.01358 +0.02508 -0.01870 +0.01771
-0.06265 -0.01464 +0.01037 +0.04138 -0.00378 +0.01900
-0.05305 -0.02799 -0.00842 +0.01017 -0.02168 +0.02059
-0.06854 -0.00433 -0.04735 +0.06205 -0.04875 +0.03936
-0.05636 -0.02628 -0.04064 +0.02152 -0.02795 +0.03725
-0.06361 -0.01615 -0.01218 +0.04487 -0.00262 +0.04169
-0.05851 -0.02669 -0.01400 +0.01990 -0.02355 +0.05555
-0.05738 -0.02029 -0.01674 +0.02228 +0.00027 +0.04303
-0.05363 -0.03214 +0.01446 -0.02216 +0.02269 +0.02314
-0.06314 -0.02395 -0.03369 -0.01433 +0.00897 +0.06533
-0.05762 -0.02283 -0.01258 +0.02712 +0.02372 +0.03819
-0.10087 +0.14852 +0.07668 -0.04513 -0.01751 -0.01422
-0.00926 +0.00701 -0.00166 -0.02788 +0.01810 -0.00843
-0.00230 -0.00723 -0.00796 -0.01980 +0.04179 -0.01189
-0.00112 -0.00527 -0.01050 -0.01259 +0.05896 -0.02309
+0.00394 -0.01018 -0.01034 -0.04236 +0.03847 -0.02282
-0.00205 -0.00184 -0.02435 -0.01194 +0.01967 -0.01868
+0.00151 -0.00722 -0.00919 -0.00442 +0.02371 -0.00832
+0.00000 +0.00000 +0.00000 +0.00000 +0.00000 +0.00000
+0.03308 -0.07898 -0.03194 -0.01942 -0.01013 +0.00839
+0.00741 -0.11684 -0.10238 +0.02759 +0.03767 +0.02036
-0.05957 -0.01647 -0.03909 +0.05390 +0.03890 +0.04280
-0.05685 -0.01329 -0.02142 +0.06829 +0.05618 +0.02971
-0.05729 -0.01620 -0.03186 +0.03720 +0.04379 +0.03806
-0.05899 -0.02040 -0.00063 +0.01024 +0.00871 +0.03550
-0.05067 -0.02955 -0.02431 -0.00449 +0.02188 +0.03772
-0.05686 -0.01270 +0.00070 +0.01164 +0.03285 +0.03415
-0.04551 -0.03423 -0.00179 +0.00987 +0.02789 +0.02432
-0.05998 -0.01838 +0.01257 +0.02167 +0.06670 +0.02952
-0.05051 -0.04884 +0.01537 -0.01246 +0.03843 +0.04000
-0.05322 -0.04658 +0.00987 +0.01318 +0.03363 +0.03172
-0.06240 -0.02937 +0.02704 -0.00253 +0.03648 +0.03921
-0.05729 -0.03531 +0.01447 +0.01120 +0.04431 +0.04257
-0.05811 -0.02834 +0.00582 +0.05173 +0.05838 +0.04410
-0.05982 -0.02111 -0.01855 +0.06348 +0.03653 +0.03661
-0.05056 -0.03611 -0.01348 +0.00815 +0.04944 +0.04698
-0.05989 -0.02185 -0.06990 +0.05449 +0.02209 +0.06678
-0.05385 -0.02354 -0.03798 +0.06913 +0.07192 +0.04371
-0.05500 -0.01529 -0.04544 +0.07974 +0.04829 +0.06747
-0.04984 -0.01979 -0.05680 +0.06080 +0.07831 +0.04486
-0.05954 -0.03254 -0.01182 +0.02689 +0.03200 +0.05845
-0.06918 -0.03249 -0.01387 -0.00108 -0.00035 +0.04924
-0.06616 -0.02965 -0.04510 +0.02311 +0.02475 +0.06574
-0.06903 -0.02080 -0.01486 +0.04554 +0.06033 +0.04634
-0.07048 -0.02148 -0.05268 +0.02424 +0.00068 +0.05950
-0.06325 -0.02306 -0.04123 +0.06189 +0.03856 +0.05670
-0.06460 -0.01608 -0.03317 +0.03578 +0.01664 +0.05733
-0.07860 +0.06482 -0.01854 +0.00269 -0.00972 -0.00013
-0.03624 +0.06010 +0.03438 -0.08179 -0.07021 +0.00324
-0.01426 +0.15398 -0.04269 +0.00481 +0.03563 -0.02914
-0.00250 +0.13832 -0.08224 +0.05441 -0.04586 +0.04623
+0.05599 +0.05760 -0.10928 -0.13597 +0.07475 -0.02495
+0.05117 +0.05671 -0.08804 -0.10566 -0.01367 -0.01508
+0.04628 +0.07264 -0.05521 -0.09985 +0.02409 -0.03933
+0.04751 +0.06392 -0.07477 -0.07603 +0.04092 -0.05901
+0.01692 +0.04340 -0.04368 -0.00812 +0.01172 -0.12409
+0.05621 -0.23940 -0.17345 -0.13918 -0.13995 -0.00074
-0.07974 +0.01437 -0.03864 -0.00928 -0.11126 -0.05527
-0.07491 +0.00654 -0.03467 +0.00776 -0.07805 -0.05866
-0.07821 +0.00720 -0.04297 -0.00035 -0.06422 -0.03386
-0.07208 -0.01102 -0.02753 -0.00263 -0.03001 -0.04099
-0.07073 -0.03016 -0.04070 -0.01207 -0.08957 +0.02766
-0.08437 -0.01396 -0.01597 +0.02515 -0.08027 -0.00435
-0.09958 -0.02225 +0.05260 -0.02894 -0.17825 +0.02268
-0.10911 -0.03741 -0.02244 -0.05725 -0.19347 -0.03548
-0.10643 -0.01814 -0.03822 +0.00839 -0.07961 -0.01661
-0.10064 -0.02144 -0.00365 -0.00059 -0.03098 -0.00925
-0.11377 +0.10872 +0.06291 -0.08675 -0.00424 -0.08634
-0.07934 +0.07306 -0.01979 +0.02054 -0.00943 -0.06123
-0.02555 -0.00913 -0.04654 +0.00025 +0.01355 -0.09239
-0.03110 -0.03453 -0.07140 +0.06710 +0.05112 -0.08091
-0.04138 -0.04138 -0.13109 +0.13208 +0.08506 -0.04819
-0.07016 -0.04162 -0.07729 -0.07885 +0.00672 +0.03737
-0.09398 -0.00185 -0.06391 +0.00618 -0.01511 +0.02073
-0.11347 +0.04246 -0.11426 +0.07173 -0.01133 +0.05773
-0.08886 +0.12859 -0.00834 -0.10426 +0.01680 -0.07146
-0.01131 +0.02000 -0.06417 -0.06859 +0.03261 -0.04243
-0.02504 +0.05413 -0.09037 +0.04098 +0.04844 -0.00693
+0.02794 -0.01319 -0.09009 -0.08374 +0.15796 -0.13485
-0.00751 +0.03715 -0.05911 +0.00366 +0.07979 -0.08287
-0.00301 +0.02421 -0.09672 -0.01496 +0.23985 -0.17474
+0.02222 +0.00883 -0.06604 -0.07158 +0.18633 -0.11853
+0.00733 -0.11640 -0.22978 +0.03348 -0.03395 +0.15864
-0.03852 -0.00328 -0.15533 +0.00969 +0.11331 -0.06506
-0.05552 +0.02127 -0.11005 +0.08912 +0.00996 -0.04111
-0.05523 -0.00549 -0.09846 -0.02193 +0.07023 +0.00651
-0.05842 -0.00721 -0.06257 -0.02809 +0.00886 -0.00693
-0.05679 -0.00403 -0.00726 -0.03322 +0.02035 -0.05173
-0.05492 -0.00849 -0.00935 -0.03422 -0.00094 -0.06217
-0.06549 -0.00448 +0.01006 -0.03328 +0.02572 -0.02757
-0.06975 -0.00195 -0.03044 -0.01410 -0.00920 -0.00072
-0.07012 +0.00107 -0.03854 -0.00665 -0.00777 +0.01316
-0.09694 +0.17989 +0.03553 -0.05884 +0.01873 -0.05483
+0.00030 +0.00519 -0.03165 -0.02675 +0.01490 -0.02481
+0.00143 +0.01486 -0.04140 +0.00018 +0.03396 -0.04403
+0.00180 +0.01470 -0.05479 -0.02019 +0.01843 -0.01999
-0.00062 +0.01242 -0.04806 -0.02068 +0.00870 -0.02425
+0.00128 +0.00882 -0.05669 -0.01607 +0.02904 -0.00940
-0.00491 +0.01462 -0.05147 -0.01023 +0.01869 -0.01122
+0.00818 +0.00542 -0.03691 -0.03683 +0.03602 -0.04150
-0.00565 +0.01716 -0.02720 -0.01604 +0.03651 -0.02632
+0.01433 -0.05183 -0.09197 -0.04632 -0.08301 +0.05314
+0.01379 -0.14015 -0.10816 -0.04457 +0.02251 +0.01367
-0.06779 -0.00720 -0.02251 -0.02202 +0.00328 +0.02150
-0.06859 +0.00078 -0.03875 +0.01829 -0.00204 +0.00982
-0.06859 +0.00078 -0.02983 +0.03483 +0.00579 +0.01129
-0.06903 +0.00187 -0.03746 +0.04613 +0.02797 +0.00882
-0.06552 -0.00071 -0.00909 +0.01913 +0.04920 +0.00078
-0.07026 -0.01059 -0.02927 +0.00197 -0.02690 +0.05540
-0.07075 +0.00005 -0.04006 -0.03015 -0.00503 +0.04891
-0.07968 +0.00101 -0.02948 +0.00296 +0.02090 +0.03841
-0.07332 +0.00655 +0.00361 +0.00083 +0.04386 +0.01160
-0.08299 -0.01656 -0.02862 -0.00671 -0.00168 +0.04834
-0.12693 +0.18649 +0.04922 -0.03911 -0.03718 +0.02426
-0.02095 +0.02894 -0.01499 -0.02059 +0.03454 -0.01266
-0.02091 +0.02425 -0.04362 +0.01506 +0.01701 +0.01901
-0.00929 +0.01046 -0.05587 +0.03109 +0.00909 +0.00863
-0.00834 +0.01546 -0.04360 -0.00325 +0.04483 -0.01470
-0.00900 +0.01783 -0.02721 +0.01349 +0.01315 +0.00011
-0.00203 +0.00400 -0.01963 -0.00216 +0.04077 -0.01299
-0.00110 +0.01476 -0.05190 -0.01691 +0.02913 +0.00279
+0.00285 +0.00838 -0.02879 -0.02506 +0.07195 -0.03667
-0.00729 +0.01971 -0.02987 +0.01598 +0.05510 -0.03113
-0.00136 +0.01215 -0.03770 +0.01042 +0.06034 -0.01507
+0.00548 -0.02253 -0.06866 -0.00036 +0.00497 +0.01855
+0.02689 -0.16642 -0.09690 -0.00368 +0.06443 -0.02988
-0.07555 +0.00791 -0.04599 +0.05889 +0.05205 +0.01112
-0.07124 -0.00443 -0.05669 +0.07726 +0.05513 +0.01924
-0.06595 -0.00291 -0.06171 +0.04345 +0.04112 +0.04091
-0.05998 -0.00064 -0.06345 +0.06145 +0.07887 -0.00285
-0.06215 -0.00422 -0.03330 +0.02769 +0.06739 +0.01159
-0.08743 +0.06400 +0.02543 +0.01029 +0.02289 -0.03988
-0.08965 +0.21328 +0.02167 -0.01080 +0.03842 -0.09019
+0.00559 -0.02241 -0.06353 -0.07207 -0.08649 +0.03263
+0.05872 +0.01492 -0.14974 -0.03905 +0.08250 -0.01256
-0.00391 +0.14076 -0.05049 -0.03471 +0.04040 -0.02291
+0.03047 +0.08462 -0.09627 -0.02005 +0.04629 -0.05613
+0.02598 +0.09369 -0.11656 -0.02070 +0.04575 -0.04364
+0.02112 -0.06802 +0.01955 -0.06494 -0.00193 -0.14771
-0.02041 -0.22777 -0.14248 -0.10617 -0.16016 -0.20775
-0.14886 -0.02957 -0.02686 -0.00227 -0.13030 -0.17721
-0.14213 -0.04278 -0.03383 -0.00956 -0.12102 -0.15026
-0.15057 -0.04783 -0.03095 +0.04555 -0.06310 -0.12326
-0.14940 -0.05799 -0.04681 +0.06645 -0.09246 -0.11470
-0.14979 -0.04682 -0.03762 +0.07281 -0.07855 -0.11394
-0.14116 -0.05642 -0.02622 +0.04864 -0.05096 -0.15796
-0.14030 -0.05587 -0.01364 +0.05269 -0.09233 -0.14807
-0.13580 -0.05417 -0.03015 +0.05812 -0.05590 -0.16042
-0.18466 +0.12049 +0.03932 +0.04544 -0.03353 -0.25655
-0.03755 +0.02992 +0.01496 +0.01584 -0.00028 -0.27354
-0.02198 +0.17010 -0.11650 +0.04530 -0.06399 +0.12719
+0.02820 +0.13243 -0.10318 +0.11704 -0.06074 -0.02245
+0.05430 +0.05276 -0.21178 -0.13397 -0.06576 +0.14648
+0.02079 +0.14848 -0.14435 +0.13590 -0.02385 +0.02753
+0.06490 +0.06199 -0.22431 -0.04463 -0.07715 +0.02806
+0.05452 +0.07854 -0.18146 -0.03991 -0.05094 +0.01804
+0.06779 +0.03712 -0.15249 +0.03863 +0.03387 -0.08005
+0.00504 +0.11515 -0.13184 -0.01898 -0.01487 -0.00615
