  380.00252 
  379.32934 
  378.82260 
  378.36367 
  374.87704 
  376.08352 
  377.64719 
  377.94107 
  378.36376 
  379.64640 
  395.74208 
  394.75766 
  385.20961 
  386.27229 
  386.55679 
  386.59941 
  387.07542 
  387.40719 
  387.02477 
  387.52824 
  388.13821 
  388.62191 
  387.85361 
  387.65071 
  388.21999 
  388.19378 
  388.67712 
  388.81631 
  389.43190 
  388.69917 
  389.36759 
  389.62784 
  389.38141 
  389.33317 
  389.15081 
  389.64663 
  395.72961 
  396.37954 
  394.76617 
  395.17614 
  391.58599 
  388.03570 
  388.82359 
  388.89127 
  388.94430 
  389.53516 
  389.41309 
  389.16125 
  389.32477 
  389.11608 
  389.94668 
  396.98033 
  396.02546 
  396.64050 
  396.65862 
  397.17532 
  396.85937 
  397.37656 
  396.93407 
  397.28791 
  397.17197 
  397.44267 
  396.88122 
  396.90036 
  385.91732 
  386.69844 
  386.61894 
  387.34188 
  387.08986 
  387.32317 
  387.77804 
  388.29987 
  387.10685 
  387.66311 
  388.19132 
  389.02257 
  388.30914 
  388.84436 
  388.77978 
  389.02542 
  389.52927 
  388.85874 
  389.12421 
  389.04771 
  388.68483 
  389.06930 
  389.67173 
  389.72125 
  388.64877 
  388.88369 
  388.95490 
  388.97386 
  389.38921 
  389.51856 
  397.33558 
  397.25129 
  396.95721 
  396.90584 
  397.09553 
  396.82381 
  397.73628 
  397.72434 
  397.07808 
  397.55265 
  396.69912 
  396.90590 
  397.45510 
  396.88890 
  396.84934 
  397.16424 
  396.91010 
  396.88476 
  397.79880 
  397.56209 
  397.17947 
  396.85919 
  397.10579 
  397.12921 
  397.24538 
  397.18481 
  396.71862 
  397.42923 
  397.38038 
  397.75785 
  396.86114 
  391.57881 
  387.36486 
  387.98818 
  388.04820 
  388.11488 
  388.61401 
  388.61956 
  388.76477 
  389.35180 
  389.79346 
  389.24905 
  393.66143 
  398.29582 
  396.96064 
  396.67934 
  396.30132 
  396.65489 
  396.03367 
  396.31430 
  396.56132 
  396.39418 
  395.80647 
  395.66293 
  395.69517 
  395.90205 
  395.52980 
  395.64343 
  395.05540 
  395.11924 
  395.31018 
  395.60184 
  396.11022 
  395.82196 
  395.10356 
  384.65583 
  387.19764 
  387.04510 
  387.31585 
  387.75635 
  388.14060 
  388.05168 
  388.09641 
  388.44537 
  388.38868 
  388.55912 
  388.81910 
  388.89256 
  390.47002 
  388.95431 
  389.57897 
  390.28616 
  390.28136 
  390.26703 
  390.20784 
  390.65686 
  390.36782 
  390.14124 
  396.53822 
  397.39194 
  396.76169 
  396.95483 
  396.93435 
  396.88490 
  399.14482 
  396.54639 
  395.48711 
  395.84467 
  395.82148 
  396.69985 
  396.87602 
  396.90477 
  396.99752 
  392.59894 
  384.49812 
  387.11671 
  386.95702 
  386.92254 
  387.69974 
  387.63676 
  388.19921 
  387.76667 
  388.01775 
  387.58892 
  387.81133 
  387.94066 
  388.85805 
  388.54314 
  388.37498 
  388.75610 
  388.35471 
  389.12132 
  389.83722 
  388.95753 
  389.18637 
  389.12354 
  388.86090 
  389.23119 
  389.81575 
  389.27059 
  389.25766 
  392.12204 
  396.31754 
  395.78316 
  395.79917 
  396.68257 
  396.59677 
  396.08963 
  396.15521 
  385.45426 
  387.05413 
  386.47647 
  386.68124 
  386.83329 
  386.51946 
  386.77886 
  386.48459 
  387.05133 
  386.58462 
  387.56130 
  387.45218 
  387.56934 
  391.76874 
  399.90815 
  398.01202 
  397.33312 
  396.40743 
  396.38051 
  396.27234 
  396.55666 
  396.04950 
  396.31999 
  396.30530 
  396.48913 
  396.32557 
  396.06818 
  396.42034 
  396.55580 
  395.99636 
  396.77547 
  396.98545 
  396.35275 
  396.47846 
  396.22452 
  396.12352 
  395.78625 
  388.00687 
  386.91611 
  387.91652 
  388.08933 
  388.61941 
  389.36336 
  389.05557 
  389.27496 
  389.24954 
  389.86944 
