-0.08968 -0.02227 +0.10919 +0.02694 +0.07444 +0.06398
-0.08660 -0.02331 +0.11956 +0.05416 +0.09935 +0.11669
-0.09516 -0.03972 +0.05268 +0.05554 -0.06118 -0.04304
-0.09450 -0.03653 +0.10265 +0.09120 -0.03906 -0.00965
-0.09101 -0.09135 -0.00540 +0.05893 +0.06395 +0.03538
-0.11597 -0.02348 -0.03123 -0.00382 +0.02991 -0.01917
-0.08609 -0.02973 +0.17322 -0.03087 +0.06881 -0.02693
-0.10169 -0.02942 +0.03489 +0.08692 +0.08879 +0.14646
-0.10602 -0.08149 -0.04798 +0.00415 +0.03166 -0.01894
-0.09735 +0.07371 -0.11698 +0.01942 +0.32663 +0.02174
-0.10004 +0.29304 +0.00430 +0.00600 +0.14948 -0.05565
-0.02880 +0.17348 -0.00271 +0.01926 +0.10221 -0.21898
-0.00353 -0.16257 -0.04577 +0.17339 +0.30294 -0.16942
-0.06464 -0.04869 -0.01959 -0.06351 +0.18960 -0.00673
-0.07482 -0.01865 +0.02634 -0.06802 +0.16203 +0.02097
-0.07946 -0.02045 -0.02918 -0.04768 +0.06341 -0.10549
-0.07994 +0.00418 +0.07693 +0.05089 +0.05733 -0.02258
-0.06182 -0.04399 +0.00285 -0.09418 +0.15222 -0.01379
-0.06829 -0.02285 +0.08097 +0.03676 +0.00734 -0.14064
-0.07347 -0.02335 -0.02540 -0.04773 +0.13174 -0.09930
-0.07217 -0.03095 +0.03500 -0.02146 +0.02985 -0.21746
-0.06763 -0.02547 +0.02730 -0.06182 +0.12387 -0.09470
-0.07880 -0.00837 -0.01392 -0.04350 +0.14381 -0.01514
-0.07137 -0.04882 +0.00655 +0.02531 +0.00488 -0.07839
-0.07339 -0.03258 -0.05444 +0.05776 +0.07433 -0.07018
-0.07359 -0.00587 +0.05921 +0.04926 +0.08533 -0.02264
-0.06273 -0.04567 +0.02517 +0.01342 +0.10434 -0.02031
-0.06869 -0.01840 +0.04309 +0.04102 +0.08801 -0.01248
-0.05962 -0.04270 -0.02535 +0.05932 +0.08409 +0.03138
-0.07630 -0.01272 -0.02064 +0.11987 +0.02247 -0.05743
-0.06022 -0.04110 -0.00195 +0.11040 +0.05964 +0.03374
-0.05587 -0.03551 +0.02603 +0.12118 +0.01324 -0.08170
-0.06578 -0.02768 -0.02757 +0.11316 +0.04398 -0.04412
-0.06997 -0.03766 -0.09558 +0.08525 +0.01116 -0.06588
-0.06715 -0.00458 +0.08041 +0.12974 +0.02696 -0.02693
-0.05227 -0.04691 +0.02276 +0.04836 -0.00225 -0.12512
-0.10483 +0.15395 +0.04701 +0.07429 +0.03274 -0.06300
-0.03693 +0.02409 +0.02355 +0.00211 +0.04330 -0.03199
-0.03412 +0.01561 +0.05590 +0.01126 +0.03589 +0.01494
-0.04029 +0.01621 -0.03924 -0.02083 +0.01343 -0.08631
-0.00583 -0.08172 +0.04047 +0.01380 -0.02548 -0.07824
-0.01428 -0.12945 -0.01288 +0.07756 +0.02021 -0.06913
-0.05968 -0.02233 -0.01775 +0.01333 +0.03309 -0.10033
-0.07664 -0.01171 -0.06050 +0.05908 -0.00789 -0.05688
-0.06334 -0.02498 -0.00230 +0.06772 -0.00712 -0.06947
-0.05469 -0.03288 -0.04981 +0.01956 +0.01725 -0.13778
-0.07384 -0.00164 -0.04135 +0.08969 -0.01136 -0.09500
-0.05553 -0.02469 +0.02596 +0.18328 -0.00989 -0.01262
-0.04719 -0.05075 +0.01855 +0.11522 -0.02693 -0.05959
-0.06000 -0.02858 -0.08372 +0.18458 +0.01511 +0.00731
-0.09187 +0.03981 -0.11225 -0.00649 -0.01483 -0.00530
-0.10381 +0.13377 +0.02804 +0.00112 -0.02047 -0.01981
-0.04124 -0.00180 -0.00325 -0.02957 +0.00328 +0.01906
-0.03492 +0.00565 +0.00453 -0.01555 +0.06178 +0.01640
-0.03344 -0.00921 +0.05077 +0.02401 -0.02484 +0.03480
-0.03962 +0.01103 -0.05642 +0.04889 +0.06480 +0.01317
-0.03394 -0.01193 -0.00651 +0.01841 -0.01690 -0.00966
-0.03506 +0.02026 +0.03822 -0.00082 +0.05758 +0.03383
-0.02458 -0.00940 +0.02532 -0.03887 +0.02409 -0.07620
-0.03329 +0.00264 +0.00145 -0.06292 +0.07317 +0.04915
-0.02750 -0.00824 +0.00798 -0.03914 +0.07264 +0.01955
-0.03321 +0.00163 +0.03082 -0.04114 +0.02107 -0.01773
-0.02808 -0.01185 -0.00210 -0.03223 +0.03140 -0.00431
-0.03747 -0.00146 -0.10340 -0.01154 +0.06869 +0.01691
+0.00499 -0.23638 -0.05832 +0.00736 +0.11615 +0.01211
-0.07093 -0.03486 +0.09378 +0.00260 +0.03544 +0.02163
-0.07937 -0.02335 +0.04685 -0.00445 +0.04162 +0.01128
-0.07866 -0.02835 +0.00602 -0.10700 +0.09891 -0.01711
-0.07745 -0.02183 +0.05597 -0.00786 +0.03261 +0.02650
-0.08686 -0.00735 +0.00176 +0.00359 +0.04021 +0.06690
-0.08221 -0.02517 -0.01224 -0.03797 +0.03024 +0.01280
-0.07467 -0.01592 +0.05694 -0.04811 +0.03880 -0.04875
-0.07112 -0.02678 +0.08085 +0.04308 -0.03292 -0.04759
-0.08445 -0.00216 +0.03297 -0.00248 +0.00041 -0.02285
-0.06520 -0.05583 +0.00209 -0.09552 +0.01766 -0.02567
-0.06703 -0.03297 +0.09478 -0.05570 -0.02512 -0.06640
-0.07525 -0.01943 -0.01578 +0.06365 -0.01089 -0.04575
-0.06359 -0.03104 +0.07781 -0.04325 +0.01387 +0.01056
-0.07066 -0.03421 -0.07848 +0.01797 +0.03773 -0.00407
-0.06290 -0.02942 +0.10007 +0.01766 -0.04540 -0.09137
-0.05740 -0.04087 +0.05984 -0.00017 +0.00853 -0.09225
-0.05966 -0.04022 +0.08977 -0.04800 -0.00721 -0.07080
-0.06874 -0.01910 +0.03286 -0.03196 +0.04435 -0.06446
-0.07335 -0.03208 -0.03421 -0.01606 -0.03949 -0.09485
-0.07169 -0.01596 +0.07396 +0.05678 +0.00153 +0.02520
-0.07687 -0.01497 -0.01421 -0.01155 -0.02180 -0.09254
-0.06577 -0.04307 -0.02196 -0.07327 +0.01631 -0.07181
-0.05643 -0.01945 +0.10898 -0.04543 +0.03434 -0.10809
-0.07494 -0.02882 -0.03100 +0.01757 -0.02103 -0.02504
-0.06979 -0.01648 +0.09267 +0.06147 -0.09157 -0.04282
-0.06103 -0.05186 +0.02821 -0.05212 -0.05171 -0.01114
-0.07452 -0.02746 -0.05192 +0.02725 -0.02443 -0.03875
-0.07114 -0.03915 -0.01418 +0.05341 -0.09836 -0.03790
-0.08805 -0.00784 -0.12955 -0.02727 +0.01467 -0.01735
-0.11285 +0.15908 +0.08653 -0.04539 +0.00047 +0.07065
-0.04838 +0.03094 +0.04026 -0.00107 +0.03620 +0.01258
-0.04314 +0.01606 +0.03022 +0.03177 -0.04393 -0.03015
-0.02979 -0.01318 +0.00692 -0.06239 -0.05064 -0.15097
-0.03326 +0.00840 +0.05949 -0.07531 +0.03587 +0.02374
-0.03245 -0.01487 +0.04374 -0.01007 -0.04550 +0.06252
-0.02575 +0.01104 +0.07535 -0.03019 +0.04462 +0.03059
-0.03897 +0.00803 -0.04059 +0.04315 -0.00923 +0.02303
-0.03817 +0.00210 -0.03433 +0.03765 -0.01466 +0.02742
-0.03885 +0.00534 -0.04186 +0.00785 -0.00923 +0.03436
-0.02922 -0.00170 -0.02178 -0.03355 +0.03917 +0.05310
-0.03174 +0.00520 -0.02427 +0.00961 +0.02251 +0.03236
-0.04198 +0.01613 -0.01821 +0.00667 -0.02191 -0.01649
-0.02706 -0.00594 -0.02968 -0.02627 -0.00254 +0.04307
-0.03247 +0.01796 +0.01998 +0.02244 -0.03586 -0.05898
-0.02557 -0.00062 +0.02315 -0.02897 +0.04270 +0.11718
-0.03908 +0.00746 -0.04171 +0.00837 -0.02196 +0.03617
-0.04771 +0.02173 -0.11803 +0.00189 -0.00417 +0.01116
-0.02540 +0.00321 +0.02184 -0.04888 -0.01731 -0.03959
-0.03331 +0.01353 -0.03506 -0.03052 +0.06592 +0.07430
-0.02626 -0.00473 -0.01638 -0.01172 -0.03083 -0.03330
-0.03425 +0.00162 +0.00329 +0.02556 -0.06697 +0.04196
-0.04012 +0.02080 -0.09592 +0.02365 +0.05601 +0.05802
-0.03537 +0.00185 -0.03765 -0.00116 -0.03892 +0.02949
-0.03686 +0.00311 -0.04325 -0.01304 -0.06747 +0.00543
-0.04274 +0.02111 -0.11725 +0.03719 -0.00284 +0.02403
-0.03540 -0.00691 -0.09269 -0.04027 -0.09781 -0.12117
-0.03328 +0.02139 +0.03947 -0.06842 -0.02137 -0.01235
-0.02918 +0.00710 +0.00856 -0.07698 -0.02770 -0.00484
-0.02599 +0.02137 +0.04000 -0.00619 +0.03098 +0.05640
-0.02472 -0.01445 -0.06833 -0.05502 -0.00326 -0.05369
-0.01390 -0.09017 -0.04060 -0.00700 -0.03012 +0.00427
-0.01710 -0.10107 +0.07837 +0.06936 +0.02197 +0.08048
-0.06653 -0.01880 -0.04434 +0.06890 -0.00717 +0.06775
-0.06070 -0.02325 +0.02526 +0.12151 -0.07837 +0.09746
-0.06014 -0.01204 +0.00299 +0.07059 -0.02859 +0.00548
-0.06387 -0.03268 -0.05391 +0.08506 -0.07076 +0.04701
-0.06602 -0.02216 -0.08160 +0.05030 -0.01706 +0.02546
-0.06510 -0.00809 +0.02415 +0.16702 -0.07756 +0.04592
-0.05538 -0.04452 -0.03399 +0.13771 -0.05932 +0.05131
-0.05101 -0.01497 +0.06793 +0.08571 -0.04169 -0.00151
-0.05750 -0.03245 -0.03223 +0.12181 -0.08359 -0.04045
-0.10264 +0.13813 +0.04117 +0.01873 +0.00807 +0.09057
-0.05847 +0.13090 +0.05215 +0.12007 +0.06515 +0.08779
-0.01512 +0.02969 -0.02928 +0.10420 -0.02354 -0.00483
-0.01723 +0.03482 -0.06276 +0.08317 -0.02100 -0.02235
+0.00000 +0.00000 +0.00000 +0.00000 +0.00000 +0.00000
-0.02151 +0.02342 -0.09014 +0.03854 -0.03017 +0.04515
-0.00771 +0.00507 -0.04540 +0.02797 -0.02690 +0.05552
-0.01173 +0.00998 -0.09447 +0.00135 -0.01571 -0.00806
-0.01354 +0.03051 -0.05278 +0.01730 -0.03444 +0.03500
-0.00283 +0.00275 -0.00928 +0.04128 -0.06058 +0.01917
-0.01931 +0.02312 -0.04979 -0.06749 -0.06515 -0.00982
-0.00979 +0.02026 +0.00665 -0.03988 -0.06470 -0.06332
-0.00417 +0.01039 +0.03743 -0.12239 -0.04657 +0.00631
-0.01292 +0.00649 -0.02669 -0.12883 -0.08429 +0.00643
-0.02140 +0.03756 -0.05938 -0.06389 +0.01170 +0.09883
-0.01705 +0.02683 -0.02765 -0.06925 -0.07521 -0.01030
-0.00822 +0.01492 -0.01209 -0.03025 -0.06514 -0.01031
-0.01996 +0.03186 -0.03074 -0.04585 -0.09306 -0.02079
-0.01274 +0.01725 -0.02219 -0.05183 -0.06371 +0.00385
-0.01147 -0.00583 -0.05755 -0.08004 -0.07534 +0.02383
-0.01148 +0.03238 -0.00133 -0.02708 -0.01480 +0.05988
-0.01425 +0.01887 -0.05229 -0.11606 -0.02391 +0.06763
-0.01123 +0.03052 -0.00819 -0.06292 -0.02274 +0.02873
+0.05777 -0.33026 -0.09316 -0.08060 +0.00022 +0.03739
-0.07436 -0.02402 -0.06677 -0.01200 +0.01646 +0.12014
-0.06891 -0.01599 +0.04140 -0.00808 +0.02956 +0.08952
-0.08222 -0.02258 -0.08722 -0.07186 -0.02419 +0.04774
-0.07925 -0.00892 -0.05428 +0.00876 +0.00404 +0.06445
-0.07907 -0.02707 -0.06701 -0.05155 -0.04058 +0.04653
-0.06276 -0.02147 +0.09583 -0.01619 -0.09887 -0.09920
-0.08031 -0.01004 -0.06572 +0.02222 -0.03902 +0.04927
-0.07404 -0.00846 +0.01747 +0.07130 -0.07452 +0.03191
-0.06783 -0.02088 +0.03578 +0.09256 -0.06826 +0.08571
-0.06815 -0.02115 -0.00073 +0.08288 -0.04379 +0.07395
-0.07161 +0.00219 +0.04877 +0.08613 -0.06344 +0.04750
-0.06550 -0.03484 -0.08438 -0.03162 -0.02445 +0.02986
-0.06706 -0.01082 +0.03973 -0.06234 +0.02924 +0.03756
-0.06499 -0.04561 -0.08057 +0.00513 -0.06455 -0.02310
-0.07908 -0.00604 -0.08665 +0.00365 -0.03192 -0.00974
-0.05815 -0.02128 -0.00042 -0.03276 +0.00406 -0.07906
-0.05964 -0.01842 -0.01660 +0.01503 +0.02725 -0.03761
-0.06780 -0.01285 +0.02524 +0.05752 -0.10213 -0.04845
-0.06697 -0.04347 -0.12096 -0.01242 -0.04044 -0.01751
-0.06064 -0.01294 -0.02067 -0.00196 -0.00575 -0.07156
-0.06530 -0.02264 -0.02326 +0.05373 -0.02396 +0.03043
-0.06004 -0.02453 +0.03402 +0.06127 -0.05485 -0.01215
-0.10120 +0.16064 +0.11856 -0.08568 -0.03998 +0.00265
-0.05604 +0.02593 -0.10033 -0.06690 -0.01732 -0.01396
-0.04430 +0.00384 -0.05939 -0.05918 -0.07533 +0.01144
-0.05312 +0.03267 -0.08369 -0.00660 -0.04614 -0.06861
-0.03725 +0.01192 -0.00648 -0.04151 +0.02427 +0.02692
-0.03203 +0.02179 +0.03544 -0.05328 -0.02376 -0.00232
-0.04102 +0.09306 +0.02242 -0.01700 +0.03208 +0.06788
-0.01963 +0.03870 -0.06565 -0.01840 +0.00007 +0.01649
-0.01309 +0.04991 -0.01974 -0.02109 +0.04341 +0.03069
-0.01378 +0.02695 -0.06793 -0.05909 -0.02678 +0.01677
-0.01067 +0.03144 +0.00608 -0.02926 -0.09774 -0.14861
-0.01704 +0.04355 -0.02493 +0.00268 -0.04721 -0.04871
-0.01468 +0.03311 -0.07211 -0.03837 -0.00635 +0.02184
-0.01204 +0.04279 -0.01667 -0.02405 -0.01708 +0.07661
+0.00026 +0.02566 -0.02154 -0.06776 -0.02091 -0.07974
+0.01647 -0.05816 +0.04324 -0.00633 -0.10268 +0.10414
+0.04230 -0.29691 +0.05397 -0.10227 +0.04810 +0.08574
-0.08741 -0.01073 -0.04219 -0.03682 -0.02479 +0.06570
-0.07076 -0.02377 +0.00947 -0.09689 -0.02255 -0.07870
-0.07905 +0.00436 +0.03530 +0.02007 -0.06450 +0.03433
-0.06761 -0.03111 +0.01335 -0.01805 -0.05958 +0.00019
-0.07091 -0.01905 -0.02079 -0.02860 +0.06414 +0.14320
-0.06161 -0.04785 +0.05484 -0.13813 -0.03541 +0.03312
-0.06831 -0.03931 -0.01931 -0.00031 -0.07082 -0.01015
-0.06482 -0.01126 +0.15322 -0.00737 -0.08257 +0.08770
-0.07753 -0.02817 -0.02036 -0.06432 -0.08264 +0.01946
-0.08207 -0.02235 -0.03742 -0.06850 -0.09849 +0.00954
-0.07248 -0.02182 -0.03395 -0.12830 +0.01852 +0.05932
-0.06942 -0.02787 -0.00605 -0.02826 -0.06648 -0.05139
-0.07399 -0.02071 -0.03674 -0.09118 +0.02919 +0.04913
-0.07776 -0.01590 +0.04580 +0.01784 -0.11607 +0.02022
-0.06492 -0.02373 +0.07387 -0.03018 -0.05580 -0.00187
-0.07340 -0.01867 +0.03947 +0.00948 -0.03450 +0.11791
-0.07266 -0.02938 -0.05419 +0.04269 -0.03604 +0.05723
-0.07275 -0.01616 +0.01801 -0.06304 +0.01145 +0.05557
-0.06978 -0.03588 -0.07385 -0.11464 -0.00499 -0.02708
-0.08070 -0.01822 -0.06672 -0.01140 -0.10613 -0.03852
-0.07543 -0.02174 +0.01666 +0.03330 -0.08313 +0.02225
-0.08006 -0.00553 -0.04359 -0.00216 -0.03228 +0.00196
-0.06724 -0.03572 -0.02515 -0.04829 -0.05021 -0.05202
-0.06610 -0.00491 +0.18250 +0.00028 -0.09353 +0.02731
-0.07726 -0.03858 -0.03440 -0.05149 -0.06374 +0.04439
-0.07375 -0.02137 -0.02745 -0.07524 -0.01259 -0.00240
-0.10759 +0.09192 -0.05235 +0.01011 -0.12388 -0.02435
-0.08133 +0.09422 +0.00653 -0.00760 -0.06683 -0.01073
-0.05144 +0.01569 -0.09361 -0.03476 -0.01227 +0.04861
-0.04910 +0.03548 +0.01723 -0.00971 -0.00569 +0.05530
-0.04788 +0.00043 -0.11542 -0.04110 +0.00008 +0.01259
-0.04382 +0.01597 -0.02767 -0.03720 -0.03655 -0.02644
-0.04667 +0.01260 -0.00135 -0.02803 -0.09036 -0.03300
-0.04348 +0.00875 +0.00006 -0.06738 +0.00057 +0.04514
+0.02562 -0.27352 +0.20021 -0.06862 -0.05275 -0.04764
-0.08803 -0.02723 -0.02036 -0.19894 +0.02847 -0.02533
-0.07362 -0.03835 +0.07108 -0.10726 -0.00882 +0.00144
-0.07896 -0.00681 +0.02665 -0.05133 +0.04397 -0.01950
-0.07714 -0.02198 -0.01321 -0.05979 +0.07826 +0.06845
-0.08561 -0.02547 -0.02510 -0.03167 -0.06295 -0.06526
-0.06892 -0.00207 +0.16526 -0.00199 +0.00878 +0.06803
-0.07954 -0.04585 -0.08577 -0.07969 -0.00297 +0.02135
-0.09290 +0.00437 +0.04072 -0.03508 -0.05037 +0.03710
-0.07981 -0.02131 +0.03141 +0.00122 -0.05342 -0.00922
-0.07222 -0.03177 -0.01324 -0.12549 +0.03362 +0.04711
-0.08500 -0.01769 -0.05773 -0.03560 +0.01530 +0.02712
-0.07989 -0.02740 +0.04036 -0.07038 -0.10630 -0.01692
-0.12134 +0.12057 -0.03186 -0.07152 +0.02086 +0.07003
-0.09493 +0.23566 +0.14720 -0.07330 +0.05287 +0.03923
-0.02053 +0.06312 -0.03736 -0.05412 +0.06193 -0.01549
-0.01195 +0.04059 -0.02131 -0.03316 -0.04749 -0.10754
-0.00897 +0.02811 -0.04991 -0.01331 +0.01708 -0.03198
-0.00562 +0.01858 -0.04073 -0.02274 -0.01018 -0.01686
-0.00059 +0.02884 +0.00493 -0.02336 +0.01466 -0.00091
+0.00868 +0.01849 +0.06968 -0.02945 -0.02559 -0.01233
+0.00001 +0.01460 -0.07961 -0.00533 -0.03606 -0.09084
-0.00676 +0.03812 -0.04224 +0.03026 -0.01769 -0.01334
+0.00055 +0.02598 -0.03100 -0.00890 -0.03143 -0.06610
-0.00493 +0.02690 -0.06816 +0.01437 -0.04897 -0.06840
-0.00165 +0.01537 -0.07499 -0.02218 -0.03631 -0.05872
-0.00780 +0.04034 -0.05408 +0.01637 -0.01965 +0.01939
+0.00885 +0.02249 +0.03099 -0.00305 +0.02211 +0.02626
-0.00673 +0.02951 -0.13565 -0.01639 -0.00526 -0.02330
-0.00758 +0.02425 -0.10957 +0.03042 -0.03999 -0.00958
-0.00645 +0.02867 -0.12922 +0.02111 -0.00961 -0.00103
+0.00589 +0.02395 -0.00100 -0.00746 +0.02058 +0.00443
+0.00390 +0.01391 -0.04094 +0.06842 -0.04810 -0.03626
-0.00497 +0.03379 -0.06377 +0.02823 -0.01468 +0.01360
+0.00355 +0.01456 -0.04894 +0.01592 +0.00410 +0.08554
-0.00003 +0.03028 -0.11086 +0.03727 +0.05967 +0.03842
+0.00730 +0.01799 -0.06663 +0.04531 +0.00546 -0.03022
+0.01925 -0.13194 -0.09136 +0.06513 +0.00101 +0.05371
+0.01248 -0.24023 -0.00605 -0.07878 -0.00839 +0.10037
-0.08028 -0.02736 -0.06478 -0.05314 +0.01257 +0.04310
-0.08452 +0.00591 +0.01785 +0.10745 -0.03054 +0.13595
-0.06113 -0.04735 +0.01702 -0.01063 -0.05826 +0.02903
-0.06549 -0.02741 +0.00653 -0.05656 -0.02665 -0.07250
-0.07207 -0.00736 +0.05501 +0.02906 -0.01218 +0.10046
-0.07023 -0.03466 -0.06175 +0.06431 +0.00719 +0.10541
-0.08022 -0.02427 -0.08368 +0.05410 -0.04607 +0.09781
-0.07727 -0.02147 -0.09399 +0.00890 +0.02587 +0.04395
