  355.58200 
  354.45223 
  343.39353 
  347.51034 
  348.02959 
  349.38909 
  349.93393 
  350.14383 
  349.89826 
  349.70494 
  349.54304 
  349.18861 
  347.89774 
  348.05417 
  347.58093 
  347.71553 
  353.50757 
  357.14392 
  356.36663 
  355.97428 
  355.45193 
  355.02820 
  354.92333 
  355.49239 
  355.92459 
  355.64757 
  355.53247 
  355.37406 
  350.33074 
  346.86980 
  347.52439 
  347.64261 
  347.99293 
  346.71230 
  354.21526 
  355.85746 
  356.55849 
  323.45343 
  335.57562 
  335.05840 
  335.95959 
  336.65865 
  336.25851 
  327.39478 
  326.27853 
  327.11944 
  327.22259 
  327.48253 
  327.13592 
  327.34052 
  327.73439 
  327.63665 
  327.09113 
  327.16512 
  326.76939 
  337.27072 
  335.69671 
  335.61417 
  335.31339 
  335.20081 
  327.15013 
  328.30633 
  333.64961 
  333.52748 
  333.43195 
  333.95102 
  334.51799 
  335.01966 
  335.48269 
  335.97093 
  335.69828 
  334.62810 
  323.79324 
  327.28347 
  327.02645 
  327.28788 
  328.08361 
  326.93397 
  327.05882 
  327.35002 
  336.31691 
  336.67137 
  325.08099 
  330.46626 
  332.86497 
  333.59533 
  333.72575 
  333.51050 
  333.79173 
  329.67208 
  326.22927 
  330.39714 
  336.72673 
  334.76412 
  334.80339 
  334.50804 
  334.41976 
  324.25635 
  332.19093 
  332.89171 
  333.42016 
  333.65530 
  333.68498 
  334.26140 
  333.82320 
  333.15207 
  333.47892 
  333.28961 
  333.85519 
  323.61878 
  326.17531 
  325.74468 
  325.16587 
  324.85917 
  330.59780 
  330.18188 
  328.15048 
  332.99818 
  332.26643 
  332.75270 
  333.64103 
  334.41920 
  335.98406 
  321.70766 
  328.66574 
  327.18170 
  327.59652 
  327.25979 
  327.05082 
  332.53647 
  336.80027 
  322.22440 
  332.59703 
  332.64467 
  332.53334 
  333.89265 
  334.54077 
  334.32132 
  334.25688 
  324.59626 
  328.00416 
  327.43169 
  327.60011 
  328.16188 
  328.34355 
  328.63559 
  331.31054 
  338.44178 
  326.61500 
  332.88070 
  333.54941 
  334.17450 
  334.00880 
  334.06009 
  334.49681 
  335.21849 
  335.13455 
  334.67005 
  334.33580 
  334.22491 
  334.46549 
  334.65744 
  335.13044 
  324.05534 
  327.24633 
  327.00942 
  326.72618 
  326.07403 
  326.25194 
  328.36312 
  338.38969 
  334.83626 
  334.38029 
  335.16910 
  335.22873 
  335.59856 
  335.34416 
  334.87662 
  335.49812 
  335.11953 
  335.96352 
  335.12577 
  335.38546 
  335.82265 
  335.04429 
  335.48073 
  326.70506 
  331.35386 
  333.35363 
  334.00370 
  334.80442 
  334.83832 
  334.22339 
  334.36871 
  334.86061 
  334.91231 
  335.10495 
  334.69616 
  330.51664 
  324.62536 
  324.85304 
  324.94766 
  325.57178 
  325.65754 
  332.04664 
  336.54113 
  335.19536 
  334.82820 
  334.48575 
  334.45725 
  320.64190 
  333.01697 
  332.36182 
  333.26162 
  333.35016 
  332.44656 
  332.89148 
  332.73068 
  333.25321 
  333.68959 
  323.02212 
  327.06504 
  326.50509 
  326.86826 
  327.69684 
  333.09830 
  334.86265 
  333.30931 
  333.37461 
  336.25691 
  334.80295 
  334.05513 
  334.84110 
  321.54710 
  333.85466 
  333.28201 
  333.65806 
  333.58156 
  333.88325 
  331.35265 
  332.65289 
  332.51423 
  321.88119 
  324.33968 
  324.33576 
  323.36393 
  323.70967 
  323.66320 
  323.11032 
  323.46566 
  323.69532 
  324.00132 
  323.41961 
  323.69604 
  323.41449 
  323.62692 
  323.74961 
  323.21375 
  328.41082 
  334.67140 
  331.99211 
  321.90527 
  332.48629 
  332.49640 
  332.79011 
  333.22078 
  332.86551 
  333.58058 
  333.82176 
  332.76982 
  332.61401 
  322.12904 
  325.33947 
  324.40955 
  324.49984 
  324.20193 
  332.40539 
  335.69869 
  333.83043 
  333.34395 
