-0.15865 -0.02065 +0.07953 -0.05271 +0.00794 -0.11559
-0.16018 -0.03315 +0.07347 -0.05461 -0.02043 -0.11054
-0.15841 -0.07944 -0.00597 +0.09392 +0.05067 -0.13411
-0.16507 -0.00843 -0.00313 -0.03662 -0.07724 -0.06828
-0.16603 -0.00164 -0.00145 -0.06364 -0.03713 -0.08068
-0.16618 +0.00739 +0.00160 -0.08758 -0.06762 -0.04547
-0.16618 -0.00228 +0.00283 -0.05700 -0.00329 +0.00523
-0.16494 -0.00644 -0.00142 -0.04320 -0.02564 -0.01275
-0.16403 -0.01511 +0.00014 -0.04506 +0.00083 +0.00569
-0.16062 -0.03056 -0.01496 +0.02040 +0.06228 -0.00591
-0.16280 -0.02617 -0.00120 -0.04398 -0.06592 +0.01567
-0.16210 -0.02764 -0.01069 +0.00291 +0.00130 +0.00191
-0.16157 -0.02200 -0.01172 +0.00638 -0.02522 +0.03745
-0.16314 -0.02114 -0.00593 -0.01122 -0.00799 +0.00175
-0.16347 -0.02049 -0.00575 +0.01279 -0.00048 +0.04697
-0.16482 -0.01222 +0.00195 +0.01566 -0.02480 +0.06366
-0.16673 +0.00577 +0.01239 +0.08464 +0.04608 +0.06424
-0.16581 -0.00249 +0.03467 +0.05562 -0.03904 +0.05316
-0.15884 -0.03570 +0.01377 +0.08691 +0.05558 -0.00213
-0.16051 -0.02671 +0.01443 +0.05626 +0.02141 +0.01349
-0.15946 -0.03159 +0.01586 +0.04822 +0.04095 +0.00741
-0.16059 -0.02793 +0.02690 +0.01557 +0.01817 -0.00091
-0.16046 -0.02591 +0.03240 -0.00134 -0.02043 +0.00269
-0.16225 -0.02051 +0.03651 -0.11681 -0.01232 +0.08353
-0.15741 -0.04262 +0.01708 +0.06154 +0.03862 -0.05557
-0.16008 -0.02911 +0.02703 +0.01391 -0.01730 +0.00667
-0.16017 -0.03543 +0.02702 +0.04901 -0.01417 +0.01735
-0.16076 -0.03337 +0.03334 +0.00295 -0.02640 +0.00026
-0.15840 -0.05595 -0.00071 +0.07253 +0.07496 +0.08761
-0.15698 -0.07077 -0.03362 +0.05500 +0.05663 +0.04933
-0.16531 +0.00019 -0.00421 -0.11402 -0.02883 +0.01603
-0.16097 -0.03061 -0.02525 +0.07371 +0.03246 +0.04704
-0.16085 -0.01195 -0.03079 +0.04444 +0.03045 -0.00747
-0.16299 -0.01727 -0.02283 -0.00241 +0.02149 +0.02821
-0.16721 +0.02366 +0.02288 +0.00641 -0.05580 +0.00069
-0.16418 +0.00246 +0.02938 -0.00096 -0.01656 -0.04927
-0.16000 -0.02284 +0.02057 +0.01240 +0.00200 -0.00082
-0.02436 -0.06051 +0.10454 -0.17125 +0.13548 -0.40305
+0.00096 +0.00868 +0.12656 -0.00690 -0.01597 +0.07329
+0.00447 -0.01632 +0.12719 -0.01817 +0.01298 +0.05260
+0.00220 +0.00062 +0.12209 -0.05657 +0.01660 +0.05508
+0.00390 -0.01046 +0.11916 -0.02769 -0.02697 +0.03166
+0.00405 -0.01208 +0.11947 -0.04850 +0.02588 +0.02594
-0.00180 -0.03029 +0.06131 -0.02051 -0.10859 +0.16057
+0.00176 -0.05339 -0.01890 -0.03369 -0.03087 -0.02121
-0.00215 -0.00422 -0.01266 -0.06812 -0.00986 +0.05375
-0.00183 -0.00712 -0.00846 -0.06676 -0.06552 +0.06946
-0.00232 -0.01289 -0.00852 -0.03311 -0.05607 +0.08954
-0.00158 -0.00755 -0.00063 -0.06826 -0.07393 +0.09416
-0.00567 +0.00060 +0.01568 -0.14646 -0.10520 +0.17639
-0.00172 -0.01910 +0.00368 -0.07498 -0.11105 +0.04596
-0.00235 -0.01235 +0.00501 -0.05277 -0.09405 +0.07745
-0.00256 -0.01396 +0.00802 -0.05980 -0.10883 +0.06618
-0.00245 -0.00511 -0.00247 -0.04508 -0.07311 +0.08496
-0.00233 -0.01415 +0.00388 -0.03542 -0.05928 +0.11473
-0.00774 +0.02563 +0.04437 -0.00469 -0.15675 -0.00617
+0.00049 -0.01474 +0.02855 +0.03162 -0.04998 +0.05861
+0.00034 -0.02012 +0.03205 +0.00093 -0.05653 +0.01581
+0.00100 -0.02503 +0.03364 -0.00104 -0.06999 +0.01615
-0.00015 -0.02454 +0.03580 -0.01782 -0.05052 +0.04047
+0.00199 -0.06558 +0.01894 -0.00378 +0.09026 +0.20636
+0.00469 -0.03682 +0.08151 -0.16119 +0.05267 +0.01140
-0.00043 +0.00870 +0.07511 -0.02125 +0.03614 +0.06966
+0.00147 +0.00301 +0.08083 -0.07412 -0.07575 -0.00933
+0.00309 -0.01017 +0.07633 -0.00458 -0.02371 -0.00044
+0.00254 -0.00357 +0.08792 -0.07964 -0.11838 -0.06155
+0.00270 -0.00805 +0.08036 -0.03520 -0.01035 -0.02654
+0.00229 -0.01448 +0.07815 +0.01768 -0.02162 +0.02173
+0.00074 -0.00258 +0.09443 -0.02929 -0.00395 +0.13287
+0.00405 -0.01496 +0.09834 -0.11675 -0.02174 -0.08185
+0.00438 -0.02004 +0.08616 +0.00497 +0.05570 -0.02011
+0.00193 -0.02090 +0.08633 -0.04321 -0.01602 +0.01817
+0.00103 -0.05813 -0.00597 -0.00418 -0.08435 -0.07158
-0.00169 -0.00425 -0.00245 -0.02549 -0.06372 +0.04590
-0.00231 -0.00585 -0.00096 -0.07537 -0.07272 +0.01833
-0.00421 -0.00001 +0.01090 -0.07328 -0.06801 +0.10648
-0.00109 -0.02431 -0.00182 +0.01260 -0.02454 +0.09324
-0.00102 -0.01297 +0.00592 -0.04043 -0.05545 +0.08200
-0.00074 -0.01293 +0.00799 -0.03016 -0.02145 +0.05338
-0.00187 -0.00973 +0.00983 -0.03427 -0.07027 +0.10456
-0.00487 +0.02330 +0.03959 -0.05161 -0.12243 +0.02689
-0.00188 +0.00102 +0.03770 +0.00490 -0.07214 +0.04719
+0.00214 -0.06218 +0.04010 -0.06525 +0.08549 +0.24557
+0.00180 -0.01698 +0.10813 -0.22081 +0.06678 +0.11580
-0.00025 -0.00729 +0.08864 -0.07556 -0.04817 -0.02866
-0.00088 -0.00214 +0.09208 -0.03811 -0.08113 +0.00565
-0.00009 -0.01138 +0.09447 +0.00097 -0.05255 +0.04191
+0.00174 -0.01684 +0.08867 +0.01100 +0.02770 +0.04820
+0.00234 -0.02021 +0.08856 -0.01145 -0.01666 +0.02480
-0.00241 -0.01811 +0.04728 +0.00186 +0.01183 +0.07644
+0.00133 -0.04734 -0.01809 -0.05746 -0.03927 +0.00732
-0.00212 +0.00180 +0.02225 -0.08369 -0.02943 +0.03711
-0.00165 +0.01117 +0.07989 -0.13980 +0.07907 +0.05300
+0.00707 -0.07834 +0.05037 +0.02574 -0.07048 -0.04498
+0.00626 -0.06088 +0.05419 +0.00987 -0.00677 +0.02323
+0.00646 -0.06692 +0.04943 +0.04037 -0.01462 +0.01638
+0.00627 -0.06653 +0.05652 +0.01467 -0.07172 -0.04497
+0.00771 -0.09457 +0.05875 -0.08281 +0.01893 +0.13829
+0.00660 -0.05759 +0.08919 -0.02120 -0.01406 -0.00688
+0.00469 -0.02794 +0.08719 +0.00337 -0.03033 +0.00569
+0.00501 -0.03100 +0.08240 +0.01269 +0.01620 +0.00326
+0.00630 -0.04475 +0.07998 +0.07555 +0.09706 +0.05317
+0.00723 -0.05017 +0.08894 +0.01948 -0.00384 +0.03725
+0.00598 -0.04584 +0.09007 +0.03259 +0.03433 +0.02382
+0.00552 -0.04386 +0.08784 +0.02339 +0.03278 -0.00618
+0.00475 -0.04019 +0.10090 -0.07406 -0.01743 +0.04250
+0.00665 -0.05320 +0.09042 +0.01913 +0.01022 +0.00624
+0.00768 -0.04644 +0.08796 +0.04678 -0.00089 +0.01352
+0.00658 -0.05080 +0.09086 +0.00373 -0.03669 -0.03783
+0.00430 -0.07318 +0.01200 -0.07204 +0.10538 +0.07823
+0.00597 -0.06654 -0.00447 -0.06381 +0.04115 +0.01194
+0.00269 -0.04359 -0.00483 -0.04537 -0.06821 -0.03578
+0.00214 -0.03087 -0.00538 -0.01131 -0.00193 +0.03922
+0.00258 -0.03695 -0.00758 -0.02571 -0.03399 +0.06182
+0.00116 -0.01835 +0.01681 -0.02879 -0.05835 +0.01724
-0.00237 -0.00569 +0.03480 +0.00408 +0.07221 +0.11804
+0.00021 +0.02969 +0.10506 -0.06746 +0.12358 +0.00551
-0.00141 +0.05138 +0.09760 +0.07016 +0.08068 -0.00373
+0.00077 +0.01952 +0.09487 +0.05621 +0.11932 +0.04962
+0.00128 +0.01590 +0.10418 +0.02045 -0.01596 -0.01207
-0.00032 +0.02113 +0.10804 +0.01248 -0.03042 -0.05742
-0.00104 +0.02331 +0.10348 +0.01347 -0.04090 -0.00750
-0.00201 +0.02401 +0.07993 +0.04831 +0.04668 +0.05732
-0.00192 -0.01953 +0.01699 -0.07933 +0.14669 +0.01135
-0.00209 +0.00199 -0.00587 +0.04933 +0.14911 +0.00669
-0.00435 +0.01704 -0.00119 +0.00181 +0.06571 +0.00009
-0.00521 +0.01769 -0.00065 +0.04108 +0.08461 +0.08181
-0.00488 +0.01381 +0.00004 +0.01529 +0.02625 +0.01339
-0.00583 +0.01384 +0.00034 +0.00915 -0.00248 +0.06839
-0.00979 +0.04917 +0.03607 -0.03219 -0.05480 +0.07835
-0.00750 +0.04961 +0.05366 -0.01068 -0.08861 -0.03558
+0.00950 -0.06652 +0.03781 +0.00588 +0.17115 +0.01517
-0.00599 +0.07498 +0.09770 -0.01567 -0.01470 -0.02007
-0.00246 +0.04827 +0.08217 +0.03316 +0.02401 -0.00300
-0.00242 +0.03346 +0.08451 +0.02131 +0.01243 -0.00592
-0.00236 +0.03324 +0.08282 +0.07549 +0.03235 +0.00799
-0.00114 +0.03829 +0.09370 +0.01305 -0.00387 -0.00659
-0.00208 +0.03544 +0.09479 +0.01996 -0.01106 -0.05542
-0.00220 +0.03465 +0.08957 +0.05576 +0.00848 -0.01125
-0.00486 +0.02457 +0.03491 -0.12851 +0.08465 +0.04929
+0.00000 +0.00000 +0.00000 +0.00000 +0.00000 +0.00000
-0.00357 +0.03949 +0.01646 -0.02418 -0.03874 +0.00933
-0.00420 +0.03516 +0.01903 -0.00577 -0.05714 +0.03055
-0.00401 +0.03483 +0.01644 +0.01434 -0.04798 +0.06125
-0.00424 +0.03140 +0.01398 +0.03405 -0.03206 +0.05158
-0.00466 +0.02908 +0.02069 -0.00156 -0.05197 +0.03821
-0.00563 +0.04230 +0.03181 -0.01615 -0.02345 +0.05005
-0.00958 +0.08655 +0.08121 -0.09504 +0.02049 +0.02447
+0.00876 -0.03466 +0.04296 +0.05522 +0.01888 +0.03295
+0.00469 +0.02813 +0.09003 +0.06598 +0.07115 +0.01245
+0.00298 +0.04978 +0.09988 +0.04369 +0.03453 +0.02983
+0.00369 +0.04037 +0.10166 +0.01752 +0.01131 -0.02190
+0.00204 +0.03971 +0.10397 +0.03730 -0.02274 +0.01293
+0.00411 +0.04186 +0.09692 +0.05932 -0.00166 -0.01630
+0.00310 +0.04126 +0.10088 +0.03825 -0.02599 -0.03299
+0.00184 +0.03865 +0.10763 +0.03952 -0.02964 -0.00316
+0.00360 +0.03437 +0.10271 +0.06696 +0.05419 +0.00139
+0.00595 +0.02851 +0.08973 +0.11947 +0.07020 +0.03542
+0.00413 +0.03248 +0.10891 +0.02972 -0.05735 -0.01352
+0.00401 +0.03450 +0.11161 +0.00275 -0.00177 -0.04765
+0.00441 +0.02629 +0.09960 +0.07456 -0.01872 +0.00079
+0.00332 +0.03971 +0.09992 +0.01381 -0.03510 -0.04362
+0.00279 +0.04275 +0.08969 +0.04831 -0.00769 -0.01824
+0.00035 +0.00594 +0.03815 -0.11834 -0.09632 -0.05316
+0.00094 +0.01843 +0.00885 +0.02648 -0.09850 +0.02797
-0.00055 +0.05048 +0.00096 +0.01511 -0.06858 +0.06672
-0.00144 +0.05089 +0.02457 -0.10749 -0.11721 +0.02439
-0.00043 +0.03953 +0.00797 +0.00283 -0.09328 +0.05930
-0.00047 +0.04945 +0.01655 -0.02023 -0.11988 +0.03606
-0.00128 +0.05114 +0.02384 -0.03272 -0.04232 +0.05965
-0.00395 +0.10749 +0.07279 -0.11636 -0.02754 -0.03671
+0.00562 +0.02502 +0.05014 -0.03021 -0.10366 -0.02207
+0.00430 +0.03095 +0.05487 +0.02264 -0.06519 +0.01452
+0.00497 +0.02924 +0.04315 +0.04859 -0.05041 -0.03319
+0.00422 +0.02519 +0.04688 +0.06710 -0.04562 +0.02356
+0.00346 +0.03213 +0.04773 +0.05572 -0.04569 +0.02352
+0.00238 +0.03035 +0.05025 +0.08644 -0.05067 +0.02423
+0.00347 +0.02713 +0.05068 +0.07283 -0.09912 +0.03840
+0.00420 +0.02833 +0.05329 +0.08900 -0.02267 +0.02847
+0.00335 +0.02826 +0.05327 +0.06969 -0.07954 +0.01689
+0.00103 +0.05444 +0.07933 -0.14069 -0.01798 +0.03929
+0.00637 +0.01410 +0.05395 +0.00245 -0.06876 -0.04177
+0.00463 +0.02652 +0.05761 +0.04367 -0.03632 -0.00586
+0.00419 +0.02894 +0.04635 +0.08547 -0.03777 +0.00779
+0.00400 +0.02759 +0.05384 +0.02418 -0.06202 -0.00273
+0.00473 +0.02455 +0.05913 +0.03227 -0.09461 -0.02600
+0.00648 -0.01349 +0.03400 +0.00005 +0.06364 +0.15641
+0.00697 +0.03013 +0.07642 +0.04196 +0.06432 +0.01855
+0.00412 +0.06149 +0.08373 +0.02025 +0.01844 -0.05024
+0.00373 +0.05299 +0.09329 +0.02312 -0.03729 -0.01503
+0.00404 +0.04955 +0.08921 +0.01795 -0.01175 -0.00851
+0.00547 +0.04563 +0.07754 +0.08363 +0.06017 -0.01188
+0.00404 +0.04497 +0.09034 +0.01075 -0.00474 -0.06010
+0.00431 +0.04294 +0.08761 +0.05493 +0.02002 +0.00114
+0.00580 +0.03583 +0.08686 +0.05519 +0.03454 -0.03902
+0.00499 +0.04617 +0.10327 -0.04980 +0.01642 -0.06119
+0.00698 +0.03084 +0.08529 +0.07925 +0.05187 -0.01528
+0.00417 +0.04446 +0.09267 +0.02050 -0.04550 +0.00663
+0.00170 +0.03565 +0.06284 +0.02320 +0.04445 +0.11249
+0.00483 +0.00983 +0.00305 -0.00072 +0.03860 +0.00998
+0.00072 +0.04400 +0.00847 -0.00546 -0.05667 +0.02090
+0.00074 +0.05712 +0.00705 -0.02028 -0.06753 -0.00460
+0.00247 +0.05272 +0.00293 -0.01568 -0.03289 -0.00307
+0.00195 +0.04790 -0.00359 -0.02066 +0.01295 +0.03664
+0.00757 +0.03173 +0.04858 -0.05885 +0.15767 -0.02907
+0.01206 -0.01677 +0.07989 +0.01199 -0.03538 -0.10656
+0.01781 -0.04351 +0.06076 +0.09054 +0.03055 -0.02888
+0.01955 -0.06648 +0.05763 +0.10138 -0.00459 -0.05225
+0.01766 -0.04678 +0.06023 +0.06484 -0.01305 -0.04304
+0.01537 -0.05016 +0.07002 +0.08479 -0.04288 -0.01475
+0.02400 -0.14038 +0.01668 -0.05612 +0.17496 +0.01111
+0.01324 -0.00713 +0.07613 +0.02997 +0.03295 -0.03514
+0.01374 -0.01904 +0.08013 +0.03481 -0.01926 -0.00756
+0.01516 -0.03359 +0.08220 -0.00203 -0.02523 -0.01677
+0.01500 -0.03822 +0.07602 +0.04953 +0.03419 +0.00255
+0.01456 -0.03377 +0.07392 +0.03180 +0.00575 -0.02281
+0.01436 -0.02815 +0.07081 -0.00320 -0.00425 -0.04533
+0.01513 -0.03508 +0.06680 +0.01616 -0.03099 -0.05945
+0.01495 -0.03424 +0.07437 +0.01394 -0.05870 -0.02952
+0.01446 -0.03276 +0.06822 +0.05339 +0.05087 -0.01017
+0.01202 -0.04850 +0.02050 -0.15798 +0.00353 -0.01621
+0.01373 -0.04440 -0.00376 -0.08227 -0.00103 -0.02944
+0.01013 -0.02565 +0.00908 -0.06936 -0.00257 +0.04223
+0.01160 -0.03814 +0.00254 -0.05080 -0.02809 +0.02173
+0.01239 -0.03588 -0.01396 +0.01775 -0.01351 +0.02822
+0.00953 -0.01005 +0.02464 -0.01586 -0.11163 -0.05250
+0.01232 -0.01115 +0.03562 +0.01310 -0.06210 -0.06485
+0.01454 -0.05428 +0.02985 +0.09018 -0.04081 +0.03343
+0.01397 -0.04553 +0.03852 +0.05212 +0.05979 +0.01761
+0.01634 -0.05298 +0.06726 -0.06119 +0.05220 -0.11393
+0.01799 -0.07991 +0.05048 +0.14848 +0.00795 -0.03431
+0.01594 -0.07692 +0.05877 +0.09763 -0.06709 -0.02348
+0.01566 -0.07232 +0.06874 +0.08798 -0.02027 -0.01671
+0.02389 -0.11176 +0.07297 -0.24248 -0.04054 -0.16556
+0.00993 +0.01888 +0.08299 -0.01753 +0.04932 +0.00815
+0.01111 +0.00312 +0.08048 -0.05072 +0.02792 +0.01045
+0.01283 -0.01412 +0.07823 +0.00603 -0.00423 -0.00421
+0.01127 -0.00560 +0.08181 -0.02887 -0.01641 +0.00366
+0.01264 -0.01803 +0.07800 +0.04237 +0.01099 +0.00354
+0.02072 -0.08433 +0.06830 -0.06645 +0.24029 +0.20448
+0.03078 -0.15057 +0.06962 -0.17733 +0.20502 +0.02206
+0.02771 -0.15383 +0.06941 -0.06367 +0.07005 -0.01940
+0.02626 -0.20857 -0.01323 +0.03053 +0.04023 +0.00443
+0.02334 -0.16884 -0.02548 -0.03902 -0.01718 -0.04524
+0.02205 -0.14551 -0.01977 -0.06309 -0.05308 -0.13182
+0.02066 -0.15282 -0.02438 -0.01960 -0.04366 -0.02107
+0.02098 -0.14879 -0.02710 -0.00473 -0.01887 +0.01442
+0.02070 -0.14998 -0.02491 -0.01783 -0.06522 +0.00667
+0.02180 -0.15784 -0.02382 +0.03921 -0.04832 +0.03571
+0.02121 -0.14391 -0.02362 +0.02079 -0.02413 -0.01014
+0.02038 -0.15554 -0.02298 +0.06220 -0.03727 +0.05445
+0.02140 -0.14940 -0.02680 +0.07248 -0.02956 +0.07917
+0.02111 -0.15765 -0.01411 -0.00724 -0.07685 +0.00937
+0.02127 -0.14722 -0.02431 +0.03726 -0.03605 +0.06042
+0.02212 -0.16145 -0.02431 +0.06808 -0.08774 +0.03588
+0.02295 -0.16496 -0.02489 +0.08232 -0.07146 +0.01369
+0.02192 -0.14865 -0.02033 +0.00989 -0.05229 -0.02791
+0.02255 -0.15290 -0.02270 +0.01375 -0.04314 -0.04488
+0.01877 -0.12918 +0.00512 -0.03294 -0.10180 +0.03104
+0.02071 -0.12182 +0.02416 +0.02113 +0.00049 -0.08687
+0.02629 -0.16802 +0.01974 +0.06630 -0.00293 -0.03324
+0.02804 -0.17244 +0.03450 -0.13611 +0.08152 -0.07461
+0.01168 -0.03030 +0.07189 -0.05188 -0.01497 +0.03351
+0.01584 -0.06789 +0.06754 +0.03555 -0.04260 +0.00955
+0.01649 -0.06883 +0.06624 +0.02608 -0.01733 -0.00481
+0.01604 -0.07390 +0.06394 +0.06153 -0.02766 +0.03353
+0.01704 -0.07796 +0.06256 +0.03529 -0.01803 -0.01089
+0.01592 -0.08012 +0.06871 +0.02779 -0.04217 +0.01416
+0.01638 -0.07649 +0.06484 +0.02896 -0.01494 -0.01393
+0.01651 -0.07932 +0.06353 +0.02123 -0.04349 -0.03971
+0.01571 -0.07538 +0.06208 +0.00747 -0.01908 -0.00733
+0.01948 -0.12471 -0.02069 +0.02146 -0.01449 -0.01691
+0.01447 -0.08162 -0.01614 +0.04831 -0.02096 +0.02065
+0.01353 -0.07142 -0.01567 -0.01398 -0.10147 +0.03643
+0.01306 -0.07272 -0.01559 -0.00146 -0.07388 +0.01678
+0.01331 -0.07358 -0.01948 +0.03228 -0.04166 +0.06098
+0.01066 -0.04194 +0.01246 +0.06983 -0.02426 -0.02748
+0.01335 -0.05304 +0.03706 +0.08868 -0.04104 +0.02989
+0.01750 -0.08289 +0.02626 +0.11022 -0.04591 +0.02290
+0.01759 -0.09086 +0.02842 +0.08720 -0.03073 +0.01292
