  298.55481 
  297.30101 
  297.22760 
  297.24318 
  302.45745 
  309.90894 
  308.10041 
  308.93938 
  309.41779 
  308.05901 
  308.63880 
  308.92394 
  308.44070 
  308.75284 
  308.46149 
  309.19861 
  299.79425 
  300.12936 
  298.73489 
  307.55474 
  310.42340 
  309.11733 
  310.06594 
  309.96889 
  309.85771 
  309.40538 
  309.58810 
  309.02131 
  308.90494 
  309.65063 
  309.65023 
  304.09838 
  299.32762 
  299.47657 
  299.60030 
  299.06022 
  299.14329 
  298.42841 
  309.55295 
  311.67943 
  310.57433 
  310.07897 
  310.23530 
  310.33577 
  309.97037 
  305.86585 
  301.19098 
  299.59182 
  300.12956 
  297.93717 
  293.40135 
  303.72224 
  303.46908 
  304.15586 
  303.93046 
  304.58019 
  305.28694 
  305.41214 
  302.83578 
  298.01814 
  298.11791 
  298.07778 
  297.04342 
  296.71499 
  306.20402 
  310.14523 
  309.58036 
  309.26008 
  309.39282 
  309.69673 
  311.10355 
  309.40869 
  310.02318 
  304.74026 
  299.53344 
  299.05628 
  299.27748 
  299.15669 
  299.61178 
  311.57893 
  310.34960 
  309.82594 
  310.36521 
  309.71202 
  311.24808 
  310.80193 
  302.34571 
  301.64724 
  313.66540 
  311.67685 
  311.34885 
  310.88401 
  303.87690 
  295.49068 
  303.77139 
  305.27388 
  306.17953 
  305.21316 
  305.09404 
  305.96747 
  306.38986 
  305.47876 
  306.98627 
  293.29945 
  294.17981 
  294.99010 
  294.72444 
  294.62560 
  305.06927 
  310.18077 
  309.56100 
  308.69646 
  308.64819 
  308.20854 
  308.31423 
  295.76514 
  294.63573 
  297.83319 
  301.36027 
  303.10035 
  303.35531 
  302.92569 
  303.69525 
  303.99542 
  304.31268 
  300.63160 
  298.68285 
  299.13003 
  299.25681 
  298.86966 
  299.99143 
  310.40064 
  308.85375 
  309.47566 
  309.05215 
  308.79652 
  295.21120 
  302.86879 
  303.94268 
  303.93434 
  303.84479 
  305.04620 
  304.99848 
  305.31973 
  305.81584 
  305.36881 
  305.35907 
  299.06476 
  297.92852 
  298.82260 
  296.98718 
  296.07043 
  309.47949 
  307.65005 
  308.60675 
  308.38863 
  307.82194 
  309.35842 
  299.96943 
  301.13387 
  303.15691 
  304.09658 
  304.67456 
  302.32750 
  299.21070 
  298.79967 
  298.43374 
  298.46789 
  310.56462 
  309.73094 
  308.40892 
  309.55047 
  309.02766 
  309.31104 
  309.59452 
  310.02953 
  309.02093 
  306.34922 
  298.36730 
  298.13710 
  298.67125 
  300.30645 
  300.69170 
  313.39815 
  293.95518 
  300.92510 
  301.77637 
  302.49527 
  303.02659 
  301.57998 
  299.50113 
  298.19472 
  298.63694 
  297.92276 
  291.27498 
  299.08178 
  300.36162 
  302.01565 
  302.41188 
  302.32939 
  299.03260 
  297.31409 
  297.85739 
  298.58084 
  307.83877 
  309.76029 
  292.92236 
  302.17346 
  301.63294 
  301.75586 
  303.23811 
  303.35394 
  304.05454 
  303.60579 
  298.91916 
  299.15229 
  298.49815 
  299.25787 
  310.84335 
  309.34462 
  309.52381 
  309.19258 
  309.69196 
  309.14773 
  309.04147 
  309.84691 
  309.00631 
  309.21333 
  308.91470 
  309.76955 
  310.28664 
  309.77256 
  309.59121 
  309.81403 
  310.06976 
  307.09120 
  293.32032 
  302.21018 
  301.58048 
  301.91947 
  301.74042 
  302.81386 
  302.96560 
  296.60216 
  297.68728 
  297.84333 
  302.10591 
  309.56155 
  308.01234 
  308.77782 
  308.59062 
  307.88430 
  307.89179 
  309.26430 
  307.72505 
  296.05331 
  302.09671 
  303.66885 
  303.99263 
  304.00341 
  298.43531 
  297.65196 
  308.92802 
  292.94183 
  299.84378 
  300.41786 
  302.03841 
  302.40639 
  303.00681 
  302.42573 
  300.10246 
  298.51499 
  298.09269 
  297.46356 
  301.04333 
  310.86213 
  291.70355 
  300.85088 
  301.32334 
  301.94567 
