-0.04800 +0.08555 +0.04348 +0.05068 -0.07932 -0.03735
-0.07580 +0.06301 +0.01786 +0.00727 -0.04546 -0.02713
-0.08659 +0.01382 -0.04368 -0.03076 -0.01329 -0.05581
-0.08982 +0.03356 +0.03866 -0.02749 -0.04970 +0.02008
-0.09623 -0.01811 +0.04123 -0.02367 -0.03210 +0.04570
-0.07557 -0.05419 +0.07326 -0.05596 -0.01374 -0.09734
-0.04925 +0.04045 +0.01839 -0.00481 +0.01575 -0.02535
-0.06000 +0.03926 +0.04955 +0.00401 -0.00027 +0.03372
-0.05788 +0.04653 +0.05822 -0.01580 +0.02496 -0.00733
-0.05747 +0.03841 +0.05239 -0.03415 +0.00864 +0.03690
-0.05556 +0.04450 +0.06901 -0.03729 -0.00705 +0.01875
-0.04815 +0.06043 +0.03108 +0.03642 +0.01414 +0.04119
-0.04829 +0.04918 +0.03072 -0.03961 +0.00503 -0.03521
-0.05837 +0.03919 +0.05571 -0.03793 -0.00737 +0.04350
-0.05060 +0.05023 +0.08204 -0.05725 -0.01002 +0.03738
-0.05925 +0.04228 +0.05287 -0.04960 -0.01332 +0.03891
-0.06836 +0.16854 -0.01484 -0.04155 +0.06863 +0.01956
-0.08658 +0.06203 +0.02501 -0.09046 -0.01528 +0.12885
-0.09018 +0.05715 -0.00223 -0.08187 -0.01528 +0.04145
-0.07464 -0.02292 +0.01085 -0.01830 -0.04654 +0.12323
-0.05908 +0.00009 +0.06338 -0.06590 -0.02770 +0.04478
-0.04606 +0.02724 +0.03257 -0.08113 +0.06711 +0.06322
-0.04857 +0.04641 +0.01115 -0.01135 +0.02882 +0.07115
-0.04240 +0.05679 -0.04877 -0.00028 +0.06914 +0.08456
-0.04251 +0.02457 +0.02766 -0.08415 +0.03689 +0.05890
-0.03894 +0.06815 +0.08784 -0.03441 +0.01862 +0.02319
-0.04355 +0.04803 -0.04168 +0.09761 +0.08442 +0.04396
-0.05101 +0.03558 +0.01789 -0.00515 +0.04257 +0.08039
-0.05040 +0.03807 +0.01210 -0.02992 +0.04758 +0.04447
-0.04128 +0.03776 +0.05016 -0.00641 +0.04645 +0.03861
-0.05595 +0.03513 -0.01126 +0.01189 +0.03925 +0.08947
-0.05156 +0.08542 -0.00681 -0.04581 +0.06912 +0.09133
-0.06327 +0.13102 +0.02720 -0.09523 +0.03015 +0.02032
-0.08662 +0.03738 +0.02107 -0.12831 -0.01119 +0.03589
-0.07824 +0.05952 +0.11244 -0.08524 +0.00843 +0.01653
-0.09008 +0.03461 +0.00321 -0.07258 -0.02321 +0.03760
-0.08022 +0.05215 -0.05860 +0.03940 +0.00628 +0.08353
-0.09111 +0.03312 -0.04281 -0.02243 +0.03599 +0.11033
-0.06871 -0.04828 +0.00930 -0.07389 -0.00827 -0.05133
-0.04872 +0.01108 +0.08025 -0.06084 +0.01727 -0.00106
-0.04469 +0.04915 +0.03131 -0.01536 +0.05178 +0.05012
-0.04247 +0.03189 -0.01242 -0.01333 +0.03441 +0.07554
-0.04767 +0.04795 +0.02595 +0.00731 +0.00797 +0.07699
-0.04778 +0.03128 +0.01862 -0.02356 +0.03298 +0.07851
-0.04092 +0.04837 -0.00407 +0.00314 +0.04155 +0.09515
-0.04335 +0.11238 +0.08036 -0.03354 +0.05321 -0.03126
-0.04617 +0.14704 -0.06691 +0.08272 +0.10448 +0.03438
-0.08129 +0.04551 -0.01059 -0.03926 +0.00784 +0.09013
-0.08058 +0.04455 +0.00186 -0.05093 +0.03758 +0.03058
-0.08092 +0.04417 -0.04419 -0.09461 +0.00178 +0.12000
+0.00626 +0.04750 -0.19977 -0.26605 -0.00357 +0.00441
-0.00215 -0.01674 +0.01385 -0.07178 -0.07348 +0.10922
-0.00899 -0.00286 +0.04537 -0.06608 -0.02891 +0.05375
-0.01054 +0.00207 -0.03463 +0.02732 -0.02769 +0.11888
+0.00311 +0.02286 +0.02218 -0.05887 -0.03247 +0.06884
-0.01183 +0.00747 -0.00755 -0.00931 -0.04133 +0.05343
-0.00104 +0.03355 +0.05210 -0.06437 -0.02518 +0.09653
-0.00852 +0.00813 -0.01657 -0.01334 -0.05779 +0.06884
-0.03019 +0.03236 +0.03541 -0.07489 -0.11612 +0.05354
-0.07561 +0.10546 +0.05247 -0.02864 -0.03437 -0.06989
-0.08401 +0.02630 +0.02361 -0.03167 -0.00117 -0.03164
-0.09402 +0.02055 -0.05683 +0.00843 -0.01261 +0.02493
-0.09175 +0.04759 +0.03607 -0.01259 -0.03796 +0.02861
-0.08137 +0.04393 +0.02548 +0.01470 -0.04823 +0.05791
-0.07183 -0.03080 +0.02983 +0.03050 -0.05989 +0.03178
-0.06969 -0.02774 +0.03091 +0.00213 -0.04429 -0.01600
-0.05621 +0.03346 +0.03219 -0.00281 +0.02622 -0.03059
-0.04525 +0.05006 +0.09296 +0.03126 -0.01610 +0.03266
-0.04974 +0.03342 +0.09677 -0.00563 -0.00573 +0.01492
-0.05587 +0.02616 +0.03237 +0.03110 -0.00222 +0.00284
-0.04143 +0.05182 +0.06925 +0.06386 +0.02189 -0.07793
-0.04746 +0.01926 +0.01454 +0.00255 +0.01534 +0.03181
-0.04399 +0.04625 +0.07154 -0.01806 +0.01581 -0.03141
-0.05448 +0.09478 +0.05694 -0.02439 +0.04019 +0.01433
-0.06611 +0.10334 +0.02675 -0.03257 +0.00686 +0.03400
-0.07920 +0.03821 -0.05654 +0.06914 -0.00672 +0.09246
-0.07690 +0.02325 +0.07087 -0.08420 +0.02100 +0.02189
-0.08086 +0.04062 +0.01988 -0.02758 +0.00352 +0.04040
-0.08743 +0.02951 -0.01643 +0.01581 +0.01259 +0.10771
-0.06891 -0.06448 +0.00928 -0.00220 +0.04617 -0.07317
-0.05058 +0.02498 +0.02854 +0.02050 +0.02310 +0.07594
-0.05206 +0.03895 +0.01844 -0.00053 +0.03030 +0.02099
-0.05111 +0.03646 +0.04945 -0.01803 +0.02853 +0.00543
-0.04631 +0.04120 +0.05848 +0.01412 +0.04782 +0.02787
-0.04375 +0.04379 +0.03134 +0.03301 +0.07076 +0.01242
-0.04942 +0.04066 +0.02351 +0.02629 +0.05100 +0.01692
-0.04677 +0.10564 +0.07709 -0.01511 +0.09528 +0.01708
-0.06738 +0.08037 -0.06444 -0.02165 +0.06737 +0.00875
-0.06184 -0.10359 +0.04640 +0.03030 -0.04736 +0.01417
-0.02915 +0.01237 +0.05553 -0.00973 +0.04027 +0.01950
-0.02040 +0.02441 +0.03635 +0.02142 +0.08533 +0.04085
-0.01773 +0.02734 +0.08498 -0.00838 +0.09751 +0.01682
-0.03135 +0.06064 +0.00411 +0.10690 +0.05121 +0.06827
+0.04016 +0.18766 -0.08241 +0.00485 +0.05766 +0.07354
-0.01420 -0.03749 +0.01045 -0.01258 -0.05645 +0.03814
-0.00533 +0.00130 +0.01014 +0.05902 +0.01717 -0.01770
-0.00131 +0.00942 -0.01975 +0.05569 +0.04730 -0.00519
-0.00380 -0.01018 +0.04655 -0.09680 +0.02840 -0.00305
-0.00717 +0.00714 +0.01275 -0.01337 +0.03046 +0.02084
-0.00077 +0.01248 +0.04816 -0.05188 +0.06595 -0.12170
-0.01101 +0.00972 -0.00864 +0.01714 +0.04366 +0.00529
-0.01634 +0.00946 +0.00541 -0.00719 +0.04531 -0.00908
-0.02056 +0.00579 -0.02009 -0.02651 +0.04383 +0.01270
-0.07910 +0.11171 -0.04686 +0.01222 -0.08098 -0.10750
-0.09322 +0.03902 -0.08337 +0.06802 -0.02259 -0.06720
-0.09297 +0.01755 +0.03388 -0.04484 -0.00286 -0.20428
-0.09846 +0.01300 -0.10230 +0.08969 -0.00975 -0.04471
-0.09299 +0.03310 -0.05059 +0.06331 +0.01261 -0.05311
-0.09520 -0.06712 +0.00851 -0.01946 -0.04518 +0.00233
-0.08733 -0.02140 -0.04619 +0.02400 +0.00421 -0.08124
-0.06495 +0.04621 +0.01858 +0.02192 +0.02461 -0.08518
-0.06997 +0.01516 -0.00965 -0.03381 +0.05580 -0.06818
-0.06179 +0.04331 +0.06818 -0.02538 +0.02960 -0.11679
-0.07777 +0.02385 -0.01293 +0.00610 +0.02841 -0.03630
-0.07839 +0.02849 -0.00250 -0.00788 +0.04212 -0.07169
-0.07067 +0.15844 -0.02259 +0.12385 +0.07232 -0.11216
-0.10637 +0.05165 -0.13283 +0.12088 -0.02234 -0.06672
-0.01603 +0.03104 -0.05882 +0.11343 -0.02968 -0.15042
+0.00236 -0.05637 -0.01151 +0.00189 +0.00136 +0.08962
+0.01097 -0.01221 -0.01709 +0.06510 +0.01987 +0.11403
+0.01226 +0.01798 +0.08542 +0.00385 +0.00894 +0.03565
-0.00110 +0.00530 +0.01217 +0.03356 +0.02045 +0.03563
+0.00814 +0.01611 +0.03131 +0.01967 +0.04642 -0.01240
+0.01346 +0.01418 +0.04389 +0.00794 +0.04587 -0.01993
+0.00311 +0.00821 -0.03218 +0.09467 +0.03615 +0.04964
-0.03284 +0.03208 +0.04023 +0.00491 -0.01344 -0.02040
-0.08011 +0.06396 -0.00444 +0.00610 +0.00406 -0.13957
-0.08810 +0.02970 -0.00516 +0.00518 -0.00573 -0.06070
-0.08689 +0.02248 -0.00919 -0.01679 +0.00405 -0.08714
-0.08379 +0.03980 +0.00819 -0.06104 +0.01182 -0.13944
-0.08309 +0.02424 +0.07699 -0.08238 -0.00936 -0.07427
-0.09266 -0.08555 -0.00712 -0.00504 -0.02809 -0.02993
-0.05644 +0.02795 +0.03090 -0.02536 +0.03045 -0.08505
-0.05358 +0.03890 +0.05931 +0.02604 +0.01044 -0.04884
-0.06330 +0.02467 +0.03359 +0.00850 +0.01025 -0.05419
-0.06044 +0.02293 +0.07020 -0.05962 +0.00775 -0.03804
+0.01953 +0.15308 +0.00660 -0.09319 -0.01049 +0.02911
-0.00629 -0.05988 +0.05803 -0.04068 -0.07468 +0.03787
-0.00203 -0.01014 +0.07416 -0.03536 -0.01164 -0.01192
-0.01019 -0.01863 -0.01471 +0.02690 +0.00140 -0.00138
+0.00000 +0.00000 +0.00000 +0.00000 +0.00000 +0.00000
-0.00917 -0.00618 -0.01138 +0.02674 -0.01720 -0.03726
-0.00499 +0.00353 +0.01521 +0.01739 -0.03202 +0.00364
+0.00078 -0.00861 -0.01546 -0.04218 +0.03462 -0.09229
+0.00570 +0.01669 -0.00678 -0.00949 +0.01211 -0.04989
-0.00458 -0.00311 -0.00820 +0.00625 -0.01607 -0.05555
-0.00492 +0.00450 +0.03874 +0.02908 -0.00180 -0.03553
-0.06563 +0.06502 -0.07997 -0.00272 -0.09680 -0.10264
-0.05892 +0.01445 -0.23023 -0.04084 +0.00830 -0.07179
-0.07073 +0.04442 -0.01566 +0.06448 -0.03140 -0.04820
-0.08334 +0.03327 +0.05863 -0.02663 -0.06411 -0.01604
-0.08599 +0.02483 -0.06389 +0.11961 -0.04639 +0.10740
-0.08066 -0.08300 +0.06135 +0.01416 -0.06514 -0.00432
-0.05953 +0.01626 +0.04551 +0.03587 -0.02764 -0.01838
-0.05400 +0.02842 +0.00455 +0.07074 +0.01521 +0.00107
-0.05886 +0.01939 +0.03165 +0.02202 -0.02811 +0.01712
-0.05944 +0.00709 -0.01917 -0.01946 -0.01060 +0.00990
-0.05514 +0.03657 +0.04131 +0.05644 +0.00819 +0.04606
-0.04095 +0.09057 +0.02219 -0.12237 +0.03653 -0.09646
+0.00135 +0.04854 +0.01822 +0.03687 -0.00353 -0.00789
-0.01342 -0.01458 -0.06339 +0.10798 -0.04991 +0.06541
-0.01554 -0.00592 +0.03475 -0.00282 -0.00940 -0.02838
-0.01860 +0.00095 +0.00388 -0.00234 -0.02359 -0.01753
-0.04484 -0.00016 +0.02713 -0.05304 -0.08809 -0.07827
-0.05212 +0.05657 -0.13931 +0.05448 -0.00384 -0.13889
-0.07249 +0.05580 -0.07611 +0.12306 -0.03035 +0.03807
-0.09186 +0.01897 -0.05097 +0.02841 -0.05601 +0.03960
-0.09109 +0.02401 -0.02355 +0.04903 -0.02858 +0.06853
-0.08066 -0.06892 +0.06818 +0.04772 -0.07237 -0.00649
-0.05830 +0.01183 +0.06570 +0.07015 -0.01428 +0.00444
-0.06404 +0.00995 +0.03878 +0.00305 -0.01295 -0.00966
-0.04997 -0.01430 -0.05832 -0.04819 +0.02118 -0.08279
-0.04599 +0.01880 +0.00420 -0.02308 +0.01816 +0.00335
-0.05460 +0.03713 -0.04554 +0.15164 +0.04864 +0.02600
-0.05822 +0.01903 +0.02079 +0.04948 +0.05589 -0.05356
-0.05196 +0.02596 +0.02770 +0.08012 +0.01179 -0.05223
-0.06245 +0.02193 -0.02010 +0.08826 +0.03465 +0.06196
-0.05877 +0.01557 -0.00478 +0.06194 +0.05448 +0.04083
-0.05137 +0.11175 -0.08860 -0.05379 +0.06009 +0.08679
-0.07320 -0.01641 -0.17942 -0.10097 +0.02503 +0.03585
-0.07167 -0.00470 -0.16821 -0.10259 +0.05619 +0.00645
-0.06758 +0.05513 -0.07663 +0.10003 +0.07887 -0.04601
-0.07501 +0.04247 +0.06135 +0.03406 +0.01077 +0.08706
-0.06220 -0.13208 -0.04460 +0.13225 -0.02544 +0.06073
+0.00380 +0.12598 -0.19174 +0.02231 +0.01853 -0.04275
-0.01175 -0.11241 -0.19429 -0.09511 +0.00646 +0.05829
-0.01863 -0.06655 -0.03428 -0.00595 -0.02663 -0.01391
-0.03285 -0.08380 -0.01704 -0.02744 -0.01209 -0.03105
-0.02398 -0.06473 -0.01008 -0.02136 +0.00827 +0.01302
-0.05256 -0.02894 +0.09022 -0.01604 -0.05278 -0.02625
-0.09853 -0.00185 -0.01353 +0.04296 -0.06967 -0.03538
-0.09541 -0.03162 -0.04519 +0.04680 -0.03439 -0.01602
-0.09441 -0.01948 -0.10459 +0.15354 +0.00236 -0.00762
-0.10443 -0.03744 -0.00915 -0.03879 -0.01547 -0.09092
-0.07710 -0.03799 -0.02664 -0.21469 -0.06594 +0.06404
-0.00515 -0.10014 -0.19173 -0.18361 -0.04368 +0.14843
-0.01048 -0.07702 -0.06864 -0.07752 +0.00113 +0.02110
-0.02329 -0.07551 -0.00443 +0.00035 -0.04946 -0.01045
-0.01378 -0.05892 -0.02651 +0.08157 -0.02139 -0.01045
-0.01759 -0.05480 +0.03877 -0.01967 -0.00678 -0.05003
-0.04803 -0.04393 -0.00259 -0.09170 -0.09258 -0.02603
-0.07799 -0.05681 -0.16363 -0.11064 -0.07974 +0.03993
-0.08096 -0.05617 -0.17588 -0.08894 -0.03414 -0.00258
-0.08399 -0.00174 +0.02391 -0.01502 -0.04522 -0.05702
-0.09001 -0.12661 +0.01261 +0.01030 -0.06221 -0.04083
-0.07681 -0.09159 -0.00172 -0.00064 -0.02522 -0.03471
-0.02362 +0.05904 -0.17512 +0.08805 -0.02510 -0.07080
-0.00636 -0.06348 -0.05022 -0.02031 -0.02704 +0.00287
-0.01749 -0.06678 +0.03495 +0.01275 -0.01552 -0.00270
-0.01983 -0.05441 +0.04197 +0.01601 -0.02005 -0.00245
-0.01380 -0.05184 -0.02352 +0.10983 -0.00438 +0.04445
-0.00129 -0.05539 -0.08134 +0.09167 +0.02446 +0.00807
-0.00662 -0.04017 +0.05289 +0.01160 +0.01108 -0.05698
-0.01674 -0.05685 +0.01621 +0.03496 -0.00901 +0.01057
-0.07692 -0.00726 +0.02701 -0.09584 -0.10963 -0.12048
-0.07533 -0.01210 -0.09553 -0.01848 -0.03880 -0.03796
-0.09548 -0.02062 -0.03327 +0.01775 -0.06004 -0.01043
-0.09249 -0.02790 +0.05287 +0.00393 -0.06974 -0.03592
-0.09959 -0.14779 -0.01163 +0.02175 -0.06598 -0.00155
-0.07231 -0.04085 +0.00913 +0.04357 -0.01333 +0.05216
-0.06599 -0.03313 +0.05512 +0.00539 +0.02133 -0.05350
-0.06907 -0.02681 -0.00197 +0.04253 -0.01804 +0.01949
-0.07435 -0.02844 +0.01163 +0.06725 -0.02944 +0.08386
-0.07627 -0.03137 +0.02134 +0.02953 +0.00802 +0.05564
-0.07705 -0.02391 +0.01377 +0.08643 +0.00443 +0.08592
-0.06716 -0.04447 -0.04250 -0.03249 -0.01299 -0.02826
-0.05150 -0.06736 -0.08454 -0.10280 -0.02707 +0.01365
-0.05304 -0.05042 -0.10216 -0.06449 -0.00073 +0.03770
-0.05423 +0.00614 -0.02331 +0.08408 +0.03137 -0.00636
-0.06611 -0.02595 -0.03532 +0.07121 +0.00200 +0.00531
-0.05825 -0.02486 -0.04390 +0.08939 +0.04970 -0.00149
-0.05553 -0.04742 -0.07789 -0.03466 +0.01397 -0.09700
-0.04879 -0.05791 -0.10828 -0.04826 +0.02047 -0.07535
-0.04337 -0.01912 -0.06190 +0.03343 +0.04439 -0.04053
-0.04978 -0.00694 +0.07054 +0.00636 +0.02513 -0.08746
-0.05793 -0.02467 -0.02469 +0.07431 +0.00880 -0.01116
+0.01871 +0.12661 -0.04110 -0.10313 +0.00997 +0.14903
-0.03630 -0.09443 +0.06213 -0.01410 -0.09912 +0.07296
-0.03068 -0.07171 +0.01459 +0.03566 -0.05611 +0.08803
-0.03358 -0.07066 +0.01074 +0.01799 -0.02907 +0.04781
-0.03068 -0.05910 +0.01104 +0.02424 -0.01650 +0.04740
-0.03537 -0.06061 -0.00520 +0.06552 -0.02039 +0.06594
-0.03174 -0.05810 +0.01797 +0.03724 -0.01647 +0.08946
-0.06715 -0.03453 -0.13444 -0.08227 -0.09328 +0.01371
-0.08293 -0.02761 -0.05753 -0.04195 -0.03946 -0.00918
-0.10030 -0.03516 -0.00410 +0.00797 -0.03981 -0.04210
-0.10705 -0.08923 +0.00110 +0.03339 -0.07571 +0.10279
-0.09820 -0.11778 +0.00175 +0.01508 -0.08452 +0.02702
-0.08294 -0.03278 -0.00081 +0.05101 -0.02337 +0.08808
-0.07058 -0.01337 +0.00977 +0.12046 +0.00187 +0.00047
-0.07634 -0.03064 -0.03848 +0.13674 +0.01924 +0.03768
-0.08474 -0.04314 +0.00904 +0.01467 +0.00108 +0.09221
-0.07956 -0.03391 +0.03542 +0.01675 -0.00408 +0.04357
-0.07537 -0.04575 +0.07509 -0.09356 -0.00869 -0.10850
-0.06593 -0.03372 +0.06506 +0.00122 -0.00540 -0.05176
-0.00705 +0.08974 -0.06693 +0.00300 +0.02149 +0.07065
-0.03316 -0.10613 +0.00733 -0.04304 -0.02500 -0.00476
-0.02437 -0.06491 +0.01470 -0.00339 -0.00645 +0.03285
-0.03052 -0.06244 +0.05249 +0.00592 -0.00744 +0.02872
-0.02571 -0.05944 +0.03266 +0.03439 -0.00280 +0.04107
-0.07114 -0.03353 -0.02468 -0.02721 -0.09587 -0.08144
-0.09507 -0.01766 -0.01053 +0.00964 -0.05368 -0.01303
-0.08674 -0.13206 +0.09863 -0.03951 -0.07501 -0.09177
-0.03370 -0.03965 -0.00718 -0.11101 +0.12637 -0.02241
+0.00711 -0.06853 -0.13625 -0.01703 +0.29218 -0.05309
-0.02652 -0.14125 -0.04495 -0.00913 +0.20507 +0.00606
-0.02766 -0.11688 +0.04290 -0.00807 +0.20489 +0.01442
-0.03238 -0.11421 +0.00478 -0.01637 +0.19234 +0.06295
-0.03003 -0.10976 +0.04736 -0.00886 +0.19339 +0.05561
-0.03053 -0.10804 +0.07115 -0.03847 +0.18391 +0.02105
-0.04933 -0.10735 -0.00406 -0.05404 +0.17999 +0.01685
-0.06996 +0.00745 +0.05846 +0.03429 +0.10778 -0.01316
-0.09460 -0.06227 -0.04174 +0.08938 +0.13927 +0.02183
-0.10685 -0.06916 +0.00342 -0.01989 +0.12383 +0.00562
-0.09990 -0.09884 +0.07702 -0.05374 +0.11675 +0.03953
-0.08352 -0.17661 +0.03192 +0.00715 +0.13039 -0.00030
+0.00337 +0.04514 -0.14141 -0.16553 +0.23450 -0.10975
-0.02619 -0.13876 +0.02639 -0.02057 +0.15223 -0.02818
-0.02360 -0.10557 +0.08179 +0.00693 +0.19334 -0.04066
-0.03077 -0.11455 +0.05771 +0.00926 +0.19105 -0.02836
