  358.39794 
  359.83923 
  358.27645 
  358.37262 
  358.31076 
  358.08047 
  357.93442 
  357.16358 
  357.33025 
  356.94575 
  357.94150 
  357.21471 
  358.11564 
  358.52137 
  357.64173 
  358.28550 
  357.80409 
  357.87284 
  357.76451 
  356.97281 
  354.03662 
  350.98156 
  350.93721 
  350.34622 
  349.44905 
  350.09250 
  350.06446 
  349.67621 
  350.07296 
  349.25437 
  349.68410 
  349.67446 
  349.43672 
  359.52626 
  357.23358 
  357.22726 
  356.99981 
  355.86589 
  356.53130 
  357.15867 
  352.18429 
  349.11963 
  349.56611 
  348.41031 
  348.51280 
  348.54038 
  348.78993 
  348.29678 
  348.52654 
  348.42868 
  348.52410 
  348.07296 
  348.75791 
  348.62554 
  358.27999 
  356.91743 
  356.52603 
  356.52864 
  356.12944 
  351.47972 
  347.03974 
  346.66720 
  347.42911 
  362.55097 
  358.33754 
  357.66266 
  357.56756 
  357.82707 
  357.90509 
  357.89657 
  357.87025 
  358.06564 
  357.55684 
  357.71963 
  357.69977 
  357.50754 
  357.27655 
  357.54847 
  358.05556 
  357.61064 
  358.36317 
  357.44850 
  357.69752 
  358.07889 
  357.31045 
  358.67294 
  357.72097 
  358.36209 
  357.98552 
  358.21854 
  357.81516 
  354.89737 
  350.78653 
  351.54776 
  352.09708 
  350.87487 
  350.04126 
  349.55097 
  349.40077 
  349.07552 
  349.27696 
  349.70403 
  349.57845 
  349.17166 
  349.77740 
  349.52649 
  348.77727 
  359.54596 
  356.87117 
  357.40446 
  357.12819 
  356.39081 
  357.13967 
  356.86400 
  356.79131 
  352.91588 
  348.58140 
  347.91183 
  348.57954 
  348.50288 
  347.86870 
  348.33434 
  352.49994 
  358.72327 
  357.23063 
  357.48187 
  356.25898 
  356.35606 
  353.43614 
  347.00398 
  347.48596 
  347.08913 
  346.99598 
  348.22382 
  348.55036 
  348.40907 
  348.21822 
  348.56767 
  348.65429 
  347.40041 
  347.71799 
  347.62136 
  346.70732 
  353.43533 
  359.51400 
  357.33352 
  356.52835 
  356.82710 
  356.03357 
  355.11694 
  349.74263 
  347.96319 
  348.49768 
  348.04014 
  347.71250 
  348.15278 
  354.92292 
  357.16599 
  355.77916 
  353.44717 
  347.44841 
  347.94001 
  347.99414 
  348.49646 
  359.46556 
  358.41689 
  358.89786 
  358.90799 
  349.49304 
  351.25273 
  351.07905 
  350.65180 
  351.28744 
  348.67604 
  349.94924 
  349.43382 
  350.05184 
  348.57304 
  348.57170 
  348.79230 
  347.40781 
  348.90375 
  348.69153 
  348.53620 
  347.87332 
  355.45014 
  358.72936 
  356.95901 
  357.72810 
  353.68447 
  349.68483 
  349.15760 
  350.16389 
  349.12875 
  350.11188 
  348.74283 
  348.59113 
  348.49119 
  348.73194 
  348.39463 
  358.58468 
  357.39762 
  356.09812 
  356.45823 
  356.23943 
  355.86922 
  356.52970 
  355.70661 
  356.67740 
  353.06512 
  350.30071 
  350.37815 
  349.74180 
  348.92304 
  348.55581 
  362.56578 
  357.40480 
  357.07887 
  357.85941 
  357.35245 
  356.62858 
  354.65555 
  349.90197 
  350.89376 
  350.30967 
  349.78773 
  349.29285 
  352.67532 
  360.19347 
  357.86853 
  357.18212 
  357.13923 
  356.15671 
  350.53541 
  351.57454 
  350.78667 
  350.29548 
  350.91167 
  350.76700 
  350.97694 
  360.51245 
  357.71128 
  358.45233 
  357.89555 
  353.72521 
  351.58006 
  352.22151 
  351.83693 
  351.38504 
  351.41158 
  350.23516 
  350.92634 
  351.26306 
  350.49800 
  350.63002 
  355.79689 
  358.49908 
  357.88098 
  357.10108 
  358.20170 
  358.44794 
  357.60522 
  353.41653 
  349.58740 
  349.91033 
  350.25925 
  349.95641 
  349.99612 
  356.65386 
  360.00995 
  357.41179 
  357.87066 
  357.70255 
  357.25196 
  358.23527 
  357.02651 
  357.30540 
  356.98370 
  357.80413 
  356.88012 
