-0.08062 +0.01705 +0.20348 -0.11574 +0.13107 -0.08982
-0.05240 +0.02412 +0.08258 -0.01288 -0.02415 -0.07297
-0.06639 +0.02080 +0.13956 -0.09835 -0.01636 -0.04856
-0.08716 +0.00557 +0.13280 -0.05267 +0.00898 -0.11740
-0.05769 +0.01996 +0.16840 -0.05759 -0.07921 -0.05757
-0.07333 -0.00378 +0.12915 -0.00633 -0.10156 -0.01723
-0.05788 +0.01576 +0.13280 -0.02902 -0.06695 -0.02787
-0.06679 +0.00093 +0.08997 +0.02435 -0.05563 -0.02864
-0.06569 +0.00505 +0.06212 +0.01996 -0.05154 -0.00328
-0.07416 +0.00971 +0.11570 -0.04804 +0.03014 -0.04688
-0.04811 +0.01846 +0.03597 +0.01437 -0.03822 -0.03546
-0.05177 +0.02586 +0.08467 -0.00528 -0.02660 +0.01545
-0.06990 +0.00073 +0.04164 +0.01955 +0.05129 -0.00088
-0.06312 +0.00892 +0.00771 +0.02097 -0.02653 -0.00065
-0.07995 -0.01640 +0.03501 +0.06000 +0.07269 -0.00306
-0.06872 +0.00409 +0.03895 +0.00269 +0.01819 -0.02445
-0.07209 +0.00447 +0.04772 -0.02351 +0.06398 +0.01150
-0.07052 +0.00745 +0.02556 -0.01193 +0.00863 -0.02490
-0.06101 +0.01715 +0.03098 +0.03380 -0.02432 +0.00818
-0.06758 +0.01988 +0.06494 -0.00167 -0.00718 -0.01815
-0.09485 -0.08146 +0.06293 -0.06101 +0.01645 +0.06113
-0.07374 -0.09363 +0.03603 -0.08317 +0.00157 -0.02763
-0.00099 -0.02753 +0.02464 -0.05019 -0.02149 +0.00157
-0.00239 -0.02363 +0.01013 -0.01645 -0.01595 +0.02709
-0.01693 -0.03706 +0.04784 -0.05892 +0.06609 +0.08696
+0.00731 -0.01294 +0.04659 -0.03566 +0.03142 +0.13908
-0.00632 -0.02197 -0.01463 -0.00478 +0.00940 +0.05565
-0.02247 -0.03497 -0.02684 +0.00556 +0.03597 +0.03428
-0.00216 -0.00982 +0.04978 -0.04126 -0.00550 +0.06547
-0.01659 -0.01729 +0.02894 -0.03643 +0.02306 +0.05916
-0.00609 -0.01742 -0.01682 +0.01749 +0.03225 +0.02893
-0.00857 -0.00998 +0.03915 -0.01172 +0.01004 +0.02418
-0.01579 -0.01686 +0.03420 -0.05505 +0.05463 +0.08863
+0.07230 +0.12217 +0.03358 +0.04848 +0.07521 -0.05587
-0.05433 +0.00111 +0.00585 +0.05622 +0.05297 +0.07169
-0.05043 +0.00805 +0.01319 +0.01564 +0.00732 +0.06018
-0.04250 +0.01765 +0.05627 -0.01454 -0.01587 +0.04453
-0.04938 +0.01567 +0.01613 +0.00110 -0.01083 +0.10174
-0.05069 +0.01148 -0.00385 +0.03955 -0.00963 +0.02828
-0.05027 +0.00770 +0.00196 +0.00258 +0.02201 +0.09461
-0.08407 -0.07583 +0.04279 -0.04602 +0.00270 +0.03657
-0.06503 -0.08413 +0.04995 -0.07272 +0.01680 +0.02301
-0.01526 -0.03903 -0.04986 +0.03891 +0.07123 +0.05507
-0.00880 -0.02296 -0.01687 -0.01533 +0.00176 +0.05110
-0.00499 -0.01766 +0.00998 -0.01457 +0.04298 +0.02796
-0.00386 -0.01640 +0.01267 -0.00593 +0.02655 +0.04533
-0.00329 -0.01510 +0.01671 -0.05192 +0.05143 +0.08955
-0.00134 -0.00376 +0.03647 -0.05682 +0.00683 +0.10481
-0.00190 -0.01651 +0.01337 -0.01136 +0.02709 +0.08532
-0.01213 -0.01680 +0.05556 -0.06239 +0.06080 +0.07048
-0.01365 -0.00759 +0.05338 -0.04251 +0.01946 -0.00467
-0.00656 -0.00838 +0.05693 -0.02078 +0.01912 +0.02219
-0.01890 -0.01800 -0.00349 +0.04249 +0.00387 +0.05684
-0.00556 -0.01288 -0.01696 +0.01156 +0.02926 +0.10482
+0.05338 +0.10576 +0.05038 -0.00822 +0.12345 +0.05268
-0.03527 +0.05272 +0.06726 +0.00013 +0.01918 -0.07926
-0.05122 +0.02973 +0.03619 -0.00832 +0.03628 +0.00619
-0.05700 +0.02204 -0.02770 +0.05097 +0.04443 +0.05557
-0.05157 +0.02911 -0.00539 +0.02621 +0.03603 +0.08950
-0.10276 -0.07846 -0.03669 +0.03082 +0.04974 -0.00594
-0.07647 -0.08987 -0.00945 -0.00843 +0.05381 -0.05360
-0.00433 -0.01178 +0.00088 -0.01871 +0.11316 +0.00364
+0.00849 -0.01231 -0.05414 +0.07681 +0.07897 -0.01879
+0.09580 +0.20928 +0.10946 +0.07163 +0.22918 -0.09048
-0.07482 +0.06137 +0.04367 -0.07996 +0.09565 +0.08187
-0.09759 +0.01969 +0.04176 +0.04240 +0.07374 +0.09835
-0.08590 +0.03639 +0.02897 +0.01165 -0.00041 +0.02603
-0.10980 +0.01833 -0.00029 +0.05348 +0.03361 +0.00075
-0.10915 +0.02617 +0.03343 +0.02876 +0.06692 +0.08013
-0.10657 +0.03206 +0.00250 +0.09801 -0.00008 -0.01325
-0.10709 +0.02733 -0.00023 +0.10450 -0.03239 -0.00937
-0.13271 +0.01509 -0.01331 +0.06740 +0.00955 +0.00017
-0.10881 +0.04214 +0.05910 -0.03777 +0.02916 +0.06607
-0.10895 +0.04441 +0.06379 -0.01311 +0.01467 +0.06651
-0.12260 +0.02525 +0.02629 +0.01819 +0.09761 +0.02743
-0.11600 +0.04489 +0.05132 +0.04998 +0.02039 +0.02267
-0.10989 +0.04288 +0.09843 -0.02493 +0.04229 +0.04291
-0.11034 +0.04058 -0.02153 +0.10026 -0.02464 +0.03198
-0.11614 +0.02656 -0.01436 +0.08815 +0.04741 +0.04815
-0.12244 +0.03646 +0.06699 -0.01465 +0.05501 +0.01328
-0.11257 +0.03639 +0.00225 +0.09208 +0.02928 -0.00814
-0.12432 +0.03605 +0.04800 +0.04589 +0.02880 +0.03367
-0.11346 +0.03125 +0.05892 +0.14515 +0.04601 -0.04278
-0.12080 +0.02734 +0.03256 +0.06840 +0.03611 -0.00547
-0.12488 +0.04979 +0.07751 +0.03198 +0.01549 -0.06431
-0.12159 +0.03534 -0.02245 +0.14095 +0.04852 -0.05668
-0.13599 +0.04026 +0.04766 +0.05134 +0.03698 -0.04471
-0.11092 +0.04897 -0.00163 +0.07598 -0.01937 +0.01423
-0.11725 +0.02875 -0.01567 +0.13270 +0.08672 +0.04594
-0.13264 +0.01813 -0.01851 +0.11674 +0.07093 +0.04419
-0.12000 +0.04341 +0.08925 +0.00804 +0.05404 +0.00523
-0.15179 -0.05901 -0.08470 +0.08972 -0.10601 -0.07110
-0.19572 -0.21965 +0.06100 -0.10466 +0.00924 -0.09261
-0.01851 -0.05148 -0.08274 +0.04211 +0.01936 -0.07716
+0.00603 -0.03907 +0.01127 -0.00285 +0.01482 -0.06783
-0.00584 -0.04315 +0.00791 +0.02491 +0.01037 -0.03366
-0.00133 -0.03184 -0.00916 +0.04312 -0.01827 -0.05319
-0.00534 -0.02844 +0.05475 -0.01805 +0.10453 +0.00410
-0.00907 -0.03391 -0.05203 +0.10761 +0.03975 -0.04238
+0.00798 -0.00926 +0.03869 -0.02372 +0.03666 -0.01112
-0.01382 -0.01678 +0.02245 -0.05847 +0.03867 -0.04268
-0.01159 -0.03338 -0.05048 +0.02878 +0.04086 -0.11012
-0.00362 -0.02825 -0.05452 +0.05981 +0.07136 -0.02707
-0.01811 -0.02035 -0.00946 -0.02567 +0.02809 -0.09348
-0.00044 -0.01282 -0.03237 +0.03258 +0.00720 -0.04977
-0.00565 -0.02835 -0.03438 +0.07070 +0.03734 +0.00066
-0.01595 -0.02182 -0.05275 +0.02291 -0.01012 -0.05928
+0.07990 +0.13984 +0.06313 +0.01513 +0.08551 -0.04891
-0.03474 +0.03362 -0.02507 +0.03189 +0.02507 -0.01985
-0.05293 +0.01502 -0.03924 +0.08011 +0.06309 -0.05517
-0.04756 +0.01579 -0.04610 +0.09034 +0.04111 -0.08645
-0.06706 +0.01779 +0.05093 -0.05278 +0.13293 -0.09901
-0.04060 +0.02556 -0.05150 +0.07608 +0.07346 -0.03408
-0.07367 +0.01526 +0.07861 -0.03011 +0.19524 -0.18340
-0.03666 +0.02813 -0.04904 +0.07841 +0.04702 -0.09268
-0.07967 -0.06794 -0.02783 +0.04059 -0.00571 -0.10314
-0.06758 -0.08278 -0.06020 +0.03078 -0.05412 -0.02606
-0.00199 -0.01276 +0.05397 -0.04594 +0.03043 +0.02041
-0.01218 -0.01534 +0.04835 -0.03090 +0.04932 -0.07557
-0.00521 -0.01825 -0.03236 +0.04731 +0.00644 -0.09019
-0.01349 -0.01588 -0.00331 -0.01245 +0.02943 -0.03215
-0.01766 -0.03514 -0.03875 +0.07682 +0.10702 -0.02354
+0.01693 +0.02657 +0.00659 -0.00440 +0.09993 -0.04362
+0.05934 +0.12195 +0.00802 +0.03708 +0.05839 -0.00977
-0.04711 +0.01413 -0.03205 +0.04349 +0.00762 -0.03879
-0.04832 +0.01713 -0.01690 +0.04482 +0.01930 -0.01975
-0.06434 +0.01078 -0.03552 +0.04905 +0.08763 -0.07675
-0.03218 +0.03284 +0.01533 -0.01786 +0.02946 -0.00405
-0.07094 -0.02188 -0.07439 +0.08376 +0.00222 -0.05164
-0.13445 -0.14262 -0.06689 +0.00478 -0.05509 +0.03901
-0.01940 -0.02523 -0.01414 +0.05910 +0.03647 +0.04445
-0.00724 -0.00681 +0.00503 -0.02926 +0.05563 -0.00020
-0.00145 -0.00867 -0.03069 +0.02530 +0.03258 +0.01211
-0.01780 -0.02175 -0.03323 +0.00117 +0.03590 -0.00743
-0.01829 -0.01829 +0.00090 -0.00705 +0.06580 -0.02769
-0.00657 -0.01098 -0.03793 +0.05730 +0.02148 -0.01714
-0.01304 -0.00985 +0.00837 +0.02663 -0.00409 -0.05138
-0.00495 -0.00114 -0.01445 +0.03451 -0.00616 +0.01500
-0.01378 -0.01151 +0.11811 -0.09970 +0.02308 +0.02133
-0.03217 -0.02521 +0.01421 -0.02502 +0.04661 +0.06018
+0.00000 +0.00000 +0.00000 +0.00000 +0.00000 +0.00000
-0.01331 +0.00329 +0.07711 -0.04864 -0.00764 -0.01396
-0.01275 -0.00418 +0.00019 +0.02059 +0.00733 +0.06229
+0.01728 +0.04151 +0.03858 +0.01648 +0.11701 +0.03558
+0.04200 +0.13639 +0.04208 -0.01112 +0.02566 -0.01184
-0.06712 +0.02597 -0.03197 +0.05385 -0.00911 +0.00694
-0.06435 +0.02884 -0.01647 +0.08278 -0.01989 -0.06686
-0.05901 +0.02790 -0.00870 +0.07647 -0.00815 -0.04200
-0.06489 +0.03254 +0.02462 +0.03111 -0.00196 +0.02725
-0.06108 +0.01717 -0.06497 +0.09336 -0.01355 -0.02861
-0.14630 -0.15795 +0.05990 -0.12539 +0.01401 -0.03721
-0.01544 -0.02406 +0.02153 -0.01809 +0.01400 -0.06682
-0.01938 -0.02030 -0.03236 -0.05972 +0.13041 -0.02136
-0.00769 -0.01047 -0.00215 -0.04725 +0.04359 -0.05072
+0.00118 -0.00973 -0.04256 +0.01618 +0.00034 -0.02535
-0.01428 -0.01544 +0.01267 -0.03241 +0.07348 -0.07396
+0.04413 +0.06780 -0.01478 +0.02146 +0.03618 -0.02584
-0.00290 +0.06194 +0.01071 +0.00659 +0.00839 -0.00681
-0.04761 +0.02910 +0.01872 -0.02206 -0.01118 +0.03930
-0.08257 -0.06116 -0.07694 -0.02667 +0.03306 +0.01649
-0.07318 -0.08317 -0.01824 +0.01552 -0.06753 +0.04900
-0.00444 -0.00563 +0.04764 -0.04804 -0.02601 +0.01329
-0.01077 -0.01198 +0.00781 -0.05100 -0.03020 -0.02013
-0.03054 +0.12589 +0.24767 -0.04600 -0.36376 -0.21779
-0.00310 +0.21488 +0.16699 +0.09731 -0.19841 +0.09233
-0.06150 +0.15606 +0.10600 +0.01045 -0.16606 +0.14405
-0.05439 +0.16443 +0.04047 +0.11555 -0.25040 +0.10361
-0.08940 +0.11080 +0.07070 +0.11883 -0.10314 +0.07700
-0.08316 +0.00032 +0.02895 -0.03637 -0.05408 -0.15116
-0.06240 -0.02704 -0.09960 +0.03352 -0.05895 -0.18005
+0.00073 +0.03123 -0.04700 -0.00459 -0.08673 -0.11642
-0.01371 +0.01837 -0.01006 -0.05268 -0.07098 -0.08401
-0.01137 +0.01812 -0.03365 +0.01652 -0.04619 -0.11851
-0.01989 +0.02934 -0.03995 -0.03435 -0.06763 -0.04651
-0.01776 +0.02373 -0.09034 +0.06038 -0.03056 -0.04755
-0.03185 +0.02604 -0.12005 -0.08940 -0.03757 -0.01666
-0.01703 +0.02811 -0.04264 -0.05539 -0.03963 -0.09216
-0.01713 +0.03442 -0.03717 -0.05989 -0.05822 -0.05977
-0.00887 +0.03214 -0.07244 -0.03667 -0.03615 -0.01326
-0.03075 +0.01628 -0.04044 -0.07445 +0.06531 -0.05030
-0.00655 +0.04424 -0.04679 -0.05662 -0.00778 -0.02757
+0.00564 +0.05624 +0.01680 -0.14831 +0.00214 +0.02449
-0.03520 +0.01834 -0.04903 -0.00513 +0.01023 -0.08186
-0.00655 +0.04133 -0.09345 -0.00950 -0.03036 -0.04749
-0.01919 +0.03283 -0.02245 -0.07431 -0.01504 -0.01717
+0.02113 +0.09243 -0.10288 +0.04576 +0.00220 -0.11138
+0.02772 +0.12494 -0.05300 -0.00475 +0.03907 -0.16864
-0.03347 +0.08022 -0.00746 -0.06800 +0.00607 -0.12256
-0.04331 +0.06025 -0.05907 -0.07652 +0.07481 -0.07906
-0.08305 -0.02025 -0.01228 -0.07552 -0.02845 -0.09585
-0.05918 -0.02052 -0.03504 -0.07972 -0.05704 -0.02557
-0.03039 +0.01977 +0.01503 -0.10279 +0.01431 -0.10925
-0.00666 +0.02490 -0.06701 -0.05664 +0.04257 -0.09998
-0.00290 +0.03098 -0.07181 -0.04901 -0.02447 -0.02095
-0.01009 +0.03305 -0.02565 -0.08082 +0.03159 -0.06106
-0.00512 +0.03504 -0.04800 -0.05410 -0.02046 -0.04828
-0.02109 +0.02704 -0.05971 -0.07987 +0.05659 -0.07133
-0.01660 +0.03980 -0.09047 -0.11998 +0.03986 +0.03037
-0.00518 +0.03737 -0.10926 +0.02814 +0.01055 -0.00885
-0.00319 +0.04427 -0.04383 -0.09562 -0.01258 +0.06160
+0.06207 +0.17436 +0.04569 -0.11637 +0.08802 -0.03975
-0.02297 +0.09792 -0.07737 -0.00768 +0.03073 +0.02853
-0.06614 +0.05901 +0.00120 -0.01676 +0.04768 +0.01515
-0.03902 +0.08101 -0.02652 -0.08403 -0.01101 +0.08168
-0.04724 +0.07203 -0.04555 -0.01761 -0.08479 +0.01937
-0.05094 +0.07454 -0.03671 -0.02510 -0.03596 +0.01635
-0.06789 +0.05628 -0.08001 -0.05562 -0.00973 +0.00617
-0.05793 +0.06494 -0.05512 -0.03975 +0.00593 -0.00581
-0.04917 +0.07079 -0.08538 +0.01446 -0.02867 +0.01761
-0.08949 -0.01812 -0.08316 -0.07856 -0.02779 +0.08349
-0.10378 -0.04902 -0.07469 -0.10338 -0.01380 -0.01971
-0.01369 +0.03124 -0.07352 -0.00140 -0.01938 +0.05998
-0.01996 +0.02810 -0.04340 -0.08652 +0.01820 +0.01717
-0.00741 +0.04339 -0.08385 -0.02000 -0.00618 +0.06378
-0.01897 +0.04261 -0.06058 -0.05792 -0.03737 +0.04529
+0.06286 +0.18300 -0.02847 -0.04799 +0.12546 -0.04962
-0.05799 +0.07755 -0.05416 -0.03459 +0.01911 +0.04731
-0.08172 +0.06816 +0.02072 -0.10242 +0.12447 -0.03415
-0.04596 +0.08361 -0.05283 +0.02313 -0.01419 -0.01807
-0.06319 +0.06343 -0.02834 +0.02574 +0.04943 +0.08342
-0.07115 +0.05926 -0.08043 -0.03342 +0.00935 +0.07808
-0.10677 -0.01986 -0.02244 -0.14950 +0.10152 +0.03689
-0.08614 -0.02477 -0.12624 -0.09010 -0.04457 +0.05424
-0.03940 +0.00462 -0.10699 +0.13573 +0.01749 -0.00675
-0.00534 +0.04659 -0.02591 -0.08591 -0.01981 +0.04193
-0.01569 +0.03764 -0.02385 -0.10344 -0.01159 +0.05645
-0.01889 +0.04400 -0.07953 -0.04230 +0.00530 +0.10196
+0.00203 +0.07218 +0.04143 -0.05295 +0.00251 -0.02592
+0.04496 +0.18700 -0.02503 -0.13249 +0.15160 +0.04952
-0.05058 +0.08694 -0.05249 -0.03646 -0.07570 +0.01282
-0.05238 +0.08740 -0.03307 -0.03453 -0.07540 +0.01470
-0.06322 +0.06836 -0.01318 -0.01512 +0.01205 +0.11534
-0.07909 +0.06054 -0.06330 +0.01643 -0.04006 +0.02901
-0.13686 -0.13761 -0.08389 -0.10774 -0.08225 -0.09225
+0.01388 +0.01435 -0.01009 -0.09155 -0.05326 -0.04761
-0.00032 +0.00246 -0.07503 -0.06971 -0.06425 -0.01995
-0.00121 +0.01078 -0.08352 -0.03928 +0.00352 +0.00756
+0.00012 +0.01886 -0.10637 -0.04041 -0.09098 +0.01132
-0.00509 -0.00300 -0.08081 +0.02308 -0.00647 +0.01495
-0.01951 +0.00185 -0.07700 -0.08456 +0.01782 -0.01249
+0.08600 +0.19733 -0.04419 +0.05054 +0.01180 -0.10479
-0.05202 +0.06650 -0.04973 +0.01314 -0.02212 -0.05720
-0.04743 +0.06666 -0.07598 -0.00720 +0.05435 +0.06358
-0.05592 +0.06647 -0.10385 +0.00190 -0.00211 +0.05383
-0.08716 -0.02657 -0.02512 -0.12992 -0.01369 +0.10170
-0.06361 -0.05606 -0.04660 -0.05683 -0.08208 -0.05197
-0.01673 -0.01615 -0.07445 +0.00218 +0.01914 -0.04373
+0.00424 +0.00690 -0.03013 -0.09600 -0.03148 -0.03794
+0.00115 +0.00944 -0.06285 -0.06225 -0.04221 +0.00006
-0.01473 -0.00604 -0.08729 -0.09581 +0.03902 -0.06107
+0.00363 +0.01690 -0.03531 -0.09688 -0.03850 -0.00232
-0.01738 +0.00206 -0.01335 -0.14312 +0.04307 -0.02660
-0.00794 +0.00878 -0.12599 -0.08256 +0.00193 +0.03150
-0.00646 +0.00950 -0.04053 -0.07797 +0.00314 +0.00184
-0.00140 +0.01590 -0.06380 -0.03271 +0.00641 +0.10165
+0.03483 +0.08580 +0.02943 -0.11735 -0.00918 +0.01515
+0.02484 +0.13819 -0.00716 -0.03323 +0.02890 -0.04040
-0.04165 +0.08005 -0.03911 -0.03147 -0.03824 -0.00118
-0.05715 +0.07182 -0.00193 -0.07373 +0.02358 +0.02848
-0.05347 +0.07396 -0.05352 -0.05168 -0.00476 -0.00712
-0.04089 +0.08006 -0.00969 -0.00331 -0.02486 -0.02426
-0.06934 +0.06214 -0.05819 -0.05671 -0.00307 +0.01520
-0.08843 -0.01562 -0.08968 -0.03858 -0.05149 -0.02754
-0.06318 -0.01972 -0.05207 -0.05250 -0.05614 -0.00684
-0.01063 +0.02509 -0.05531 -0.04824 -0.03145 +0.00720
-0.01114 +0.02621 -0.09672 -0.00494 +0.01194 +0.05770
-0.02086 +0.02619 -0.08659 -0.09588 +0.00447 +0.02278
-0.00930 +0.03214 -0.05849 -0.05028 -0.01951 -0.02298
+0.02505 +0.10576 -0.08806 +0.02243 -0.01000 -0.07205
+0.00376 +0.12740 -0.03257 -0.01615 +0.00057 -0.10633
-0.06010 +0.08061 +0.00201 -0.07049 -0.06926 -0.04281
-0.06916 +0.05679 -0.07112 +0.02712 +0.07619 +0.00174
-0.05538 +0.08518 -0.01112 -0.06629 -0.03966 -0.05637
-0.06284 +0.06602 -0.10897 +0.04360 -0.00174 -0.01046
-0.05761 +0.06976 -0.11641 -0.02941 +0.00466 +0.03210
-0.05841 +0.08599 -0.05268 -0.02817 -0.06470 +0.03023
-0.05141 +0.07821 -0.07116 -0.03427 -0.04164 +0.07372
-0.05185 +0.08880 -0.05066 -0.04943 -0.05435 +0.02617
-0.05765 +0.07392 -0.04553 -0.07137 +0.02855 +0.07469
-0.04937 +0.08613 -0.02743 -0.03443 -0.05347 +0.01724
