  402.75567 
  401.90048 
  401.41737 
  401.47502 
  400.97674 
  401.58810 
  401.12611 
  400.86481 
  401.03363 
  400.88597 
  401.03022 
  401.04426 
  400.90204 
  401.07170 
  401.38882 
  401.66391 
  401.30209 
  401.03775 
  401.61925 
  401.19454 
  401.03668 
  401.14574 
  401.22817 
  401.40100 
  401.41531 
  400.93527 
  401.17624 
  401.30978 
  401.38177 
  401.54575 
  401.39555 
  401.40597 
  401.49973 
  401.30444 
  401.18429 
  401.22088 
  386.95874 
  388.36463 
  388.11222 
  388.54252 
  388.83147 
  388.80137 
  389.44582 
  389.14564 
  388.85200 
  389.50205 
  389.71846 
  389.56179 
  389.52630 
  389.59539 
  389.48524 
  389.65378 
  389.61581 
  391.30428 
  401.09110 
  400.01457 
  399.70647 
  399.95751 
  400.08718 
  400.11848 
  400.09427 
  399.69413 
  400.18542 
  400.09188 
  400.38415 
  400.01928 
  399.78039 
  399.59213 
  399.73673 
  400.40718 
  400.09742 
  399.92783 
  399.74390 
  400.00675 
  400.11728 
  399.98475 
  400.40521 
  400.34731 
  400.06587 
  400.97752 
  399.97666 
  399.67933 
  400.03427 
  400.07227 
  396.42581 
  387.46835 
  388.23033 
  388.26671 
  388.48217 
  388.45942 
  388.60201 
  388.80453 
  388.80393 
  389.01061 
  389.33419 
  389.27516 
  389.11285 
  389.12430 
  389.07518 
  389.31142 
  389.43439 
  389.31178 
  389.75027 
  389.45759 
  390.09559 
  389.82477 
  390.00033 
  389.88768 
  389.59222 
  389.76550 
  390.41015 
  390.28104 
  389.95939 
  390.34454 
  390.89411 
  390.50516 
  390.27433 
  390.61199 
  390.53153 
  390.66963 
  390.29442 
  395.69177 
  400.89439 
  400.32626 
  400.33653 
  400.24514 
  400.25493 
  400.16554 
  400.20646 
  401.15693 
  400.46766 
  400.45391 
  400.57123 
  400.46272 
  400.69734 
  400.51371 
  400.96637 
  400.79881 
  400.50470 
  401.12779 
  401.00216 
  400.99438 
  400.40918 
  400.67119 
  400.49814 
  401.15198 
  400.76468 
  401.34954 
  400.99815 
  386.42519 
  388.66261 
  388.11463 
  388.58724 
  388.64164 
  388.65726 
  389.11873 
  389.23245 
  389.47787 
  389.50966 
  389.93601 
  389.83140 
  389.84814 
  389.86378 
  389.73689 
  389.41483 
  389.73193 
  390.02390 
  389.81923 
  389.70682 
  390.05827 
  390.39032 
  390.20845 
  390.47039 
  390.39432 
  390.29599 
  390.39550 
  390.74268 
  395.55324 
  401.13153 
  400.43388 
  400.29667 
  400.36111 
  399.79591 
  400.74757 
  400.55100 
  400.82209 
  400.63048 
  400.88165 
  400.92948 
  400.26652 
  400.53332 
  395.70885 
  386.98889 
  388.16179 
  388.42852 
  389.06206 
  389.63896 
  389.21386 
  388.92699 
  389.04446 
  389.22100 
  389.14134 
  389.15596 
  389.13348 
  389.68206 
  389.98927 
  389.52090 
  389.35603 
  389.52894 
  388.92016 
  389.10599 
  389.87995 
  390.18656 
  389.79074 
  389.60530 
  389.82746 
  389.75074 
  389.43750 
  390.00204 
  389.60967 
  389.28255 
  389.77548 
  389.63877 
  390.55661 
  389.95449 
  389.81049 
  390.04186 
  389.79829 
  389.20439 
  390.36948 
  390.21231 
  390.32834 
  390.20127 
  389.70319 
  390.06126 
  389.88701 
  387.67062 
  388.23238 
  387.42597 
  387.50998 
  388.11426 
  388.13399 
  388.37375 
  388.27734 
  388.02888 
  387.71681 
  388.46409 
  388.48890 
  387.96853 
  388.31396 
  388.63647 
  387.93872 
  399.05163 
  400.79879 
  400.24315 
  399.62306 
  400.26074 
  400.67087 
  401.17852 
  401.49654 
  401.22862 
  401.32559 
  401.55201 
  401.47147 
  401.59531 
  401.94679 
  401.10570 
  400.96783 
  401.68324 
  401.20269 
  389.94049 
  387.38502 
  387.52208 
  388.07989 
  388.45157 
  388.61120 
  388.79054 
  388.29248 
  389.06022 
  388.88436 
