+0.00569 +0.02104 -0.09166 +0.02822 -0.06802 -0.06278
-0.00835 +0.02405 -0.03777 -0.00135 -0.01972 +0.01391
-0.01578 +0.02893 -0.04764 -0.03965 -0.04224 -0.03914
-0.01795 +0.01337 +0.04258 -0.00690 +0.04421 -0.08820
+0.00416 +0.02276 -0.04318 -0.00432 -0.09982 -0.07706
-0.03239 +0.04562 -0.00603 -0.06708 -0.04285 -0.02308
+0.00295 +0.01089 +0.00555 -0.02129 -0.11636 -0.08727
+0.00061 +0.02974 -0.07618 -0.02650 -0.08989 -0.03219
-0.00834 +0.03922 +0.00950 +0.04096 -0.07238 -0.09091
-0.01392 +0.03541 +0.02816 +0.02199 -0.11380 -0.01349
-0.00761 +0.04676 -0.05473 +0.02138 -0.00015 -0.09874
-0.01047 +0.03211 +0.03890 +0.04806 -0.08603 -0.07272
-0.05544 +0.06294 +0.13934 +0.06237 +0.03838 -0.03869
-0.01200 +0.00943 +0.02371 -0.00561 -0.09864 -0.09374
-0.00468 +0.05940 -0.04832 +0.05447 -0.11718 -0.03783
-0.02133 +0.03195 +0.00182 -0.02649 -0.01413 -0.07072
-0.01959 +0.01799 +0.04413 -0.01326 -0.10517 -0.10669
-0.01479 +0.03790 -0.00121 +0.02620 -0.08882 -0.03130
-0.01143 +0.02593 -0.01817 -0.01016 -0.04145 -0.10322
+0.00118 +0.01869 -0.05025 +0.03012 +0.06000 -0.00614
+0.00015 +0.01016 -0.02263 -0.00802 -0.09673 -0.09478
-0.01700 +0.03797 -0.02658 -0.01773 -0.01361 -0.03647
+0.00863 +0.00462 -0.01040 +0.04390 +0.02433 -0.15193
-0.02480 +0.04261 -0.04974 -0.04562 -0.02954 -0.05812
+0.00259 -0.00046 -0.01070 -0.01641 -0.06500 -0.03152
-0.01683 +0.00945 -0.01120 -0.04409 -0.01805 -0.06002
-0.01417 +0.00643 -0.01732 -0.03833 +0.02910 -0.01560
+0.00102 +0.00716 -0.02101 -0.01186 -0.00626 -0.04513
-0.01274 +0.01636 +0.01671 +0.01645 +0.12544 -0.17778
-0.00038 +0.00792 -0.05950 -0.02875 -0.02932 -0.06251
+0.01319 +0.04303 -0.10356 +0.04529 +0.02357 -0.01837
+0.00050 +0.00936 -0.09275 -0.06872 +0.00623 -0.08144
-0.01508 +0.02341 +0.06268 -0.00008 -0.02325 -0.05424
+0.01895 +0.00444 -0.08072 -0.01206 +0.08578 -0.07230
-0.02234 +0.01178 +0.03996 -0.06264 +0.05132 -0.02491
+0.02320 -0.00395 -0.01970 +0.01720 -0.01271 +0.00177
+0.12680 -0.36251 +0.03881 +0.09217 +0.02725 -0.17389
-0.05047 -0.02995 -0.10341 +0.06611 -0.03450 -0.05419
-0.06352 -0.02142 -0.10396 +0.03520 -0.03724 -0.03364
-0.04347 -0.01890 -0.12920 +0.09549 -0.02153 +0.00257
-0.06557 -0.05910 -0.01983 +0.00991 -0.08103 -0.03784
-0.04637 -0.01893 -0.08816 +0.07692 -0.02838 -0.02424
-0.05991 -0.05402 +0.03238 +0.12235 +0.08489 -0.04248
-0.07312 -0.01495 -0.11529 -0.01385 -0.04233 +0.00605
-0.04853 -0.03986 -0.09314 +0.04519 -0.00777 -0.06049
-0.05278 -0.04060 -0.04873 +0.07977 -0.01006 -0.06987
-0.07571 -0.01799 -0.02094 +0.05451 +0.01849 +0.02777
-0.03890 -0.04850 -0.03241 +0.06950 +0.04836 -0.00918
-0.05184 -0.04492 -0.03448 +0.08154 +0.03829 -0.02084
-0.06032 -0.06335 +0.00837 +0.04752 -0.00110 +0.00873
-0.03203 -0.04179 -0.12443 +0.06811 -0.05454 +0.00805
-0.05394 -0.02748 -0.04313 +0.08010 +0.02838 -0.10333
-0.04912 -0.06438 -0.02824 +0.08858 +0.13109 -0.07458
-0.06612 +0.03601 -0.03901 +0.15295 +0.00716 +0.01390
-0.13002 +0.23153 -0.03907 +0.07554 -0.15456 -0.00853
-0.02977 +0.02663 +0.03265 +0.04462 -0.10387 -0.14476
-0.02937 +0.05655 -0.01393 +0.08104 +0.03960 -0.04172
-0.01658 +0.01517 -0.00192 +0.02330 +0.04078 -0.06875
-0.01881 +0.03159 -0.00991 +0.05454 -0.02258 -0.03538
-0.03392 +0.04226 +0.05295 +0.06966 -0.01590 -0.08918
-0.01190 +0.01747 +0.00483 +0.09804 +0.08731 -0.05459
-0.01384 +0.01473 +0.01574 +0.05283 -0.06723 -0.03703
-0.01427 +0.02677 +0.01751 +0.07695 -0.07859 -0.03781
-0.06985 +0.01130 +0.09048 -0.05134 -0.02185 -0.02600
-0.03034 +0.02091 +0.10426 +0.08900 -0.02340 -0.00311
-0.02445 +0.03576 +0.09243 +0.10566 -0.03071 -0.06978
-0.00004 +0.04195 -0.02184 +0.13433 +0.00980 +0.00385
-0.02096 +0.06224 -0.00005 +0.11033 -0.09639 +0.05057
-0.01785 +0.01886 +0.04093 +0.07097 +0.07915 -0.06510
-0.03981 +0.06052 +0.05874 +0.10577 +0.02698 -0.04800
-0.03579 +0.02445 +0.10729 +0.03620 -0.07287 +0.01666
-0.01207 +0.02998 +0.06229 +0.12088 -0.03325 -0.02937
-0.02460 +0.04753 +0.06001 +0.10081 -0.00755 -0.01897
-0.06514 +0.04082 +0.12792 +0.00754 +0.07880 +0.02472
-0.02823 +0.02318 +0.05932 +0.02255 -0.01200 +0.02127
-0.02904 +0.02974 +0.08910 +0.06194 +0.00195 -0.03365
-0.01761 +0.04927 +0.00445 +0.05986 -0.04657 +0.06441
-0.01965 +0.03150 +0.04860 +0.08294 +0.07513 +0.06997
-0.01182 +0.03339 +0.00774 +0.05835 -0.03120 +0.06328
-0.00824 +0.02093 +0.01449 +0.07066 +0.03959 -0.02489
-0.03073 +0.01489 +0.13802 +0.08061 +0.13408 -0.00891
-0.01839 +0.03332 -0.07506 -0.03246 +0.11904 +0.05870
-0.00420 +0.01594 -0.02548 +0.02042 +0.03160 +0.01444
-0.02674 +0.02266 +0.08654 +0.02189 -0.03490 -0.01069
+0.02012 -0.00811 -0.04626 +0.06205 +0.08198 -0.06594
+0.08154 -0.28828 -0.01289 +0.07939 -0.12390 -0.10453
-0.09052 -0.00084 -0.06708 +0.01367 -0.08735 -0.08131
-0.06209 -0.01200 -0.09031 +0.06082 -0.10408 -0.10495
-0.10101 -0.01877 +0.01223 -0.00853 -0.12201 -0.04220
-0.07703 -0.00034 -0.05154 +0.02064 -0.00809 -0.04768
-0.09439 -0.02376 +0.04859 +0.06282 +0.02774 -0.01785
-0.07784 -0.04038 +0.05747 +0.06868 +0.01209 -0.00128
-0.07782 -0.00345 -0.04636 +0.03395 -0.01005 -0.01757
-0.06247 -0.02654 -0.01328 +0.08960 +0.04230 -0.06274
-0.06054 -0.03443 -0.00871 +0.06092 +0.00764 -0.10263
-0.07985 -0.00663 -0.08433 -0.03702 -0.01969 -0.01711
-0.06874 -0.01965 -0.02350 +0.03263 -0.02567 -0.06928
-0.07132 -0.02885 +0.01822 +0.05352 -0.05468 -0.01253
-0.07024 -0.02353 +0.01564 +0.09937 +0.07911 -0.05290
-0.07612 -0.00137 -0.10075 -0.02616 +0.00670 -0.05332
-0.06886 -0.04357 -0.06773 -0.04594 -0.00253 -0.03111
-0.07622 -0.02508 -0.03076 -0.04090 -0.01221 -0.06855
-0.06700 -0.01388 -0.08564 -0.02324 +0.00898 -0.05671
-0.03473 -0.04363 -0.06151 +0.09746 +0.04565 -0.03319
-0.09827 -0.03867 +0.02803 -0.05701 +0.04006 -0.00506
-0.06730 -0.04032 -0.02626 -0.01301 +0.05061 +0.00774
-0.05593 -0.03580 -0.03718 +0.01752 -0.07728 -0.03284
-0.07040 -0.03092 -0.04392 -0.03777 -0.02062 -0.06088
-0.06625 -0.02831 -0.04924 -0.02106 -0.00342 -0.06227
-0.05897 -0.03310 +0.02473 +0.06692 +0.05139 -0.04667
-0.03813 -0.01295 -0.11151 +0.03011 +0.03208 -0.11093
-0.06194 -0.04892 +0.00408 +0.00240 +0.00951 -0.01451
-0.05549 -0.02442 -0.09518 -0.00920 +0.03949 -0.04770
-0.08283 -0.01039 -0.04247 -0.05691 -0.04529 -0.02373
-0.07452 -0.04017 -0.00635 -0.06867 -0.05600 -0.05672
-0.05003 -0.04255 -0.08923 -0.00338 +0.00385 -0.03271
-0.06010 -0.02726 -0.04179 +0.00089 +0.01931 -0.12384
-0.06684 -0.03059 -0.02225 -0.00549 -0.06569 -0.08144
-0.06835 -0.02382 +0.01848 +0.06197 +0.04707 -0.01543
-0.06592 -0.02500 -0.00495 +0.01308 +0.01566 -0.07137
-0.05320 -0.02154 -0.11242 -0.05411 +0.01284 -0.05384
-0.09133 +0.07899 +0.02239 +0.12455 +0.00036 -0.06381
-0.09525 +0.12437 +0.00110 +0.00500 -0.05222 -0.06014
-0.05021 +0.04398 +0.03971 -0.03222 -0.11424 -0.09915
-0.02842 +0.06041 -0.06991 +0.00468 +0.03043 -0.01888
-0.01965 +0.02199 +0.02999 +0.02463 -0.05218 -0.09118
-0.02531 +0.02984 +0.04330 +0.00448 -0.05087 -0.01707
-0.03509 +0.01075 +0.00797 -0.05752 +0.02691 +0.00696
-0.02268 +0.01950 -0.01105 -0.05772 -0.08767 -0.04803
-0.02393 +0.04124 -0.03562 -0.02944 -0.05901 -0.02544
-0.01546 -0.00029 +0.05947 +0.02475 -0.00890 -0.11982
-0.03617 +0.03930 +0.01611 -0.04114 -0.05029 -0.04110
-0.03281 +0.02402 +0.00966 -0.04300 +0.00494 -0.07186
-0.01148 +0.02165 -0.02574 -0.02103 -0.02564 -0.06856
-0.02771 -0.00972 +0.07529 -0.02571 +0.07662 -0.08253
-0.03982 +0.02497 +0.11306 +0.03237 +0.02341 -0.04929
-0.02019 +0.01070 +0.01474 -0.01067 -0.01615 -0.01179
-0.04680 +0.02967 +0.05510 -0.03756 +0.00022 -0.02088
-0.02907 +0.01164 +0.04599 -0.03670 -0.04421 -0.03183
-0.02943 +0.05564 -0.00237 -0.01901 -0.00426 +0.05207
+0.00000 +0.00000 +0.00000 +0.00000 -0.00000 +0.00000
-0.02497 +0.02324 +0.01907 -0.05481 -0.13237 -0.04957
-0.03038 +0.01411 +0.04853 -0.05278 -0.06019 -0.12364
-0.05326 +0.04319 +0.08900 -0.11109 -0.08564 -0.04306
-0.01892 +0.00741 +0.05592 -0.02695 -0.04695 -0.06075
-0.02850 +0.03065 -0.00343 -0.05037 -0.02337 -0.09512
-0.02823 +0.01814 +0.02240 -0.05610 -0.04699 -0.07087
-0.04671 +0.02812 +0.13509 +0.02005 +0.06888 -0.06440
-0.04724 +0.00318 +0.09689 -0.10432 -0.05873 -0.02768
+0.10159 -0.36539 +0.07169 +0.05680 -0.17513 -0.08461
-0.08341 +0.01524 -0.05426 +0.09773 +0.03915 -0.02362
-0.08243 -0.00640 -0.05079 +0.03901 +0.01900 -0.03931
-0.07325 -0.00925 +0.01765 +0.05668 -0.12149 -0.00793
-0.07422 +0.02069 -0.07107 +0.04143 -0.04649 +0.05881
-0.07446 -0.03969 +0.03054 +0.03186 -0.00827 +0.00643
-0.07644 -0.00704 -0.02129 +0.03245 +0.04754 +0.00911
-0.06238 +0.00668 -0.05461 +0.04885 +0.00844 -0.07598
-0.06134 -0.03389 -0.00802 +0.02346 +0.02279 -0.08917
-0.09193 -0.01428 -0.03432 -0.02793 +0.08182 -0.00033
-0.07746 -0.04698 +0.01699 -0.00194 +0.04424 -0.03309
-0.07375 -0.02987 -0.09608 -0.06643 +0.00816 -0.00458
-0.05998 -0.03093 -0.06514 -0.03717 -0.00911 -0.04730
-0.06841 -0.02744 -0.04528 -0.03278 -0.01028 -0.00012
-0.06770 -0.03252 -0.10125 -0.06697 +0.11126 -0.00539
-0.05746 -0.03413 -0.03964 -0.03042 +0.03476 -0.02300
-0.06224 -0.03957 -0.07721 -0.10047 +0.00171 -0.03037
-0.06000 -0.02090 -0.13051 -0.08949 +0.04058 -0.06690
-0.04452 -0.04628 -0.07787 -0.04574 -0.01167 -0.05842
-0.06152 -0.04706 -0.05770 -0.07922 +0.06031 -0.01570
-0.07872 -0.04540 +0.00026 -0.08472 +0.10890 -0.04875
-0.04426 -0.04175 -0.07999 -0.01760 +0.06328 -0.04385
-0.09667 -0.03959 -0.03700 -0.13811 -0.00282 +0.05203
-0.04577 -0.05173 -0.07179 -0.03999 +0.05880 +0.01786
-0.07356 -0.05882 -0.04143 -0.10398 +0.06057 -0.03506
-0.07114 -0.02767 -0.03461 -0.09366 -0.00463 -0.02479
-0.08900 -0.02887 -0.01360 -0.11616 +0.02169 +0.00788
-0.05504 -0.02201 -0.03598 -0.04596 -0.00987 +0.02752
-0.10000 +0.07241 +0.03380 +0.01917 -0.01395 +0.06221
-0.10694 +0.13180 +0.03316 -0.04721 -0.05895 +0.01066
-0.02148 +0.04696 -0.06113 -0.02817 -0.06921 +0.01763
-0.03949 +0.01919 +0.04246 -0.07892 -0.10555 -0.04258
-0.03662 +0.01572 +0.01581 -0.07986 +0.00215 -0.04805
-0.05442 +0.02891 -0.00660 -0.15273 -0.02673 +0.01380
-0.02328 -0.01042 +0.07323 -0.05350 -0.05102 +0.00723
-0.02934 +0.01224 -0.02336 -0.08987 -0.01434 -0.01562
-0.04539 +0.01440 +0.03809 -0.12289 -0.01367 +0.08271
-0.00011 +0.01059 -0.06681 -0.04071 +0.01485 +0.05804
-0.03550 -0.02201 +0.10039 -0.09423 +0.03013 -0.08889
-0.03507 +0.01707 -0.02960 -0.10459 +0.01252 -0.01114
-0.02186 -0.00145 +0.02393 -0.06332 +0.00766 -0.05094
-0.04328 +0.01329 -0.02029 -0.15251 -0.01708 +0.02272
+0.00597 -0.07237 +0.00883 -0.09865 +0.02743 +0.07275
+0.07735 -0.32095 -0.02330 -0.00150 -0.02048 -0.00200
-0.06443 +0.00204 -0.08485 +0.05086 -0.05002 +0.07398
-0.05835 -0.03508 -0.05752 +0.01802 -0.00106 -0.01162
-0.06920 -0.02582 -0.00561 +0.04282 -0.00777 +0.09376
-0.06107 -0.03835 -0.06655 +0.00248 -0.01651 +0.01179
-0.07496 -0.03794 -0.04958 -0.06052 -0.00870 +0.03516
-0.04174 -0.03561 -0.12428 +0.00557 +0.03484 +0.02136
-0.08099 -0.06203 +0.09458 +0.02704 +0.07150 -0.01260
-0.05483 -0.02470 -0.11678 +0.01820 +0.18934 +0.04199
-0.05373 -0.03262 -0.01804 +0.06216 +0.06585 +0.00676
-0.06673 -0.06803 -0.02175 -0.04778 +0.00193 +0.02669
-0.09775 -0.06527 +0.05091 -0.09121 +0.11178 -0.04757
-0.09555 -0.05491 +0.06757 -0.05153 +0.00903 +0.09357
-0.06054 -0.06320 +0.00879 +0.00151 -0.05372 +0.03642
-0.07394 -0.04649 -0.00047 -0.00438 -0.01741 +0.07558
-0.07674 -0.03682 -0.06193 -0.05071 +0.05248 +0.01755
-0.07453 -0.05184 +0.01698 +0.01253 +0.01427 +0.04550
-0.07420 -0.02204 -0.02186 +0.02215 +0.04652 +0.00984
-0.06390 -0.00449 -0.04724 +0.05298 +0.04649 +0.03239
-0.05736 -0.05263 -0.00527 +0.07603 +0.11626 +0.01560
-0.06011 -0.04250 -0.02244 +0.04459 +0.04377 +0.05092
-0.10091 -0.04513 +0.08683 +0.01146 +0.08013 +0.08222
-0.06656 -0.04676 +0.00400 -0.01011 -0.05010 +0.01690
-0.11693 -0.06836 +0.16993 -0.10161 +0.04710 -0.04174
-0.04763 -0.02636 -0.10309 +0.04029 +0.01412 +0.09722
-0.05890 -0.03674 +0.00034 +0.02910 -0.02942 +0.02082
-0.07838 -0.02793 +0.08333 +0.05359 -0.08131 +0.02427
-0.08918 -0.03254 +0.06431 -0.00489 -0.02890 +0.03878
-0.06260 -0.01637 +0.03616 +0.09300 -0.07713 +0.08283
-0.08045 -0.02975 +0.09494 +0.02784 -0.14284 +0.03921
-0.07071 -0.00464 +0.00936 +0.08186 +0.09919 -0.01956
-0.10291 -0.02599 +0.07866 -0.03191 +0.09587 +0.02029
-0.05888 -0.03058 -0.04191 -0.01833 +0.02065 +0.01651
-0.07005 -0.04912 +0.12719 +0.01331 -0.05288 -0.02134
-0.08227 -0.03630 +0.10336 +0.02200 +0.05914 -0.10311
-0.06343 -0.03663 -0.01436 +0.00032 -0.03361 +0.01476
-0.08933 -0.01400 +0.02846 -0.00048 +0.06403 +0.02289
-0.10868 -0.05899 +0.16214 -0.05328 -0.02386 +0.06440
-0.03586 -0.02604 -0.05155 +0.02700 -0.07685 +0.04927
-0.06543 -0.03320 +0.03772 +0.02056 -0.04250 +0.02351
-0.05744 -0.00739 -0.04910 +0.03245 +0.00439 -0.06838
-0.04261 -0.01301 -0.02923 +0.06495 -0.04305 +0.07787
-0.07671 -0.02796 +0.05685 +0.00429 +0.01896 +0.02224
-0.08985 -0.04668 +0.02286 -0.08809 +0.00901 +0.03214
-0.07342 -0.11619 +0.10651 +0.04639 -0.10767 +0.07656
-0.07901 +0.02686 -0.04866 +0.13657 -0.04703 +0.12750
-0.12200 -0.06109 +0.07715 -0.05795 -0.04506 +0.06052
-0.10252 -0.04320 +0.03395 +0.01261 -0.07952 +0.06667
-0.07735 +0.00037 -0.05865 +0.08800 +0.06222 +0.04720
-0.05975 -0.03220 -0.02804 +0.09053 -0.04692 +0.11650
-0.04521 -0.02196 -0.11485 +0.08669 -0.06016 +0.10072
-0.07687 -0.06713 +0.03201 +0.03186 -0.02939 +0.06806
-0.09726 -0.03209 +0.05837 +0.04741 +0.06878 +0.00998
-0.07840 -0.05999 +0.03869 +0.08391 +0.07547 +0.02675
-0.10435 -0.02500 +0.02617 -0.04056 -0.04577 +0.07145
-0.09467 -0.06626 +0.08505 -0.00411 +0.02239 +0.10236
-0.07415 -0.04574 -0.06138 -0.04782 -0.02609 +0.04747
-0.07096 -0.05558 -0.03335 -0.03160 -0.04434 +0.02734
-0.07742 -0.02432 -0.01664 +0.02171 +0.00776 +0.00975
-0.09615 -0.05118 -0.00340 -0.06979 -0.03240 +0.03976
-0.17665 +0.26378 -0.01770 +0.03823 +0.07005 -0.02625
-0.08235 +0.02646 +0.14647 -0.02880 +0.02872 -0.06703
-0.04890 +0.04943 -0.03534 -0.04655 -0.00530 +0.04833
-0.03991 +0.00789 -0.01580 -0.11813 -0.02589 -0.01651
-0.04261 +0.01927 +0.00243 -0.06731 -0.02890 -0.01985
-0.01408 -0.00028 -0.02266 +0.00767 +0.06633 -0.06253
-0.02571 +0.04621 -0.10135 -0.03663 +0.01214 +0.07921
-0.05221 -0.02794 +0.07241 -0.13508 +0.08231 -0.00399
-0.04751 -0.03196 +0.15893 -0.01483 +0.11309 -0.08407
-0.04223 +0.01412 +0.04890 -0.05521 +0.02446 -0.03902
-0.04571 +0.02301 +0.00582 -0.08958 +0.07240 -0.04344
-0.04929 -0.01025 +0.06714 -0.11692 +0.03223 -0.04183
-0.02781 -0.00566 +0.02458 -0.05040 -0.10290 -0.00548
-0.02618 +0.04146 -0.02833 -0.04263 +0.00030 -0.05909
-0.02242 -0.00335 +0.02258 -0.03804 +0.02213 +0.01699
-0.02589 -0.00174 +0.04111 -0.02256 +0.05222 -0.05411
-0.01894 +0.04026 +0.00476 +0.01177 +0.01348 -0.10085
-0.01736 -0.00512 +0.05492 -0.01397 -0.03595 -0.01970
+0.03784 -0.17891 -0.03248 -0.09228 -0.08094 +0.05430
+0.00909 -0.19277 +0.03483 +0.06440 -0.09529 +0.00568
-0.09046 +0.00045 -0.00831 +0.05800 -0.10739 +0.07997
-0.08733 -0.01743 +0.04061 +0.06832 -0.08656 +0.08657
-0.10894 -0.01747 +0.00348 -0.01690 +0.00790 +0.12401
-0.08500 -0.04476 +0.04334 +0.07669 +0.10106 +0.11360
-0.07266 -0.00172 -0.04853 +0.05393 -0.07140 +0.03116
-0.07444 -0.03476 -0.05350 -0.01216 -0.04485 +0.04619
-0.08187 +0.00540 -0.01698 +0.03405 -0.05682 +0.18422
-0.07958 -0.04426 +0.02233 -0.01790 -0.09700 +0.15331
