  388.33176 
  391.95980 
  390.68767 
  390.84304 
  390.88335 
  391.48254 
  390.28143 
  390.61070 
  390.75088 
  390.00284 
  390.94021 
  387.44610 
  380.97011 
  386.15917 
  386.10306 
  387.46060 
  388.36692 
  389.00416 
  388.74497 
  388.84622 
  387.74765 
  388.95700 
  389.77749 
  390.04334 
  390.31534 
  382.90373 
  381.35632 
  382.10215 
  382.74334 
  380.35312 
  381.96726 
  382.27632 
  386.64016 
  390.78718 
  390.21068 
  390.46608 
  389.76952 
  389.55075 
  390.26199 
  389.83622 
  389.54411 
  389.48799 
  389.49164 
  389.97086 
  389.73194 
  390.55112 
  390.05907 
  390.20187 
  390.46056 
  390.25800 
  390.54236 
  390.45747 
  390.13270 
  390.25366 
  390.42365 
  390.35929 
  390.16526 
  390.68949 
  390.76896 
  390.46698 
  390.35252 
  380.83314 
  382.72818 
  382.67436 
  382.67077 
  382.39918 
  383.24216 
  383.25202 
  383.44446 
  383.54128 
  383.78298 
  383.43476 
  383.76607 
  384.12850 
  383.96476 
  384.21497 
  384.73185 
  387.50428 
  390.77335 
  390.90461 
  390.64682 
  391.04580 
  391.05068 
  390.82370 
  390.93343 
  390.93433 
  391.10087 
  390.72030 
  391.48303 
  391.21772 
  390.80480 
  391.13388 
  391.18336 
  391.14941 
  379.29919 
  381.58791 
  382.46473 
  382.71776 
  382.68839 
  382.65630 
  383.02713 
  382.90110 
  383.18381 
  382.90420 
  383.23780 
  382.79251 
  393.79225 
  392.15155 
  391.49879 
  391.62529 
  391.75837 
  392.08614 
  391.74627 
  392.31993 
  391.60420 
  391.74279 
  391.50704 
  392.07515 
  391.73517 
  391.73060 
  391.40867 
  391.82611 
  391.99768 
  391.50173 
  391.40858 
  388.68437 
  375.20288 
  379.55136 
  379.37269 
  379.17701 
  379.84447 
  379.98942 
  392.55685 
  393.43814 
  392.28627 
  392.60530 
  392.56899 
  391.87247 
  392.38588 
  392.74683 
  392.46730 
  392.86543 
  393.54196 
  392.64800 
  393.05722 
  392.87621 
  393.24224 
  392.89350 
  392.72151 
  393.17413 
  392.62285 
  393.59133 
  393.50718 
  392.66725 
  392.41739 
  393.40122 
  392.99990 
  393.60899 
  393.02024 
  384.92816 
  377.56876 
  380.28462 
  379.70150 
  380.53883 
  380.49039 
  381.25433 
  381.14475 
  381.54820 
  381.74972 
  381.39945 
  381.26380 
  381.43029 
  381.64134 
  381.54345 
  381.40067 
  381.96048 
  381.77031 
  382.36605 
  382.40176 
  382.57744 
  382.93092 
  382.43651 
  382.55855 
  381.68381 
  382.63430 
  383.29574 
  387.88206 
  394.39708 
  392.23463 
  392.38965 
  391.75983 
  392.22402 
  391.91587 
  384.27821 
  369.62964 
  390.66654 
  390.45167 
  391.83571 
  392.69285 
  391.89526 
  389.88153 
  380.40502 
  382.60264 
  381.48809 
  381.44495 
  381.98625 
  382.02413 
  382.70492 
  382.37681 
  382.14556 
  382.60807 
  379.06342 
  380.25119 
  379.40616 
  380.27676 
  380.08313 
  379.91236 
  380.07506 
  379.77490 
  380.19296 
  380.43172 
  379.68539 
  380.14938 
  379.25555 
  380.54797 
  380.86253 
  380.30785 
  380.12637 
  379.97344 
  379.90503 
  389.73928 
  391.92051 
  391.26782 
  390.86094 
  386.38908 
  380.22669 
  380.85813 
  381.24900 
  381.04186 
  381.35818 
  381.40312 
  381.31228 
  381.60231 
  381.64577 
  381.59059 
  382.64648 
  395.21219 
  394.15683 
  393.29328 
  392.90894 
  393.50840 
  393.30733 
  393.14874 
  392.83869 
  392.89106 
  392.38510 
  392.71604 
  392.90616 
  392.58346 
  393.20112 
  393.04369 
  392.38926 
  392.97552 
  392.97037 
  392.46206 
  392.60236 
  393.15807 
  393.12483 
  392.85278 
  393.57711 
  392.60889 
  392.77122 
  393.55141 
  393.04872 
  392.75981 
  393.24305 
  393.35760 
  393.60988 
  392.98110 
  392.94798 
