-0.11436 -0.03598 -0.06127 -0.09563 -0.04004 -0.13980
-0.09118 -0.05201 +0.01721 -0.07019 -0.10223 -0.11736
-0.05823 +0.02085 -0.08989 -0.11929 -0.14101 -0.10730
-0.04590 -0.00560 +0.09913 -0.05621 -0.22337 -0.06256
-0.04493 +0.01158 +0.03631 -0.03722 -0.08683 -0.12108
-0.03414 -0.00001 +0.11610 -0.00088 -0.12333 -0.10033
-0.04149 +0.02932 -0.03045 -0.03652 -0.08240 -0.09890
-0.05074 +0.02446 -0.09240 -0.03135 -0.11273 -0.05952
-0.04378 +0.01243 -0.01704 +0.02318 -0.11184 -0.04845
-0.04289 -0.01070 +0.09456 +0.03112 -0.10936 -0.09956
-0.03076 +0.02195 +0.03290 -0.02277 -0.08145 -0.13414
-0.04525 +0.00524 +0.02628 +0.03906 -0.07530 -0.05030
-0.02935 +0.01512 +0.01049 +0.03407 -0.10289 -0.09011
-0.04128 +0.02819 -0.01137 +0.01788 -0.04745 -0.04436
-0.05289 +0.01039 -0.05187 +0.02990 -0.05160 -0.07282
-0.04201 +0.03099 -0.04603 -0.01888 -0.06284 -0.07029
-0.03927 -0.00636 +0.07964 +0.06330 -0.05686 -0.09156
-0.03830 +0.03490 -0.05625 +0.06220 -0.05193 -0.05692
-0.04643 +0.04195 -0.12950 -0.00566 -0.08106 -0.02375
-0.03024 +0.00604 +0.08961 +0.01461 -0.09348 -0.10676
-0.03631 +0.00701 +0.00398 +0.04574 -0.09572 -0.05516
-0.03078 +0.03028 +0.03854 +0.03026 +0.03880 -0.09404
-0.02656 +0.01940 +0.03648 -0.03427 -0.05178 -0.14607
-0.03573 +0.03241 -0.10086 -0.02118 -0.03346 -0.12695
-0.03335 +0.00527 +0.03165 +0.05536 -0.04111 -0.09612
+0.01441 +0.11115 +0.09036 +0.13442 -0.03162 -0.00733
-0.02921 +0.13522 -0.12391 -0.01072 -0.03258 -0.05006
-0.06578 +0.02608 +0.08074 +0.14258 +0.02492 -0.03324
-0.05895 +0.05921 +0.01371 +0.06590 -0.02873 -0.05661
-0.05975 +0.06196 -0.01400 +0.09236 -0.01734 -0.04679
-0.06610 +0.05928 -0.00770 +0.11035 -0.00629 +0.00086
-0.06917 +0.05360 -0.04207 +0.08540 +0.03142 -0.02905
-0.09333 -0.03503 -0.04120 +0.06098 -0.02325 -0.05426
-0.07993 -0.06100 -0.00968 +0.00770 -0.02189 -0.13440
-0.04232 -0.01855 +0.08725 +0.02557 +0.03899 -0.12460
-0.03249 +0.01126 +0.05337 +0.04138 -0.01005 -0.04774
-0.03937 +0.02748 -0.02807 -0.05945 -0.02188 -0.06778
-0.03869 +0.00041 +0.05264 +0.13634 +0.05139 -0.01562
-0.02326 +0.01511 +0.02737 +0.00833 +0.01929 -0.10918
-0.03874 +0.00826 -0.03613 +0.04685 -0.01350 -0.02893
-0.03613 -0.00203 +0.05384 +0.06722 -0.02353 -0.01208
-0.03786 +0.01152 -0.05837 +0.01171 -0.05484 -0.04528
-0.03412 +0.00678 -0.01729 +0.02968 -0.07318 -0.02746
-0.03151 +0.00367 +0.03955 +0.06848 -0.02596 -0.00692
-0.02735 +0.00971 +0.01291 +0.01551 -0.01576 -0.10407
-0.02859 +0.01277 -0.00974 +0.02016 +0.02429 -0.09358
-0.04699 -0.00389 -0.06176 +0.06795 -0.02030 -0.00771
-0.02025 +0.00200 +0.08020 +0.08795 -0.10488 +0.01728
-0.03922 +0.01290 -0.07702 +0.06426 +0.04946 -0.04305
-0.03203 -0.01522 +0.06480 +0.08829 +0.01529 -0.02619
-0.03490 +0.01778 -0.06032 +0.08745 -0.01962 +0.05526
-0.02972 -0.00073 +0.02938 +0.09760 +0.00682 -0.00720
-0.02736 +0.00053 +0.07944 +0.07577 -0.00166 -0.03463
-0.02524 +0.03617 -0.08623 +0.04028 +0.07355 -0.08087
-0.03159 -0.01124 +0.03795 +0.07424 -0.00537 -0.03885
-0.03104 +0.01863 -0.07538 +0.01549 -0.07108 -0.02954
-0.03093 +0.00954 -0.00865 +0.07286 -0.01152 +0.00655
-0.03482 +0.00526 -0.01517 +0.00944 +0.01830 -0.07179
-0.03067 +0.00627 -0.00048 -0.00660 -0.08906 -0.02586
-0.02176 -0.00846 +0.08259 +0.05610 -0.03348 -0.01599
-0.02696 +0.00692 +0.00263 +0.03674 -0.03333 -0.01928
+0.03636 +0.21519 -0.03568 +0.08254 +0.00911 +0.05444
-0.06229 +0.04013 -0.03710 +0.10097 -0.06825 +0.00459
-0.06901 +0.03498 -0.05685 +0.16541 -0.00643 +0.04418
-0.06885 +0.02943 -0.02888 +0.14071 +0.03217 -0.05299
-0.06789 +0.04828 -0.08684 +0.11268 -0.04030 +0.02916
-0.06369 +0.04871 -0.02727 +0.07091 -0.03303 -0.00344
-0.06191 +0.03237 -0.00781 +0.13158 +0.01502 -0.02311
-0.07056 +0.02065 -0.02631 +0.15457 -0.01933 +0.01415
-0.07036 +0.04471 -0.07688 +0.14662 +0.06647 -0.01628
-0.06614 +0.05821 -0.05179 +0.11061 +0.05253 -0.00779
-0.06752 +0.05062 -0.05568 +0.12524 -0.05465 +0.06672
-0.06731 +0.06117 -0.09110 +0.04345 +0.05039 -0.05131
-0.07049 +0.03927 -0.04947 +0.10756 +0.01994 -0.02596
-0.06157 +0.04482 +0.01352 +0.06651 -0.01415 -0.03055
-0.07341 +0.03878 -0.04626 +0.08454 +0.06052 -0.05660
-0.04978 +0.06879 +0.00443 +0.05455 +0.05484 -0.06855
-0.10295 -0.05155 -0.09676 +0.05957 -0.04813 -0.04262
-0.08091 -0.06273 -0.09969 -0.01156 -0.05571 -0.09045
-0.04725 -0.02574 -0.02855 +0.06904 -0.04674 +0.00164
-0.03845 -0.00059 -0.07291 +0.04712 -0.05945 -0.00237
-0.03980 +0.00257 -0.07419 -0.01323 -0.14506 +0.03070
-0.02838 +0.00032 +0.00918 -0.00677 -0.13176 -0.03288
-0.03160 -0.00536 +0.00706 +0.02884 -0.06636 -0.04269
-0.03049 +0.00397 -0.00864 -0.03701 +0.02629 -0.13179
-0.03596 -0.01126 -0.01025 -0.02335 -0.11429 -0.02417
-0.03979 +0.01503 -0.08590 -0.00921 -0.06386 +0.02478
-0.02935 -0.00528 +0.03127 -0.02292 -0.02111 -0.08053
-0.03663 -0.01415 +0.00590 +0.01285 -0.06504 -0.01026
-0.02968 +0.01109 -0.06204 -0.02446 -0.16720 +0.02406
-0.02674 -0.01247 +0.04892 +0.02336 -0.09736 -0.01347
-0.04086 -0.02249 +0.01225 +0.02750 -0.01410 -0.02568
-0.02534 -0.00682 +0.04111 +0.02459 -0.05068 +0.00060
-0.02636 -0.01597 +0.02291 +0.05651 -0.13858 +0.04594
+0.04768 +0.19498 +0.09708 +0.04729 +0.01087 +0.00513
-0.08328 +0.01983 -0.09482 +0.06888 +0.03209 -0.04779
-0.06593 +0.03184 -0.01494 -0.03678 -0.02337 -0.09593
-0.07960 +0.04738 -0.11338 +0.00132 -0.01536 +0.03685
-0.07475 +0.02428 -0.05006 +0.08471 -0.01473 +0.02498
-0.06505 +0.02877 +0.01477 +0.01567 +0.01596 -0.07041
-0.07675 +0.04209 -0.05673 +0.02144 +0.01512 -0.01834
-0.07359 +0.04597 -0.09553 +0.02885 -0.05500 +0.01012
-0.06766 +0.02703 +0.01256 +0.03767 -0.06255 +0.01524
-0.06735 +0.05456 -0.03794 +0.00511 -0.05154 +0.00550
-0.07738 +0.04831 -0.13014 +0.05452 +0.03125 +0.02342
-0.07381 +0.02570 +0.00752 +0.03805 +0.00427 +0.02258
-0.13811 -0.18728 -0.02605 -0.03451 -0.08033 -0.00822
-0.04221 -0.04921 -0.03311 +0.00224 -0.00959 -0.01074
-0.03156 -0.02387 -0.10757 +0.02499 -0.05498 +0.03305
-0.01520 -0.02107 -0.00404 +0.01586 -0.02634 +0.02166
-0.01579 -0.02124 -0.02879 +0.02974 -0.03039 +0.01606
-0.01371 -0.01684 +0.00689 +0.02017 -0.03268 +0.03771
-0.02274 +0.00078 -0.10957 -0.04726 -0.03867 +0.05064
-0.01571 -0.01726 +0.02540 -0.02799 -0.08096 +0.04226
-0.02482 -0.02916 -0.04247 -0.01076 -0.00396 +0.01778
-0.01407 -0.00379 -0.06638 -0.08072 -0.08729 +0.03080
-0.01411 -0.01236 +0.01359 -0.01236 -0.02509 +0.05894
-0.01954 -0.00838 -0.04863 -0.05954 -0.02688 +0.06701
-0.01374 -0.00130 -0.02813 -0.05171 -0.02585 +0.08189
-0.01630 -0.04235 +0.07671 -0.01821 -0.06447 +0.08471
-0.00572 -0.01189 +0.04558 -0.05820 -0.02891 +0.04678
-0.01437 -0.01870 +0.00764 -0.02857 -0.01421 +0.02370
-0.01307 -0.00149 -0.02975 -0.06024 -0.02030 +0.04360
-0.02035 -0.00189 -0.08741 -0.11899 -0.02126 +0.00401
-0.01645 +0.00362 -0.05716 -0.10966 -0.03027 +0.04107
+0.00135 +0.00125 +0.06114 -0.01502 +0.00677 +0.07373
+0.06836 +0.31397 +0.02103 -0.18334 +0.00065 +0.03815
-0.08777 +0.04868 -0.03619 -0.08271 +0.02259 -0.01122
-0.09080 +0.06260 -0.12767 -0.16631 -0.04353 -0.00540
-0.08882 +0.02013 -0.01223 -0.03068 +0.03172 -0.04001
-0.07505 +0.07075 -0.06736 -0.11195 -0.03411 +0.01921
-0.08764 +0.04271 -0.06300 -0.02814 +0.04258 -0.00386
-0.16358 -0.17982 -0.05042 -0.07539 -0.01196 +0.01656
-0.06648 -0.07441 -0.06547 +0.04998 -0.07471 +0.07832
-0.02312 -0.04674 +0.04536 +0.10738 -0.12096 +0.11545
-0.01823 -0.00972 -0.03876 +0.01596 -0.02758 +0.04820
-0.01839 -0.03140 -0.00949 +0.06728 -0.09681 +0.07338
-0.01005 -0.01174 -0.03428 +0.03034 -0.02319 +0.04576
-0.01549 -0.01314 -0.04726 +0.02587 -0.00369 +0.04771
-0.00793 -0.02613 +0.02332 -0.01673 -0.03350 -0.00045
+0.00000 +0.00000 +0.00000 +0.00000 +0.00000 +0.00000
-0.01936 -0.02724 +0.00431 -0.00032 -0.00989 +0.04433
-0.01629 -0.03477 +0.01262 -0.01207 +0.00962 +0.00254
+0.00664 +0.00750 +0.01917 -0.02512 -0.03121 +0.04295
-0.00001 -0.03388 +0.11294 -0.03650 -0.05116 -0.00902
-0.00994 -0.01485 +0.01378 -0.05736 -0.03724 +0.01949
-0.00997 -0.02580 +0.03846 -0.02985 -0.03268 +0.03855
+0.00330 -0.02138 +0.07232 -0.02734 -0.13872 +0.06248
-0.00793 -0.01337 +0.00218 -0.05344 -0.03522 +0.01908
-0.00564 -0.02331 +0.03924 -0.01538 -0.07661 +0.07177
-0.01103 -0.01610 +0.02643 -0.03306 +0.01419 +0.01478
+0.00018 -0.02725 +0.05584 -0.04424 -0.01962 -0.02816
-0.00492 -0.01271 +0.01684 -0.06314 +0.01406 +0.00843
-0.01192 -0.02504 -0.03338 -0.04991 -0.00726 -0.01904
-0.00888 -0.01749 +0.01201 -0.04851 +0.03629 +0.03275
-0.00686 -0.05168 +0.08046 -0.00632 +0.00822 -0.00324
-0.00409 -0.01678 +0.02776 -0.00088 +0.02134 +0.07507
+0.00266 -0.02741 +0.10528 -0.05722 -0.01556 +0.00531
-0.00164 -0.02379 +0.07884 -0.04973 +0.06118 -0.01324
+0.02336 +0.12956 -0.07029 -0.00473 +0.02510 +0.09872
+0.05385 +0.23390 +0.14145 -0.08123 -0.07839 +0.01506
-0.07929 +0.01938 +0.08262 -0.03794 -0.05990 -0.04633
-0.07206 +0.02286 +0.05516 -0.04192 +0.00957 -0.09742
-0.07238 +0.04469 +0.00939 -0.00629 +0.00723 +0.00770
-0.07647 +0.05283 -0.03194 -0.02762 -0.00673 +0.03290
-0.07507 +0.02506 +0.04659 -0.04274 -0.08439 +0.02196
-0.06801 +0.05675 +0.01402 -0.04603 -0.00430 -0.00855
-0.06781 +0.03461 +0.09965 -0.02799 +0.00341 -0.01566
-0.06826 +0.02374 +0.09659 -0.02415 -0.04410 +0.01417
-0.06609 +0.03931 +0.02691 +0.00166 -0.07112 +0.03121
-0.06648 +0.06151 -0.03424 -0.05972 -0.06689 +0.03320
-0.06894 +0.02560 +0.03725 +0.00964 -0.11106 +0.05957
-0.06408 +0.06522 +0.05353 -0.05610 +0.07021 -0.00690
-0.06826 +0.05094 +0.02688 +0.01753 +0.00925 +0.04118
-0.06973 +0.03870 -0.00667 +0.02907 -0.00938 +0.02501
-0.06875 +0.06438 +0.02919 -0.06650 +0.08635 -0.03538
-0.07130 +0.04531 -0.02444 -0.04536 -0.03840 +0.00573
-0.06495 +0.04695 +0.06099 -0.00834 +0.05751 -0.05274
-0.06106 +0.04820 +0.03889 -0.04854 -0.11057 +0.03979
-0.05943 +0.02905 +0.10639 -0.00956 -0.04665 -0.00864
-0.07131 +0.06891 -0.08623 -0.06212 +0.03555 -0.03853
-0.06119 +0.04614 +0.05193 -0.03523 -0.14174 +0.06210
-0.07451 +0.04277 +0.02633 -0.02195 +0.08022 -0.02956
-0.06834 +0.06175 -0.02299 -0.00191 -0.00223 +0.04719
-0.08266 +0.03733 -0.03258 -0.01710 +0.05538 +0.00255
-0.05687 +0.04692 +0.11447 +0.05581 -0.03977 +0.08009
-0.11278 -0.05750 -0.06561 -0.09970 +0.04549 +0.01971
-0.10982 -0.18410 +0.11953 +0.03855 +0.03978 +0.02353
-0.02933 -0.01790 -0.05811 -0.03776 -0.02042 +0.08860
-0.02651 -0.05827 +0.00864 +0.00930 +0.03774 +0.05051
-0.01161 -0.01496 +0.00046 -0.01790 +0.04775 +0.09132
-0.01236 -0.00997 -0.04827 -0.03653 -0.04179 +0.10518
-0.01069 -0.01702 -0.00106 -0.06304 +0.03070 +0.04319
+0.01911 +0.09526 +0.02532 +0.01883 +0.01847 +0.12437
+0.04964 +0.08009 +0.00389 +0.25665 -0.03112 +0.13823
-0.11759 -0.18658 -0.07217 -0.04542 +0.09826 -0.01242
-0.07388 -0.10970 -0.09976 -0.07790 +0.15386 -0.03011
-0.05448 -0.11693 -0.01531 +0.02502 +0.09170 +0.02292
-0.05200 -0.13328 +0.06719 -0.05674 +0.12542 -0.12953
-0.04474 -0.10756 -0.04456 -0.06250 +0.15563 -0.10699
-0.06162 -0.05463 -0.07337 +0.01336 +0.14167 -0.09312
-0.00746 +0.19042 +0.07622 -0.08406 -0.01816 +0.08529
-0.10134 +0.03623 +0.00100 -0.07411 +0.00062 -0.03231
-0.07757 +0.01527 +0.18039 +0.02190 -0.08046 +0.02688
-0.08673 +0.03337 +0.01111 -0.01296 +0.01530 +0.01636
-0.08257 +0.02591 +0.10061 +0.01309 +0.06126 -0.02291
-0.09158 +0.05559 -0.00701 -0.01792 +0.12398 -0.02917
-0.09373 +0.02300 +0.03151 +0.02227 +0.01911 +0.00381
-0.07548 +0.03825 +0.03346 -0.00365 -0.02361 -0.00512
-0.09206 +0.04486 +0.02954 +0.04715 +0.08925 +0.03297
-0.08136 +0.08559 -0.10139 -0.03686 -0.01381 +0.04663
-0.09817 +0.06712 +0.07717 -0.04085 +0.03210 -0.01690
-0.10804 +0.03930 +0.06630 -0.04730 +0.03006 +0.00453
-0.08869 +0.06357 +0.13806 -0.02661 +0.05923 +0.01498
-0.09071 +0.04998 +0.14962 -0.03856 +0.10384 -0.03616
-0.10149 +0.08775 -0.08721 -0.10172 -0.00803 +0.06901
-0.09465 +0.05615 +0.02348 -0.10710 -0.01504 +0.02371
-0.10406 +0.01240 +0.09269 +0.01637 +0.06999 -0.01826
-0.09652 +0.02841 +0.13219 +0.05635 +0.12562 +0.01587
-0.09365 +0.07604 +0.00982 -0.02435 +0.04294 +0.09128
-0.09804 +0.05616 +0.02656 -0.02803 +0.01338 +0.08370
-0.09908 +0.01636 +0.11794 +0.05003 +0.11261 +0.01743
-0.08718 +0.03838 +0.10972 -0.00350 +0.03876 +0.01373
-0.10382 -0.00178 +0.09569 +0.09932 +0.10573 +0.01817
-0.08669 +0.05456 +0.06566 -0.09690 -0.01073 +0.00049
-0.09487 +0.03700 +0.04331 -0.03868 +0.01274 -0.00025
-0.09723 +0.07746 -0.04094 -0.10691 +0.03771 +0.06929
-0.09784 +0.03923 +0.06784 +0.03261 +0.03527 +0.09381
-0.08929 +0.04762 +0.04480 +0.03141 -0.01529 +0.07407
-0.11046 +0.02228 +0.03471 -0.01328 +0.07913 +0.01504
-0.15757 -0.18479 +0.01423 +0.01747 +0.01075 +0.00680
-0.06046 -0.07140 +0.11264 -0.10203 -0.02439 -0.05074
-0.04780 -0.03465 +0.03573 -0.12922 -0.05447 -0.02154
-0.05664 -0.02735 -0.02879 -0.04135 +0.00510 +0.05330
-0.01808 +0.04010 +0.13132 -0.08523 +0.02429 -0.03238
-0.03832 +0.11940 +0.03012 -0.06565 +0.02845 +0.07731
-0.08790 +0.03081 +0.04027 -0.07665 -0.00354 +0.05347
-0.10096 +0.03095 -0.05592 -0.09569 +0.07385 +0.01303
-0.09945 +0.05920 -0.02021 -0.06135 +0.09071 +0.09707
-0.10534 +0.00378 +0.04080 +0.00035 +0.08357 +0.05002
-0.08289 +0.02046 +0.10837 -0.04550 +0.04814 +0.02989
-0.10017 +0.05515 -0.07323 -0.02720 +0.11983 +0.05900
-0.09772 +0.02918 -0.02959 -0.00849 -0.01331 +0.12955
-0.09816 +0.03810 +0.00092 +0.00978 +0.09629 +0.08040
-0.09681 +0.04388 -0.05267 -0.00836 +0.06459 +0.11103
-0.08968 +0.00984 +0.07312 +0.00099 +0.01293 +0.09068
-0.16208 -0.23997 +0.04684 +0.01529 -0.00674 +0.06122
-0.06815 -0.10046 -0.03799 +0.03764 +0.02291 +0.03890
-0.03252 -0.07238 +0.01803 +0.06888 -0.05658 +0.09275
-0.02824 -0.03829 -0.01133 +0.02261 +0.02709 +0.07031
-0.03151 -0.06069 +0.00453 +0.04911 -0.07421 +0.08549
-0.01729 -0.04713 +0.05591 +0.01194 -0.05284 +0.04505
-0.03304 -0.07000 +0.02475 +0.04462 -0.01274 +0.04256
-0.01428 -0.03076 +0.05035 -0.04770 -0.03866 +0.02771
-0.02592 -0.04800 +0.00038 +0.02069 -0.08432 +0.11171
-0.02116 -0.02374 -0.02670 -0.01017 -0.01637 +0.07917
-0.02827 -0.04929 -0.00955 +0.05148 -0.01217 +0.08937
-0.02519 -0.04149 +0.03147 +0.00495 +0.01840 +0.07520
-0.01452 -0.03108 +0.02965 -0.01006 -0.02596 +0.02781
-0.02773 -0.04055 -0.02539 +0.00532 -0.01598 +0.08530
-0.02449 -0.06936 +0.04051 +0.06162 -0.06622 +0.07702
-0.02218 -0.03426 -0.02990 +0.00428 +0.02602 +0.03855
-0.02671 -0.04921 +0.01528 +0.01700 -0.02422 +0.09795
-0.01950 -0.03908 +0.01206 -0.01391 +0.01659 +0.04089
-0.02219 -0.03762 +0.00758 -0.04114 -0.03000 +0.08459
-0.02318 -0.03561 -0.02726 -0.01168 +0.01380 +0.03770
-0.02235 -0.03534 +0.05268 -0.01977 +0.03441 +0.08335
-0.01508 -0.04275 +0.05050 -0.02022 +0.00799 +0.04851
-0.02757 -0.03853 -0.03072 -0.00602 -0.01523 +0.09323
-0.02405 -0.06559 +0.07266 -0.03450 -0.01546 +0.02249
-0.01293 -0.02291 +0.01825 -0.03138 +0.03670 +0.04718
-0.02370 -0.04095 -0.01201 -0.02405 -0.02504 +0.07896
-0.01999 -0.05692 +0.06239 -0.01661 -0.07129 +0.07225
-0.03009 -0.02766 -0.08794 -0.00143 -0.01351 +0.13001
-0.01930 -0.02954 +0.02069 -0.04413 -0.00780 +0.07600
-0.02508 -0.04079 -0.01674 +0.00668 +0.03212 +0.09143
-0.02685 -0.05763 +0.05314 +0.01517 +0.04827 +0.04686
-0.01568 -0.03972 +0.01957 -0.00793 -0.04367 +0.10027
-0.02028 -0.03465 +0.01434 -0.04949 +0.03365 +0.06542
-0.02034 -0.03172 +0.01396 -0.08607 -0.04093 +0.07939
