  400.33669 
  400.02581 
  399.34017 
  400.05616 
  400.18188 
  400.18212 
  400.34173 
  399.71802 
  400.40432 
  400.00681 
  400.49809 
  399.71465 
  399.98085 
  399.92936 
  400.08988 
  400.32686 
  400.50960 
  400.90717 
  400.61082 
  401.19938 
  400.39218 
  399.83324 
  400.32906 
  400.46179 
  400.20449 
  400.13306 
  400.19126 
  400.74785 
  400.69051 
  400.75968 
  400.72475 
  400.72173 
  400.24103 
  400.65060 
  400.48581 
  400.08864 
  400.29850 
  400.22157 
  400.22633 
  400.48221 
  400.78442 
  400.63961 
  400.55341 
  401.00721 
  400.96835 
  400.64065 
  400.42742 
  399.90439 
  400.58961 
  400.14104 
  400.75040 
  400.80889 
  400.67111 
  400.53000 
  400.82559 
  400.42836 
  400.88560 
  396.65724 
  396.80895 
  397.11512 
  397.57580 
  397.70826 
  398.65167 
  398.55679 
  398.89034 
  398.46731 
  398.36122 
  398.42917 
  397.66525 
  397.97694 
  398.27572 
  398.17774 
  398.22181 
  398.06154 
  398.80055 
  399.12534 
  399.34137 
  398.60757 
  398.60300 
  398.59587 
  398.49269 
  398.24905 
  398.40754 
  398.48626 
  398.17525 
  399.35300 
  399.34925 
  398.94610 
  399.48510 
  398.78103 
  399.41206 
  398.66168 
  398.88871 
  398.62515 
  398.93563 
  399.13415 
  396.37677 
  395.68070 
  396.41001 
  397.38801 
  397.72149 
  398.52946 
  398.66280 
  398.59512 
  403.06888 
  407.20658 
  405.67622 
  404.84847 
  403.66178 
  402.43735 
  401.89833 
  401.77472 
  402.26256 
  403.26819 
  404.23859 
  404.78056 
  405.02655 
  404.57977 
  404.13426 
  402.84733 
  402.80491 
  402.86883 
  402.45751 
  403.02396 
  403.31135 
  403.90538 
  403.46526 
  403.65838 
  403.77676 
  404.19379 
  403.79937 
  403.03497 
  403.67214 
  403.24968 
  402.78171 
  403.05307 
  403.71740 
  403.74025 
  403.66833 
  403.98279 
  403.85651 
  403.66883 
  403.95492 
  403.41459 
  403.10019 
  404.03560 
  403.52157 
  403.99243 
  403.88773 
  403.30135 
  404.08001 
  403.91097 
  403.30600 
  403.69268 
  403.61324 
  404.19313 
  403.77045 
  403.78946 
  403.96524 
  403.96013 
  403.97044 
  403.46715 
  403.77052 
  404.25190 
  403.70132 
  403.71029 
  403.74889 
  404.18213 
  403.81521 
  404.19953 
  403.94479 
  403.49709 
  403.51047 
  403.72002 
  403.45508 
  403.21905 
  403.96238 
  403.87521 
  403.26039 
  403.51732 
  403.34923 
  403.59034 
  403.93475 
  403.48883 
  403.53081 
  403.38924 
  403.60523 
  403.84127 
  403.47018 
  403.68484 
  403.78707 
  403.82147 
  403.41121 
  403.24173 
  403.78550 
  403.57877 
  403.66312 
  403.62189 
  404.12453 
  403.84841 
  403.79422 
  403.58864 
  403.69679 
  404.44415 
  403.82664 
  403.70810 
  403.88664 
  397.02863 
  391.79477 
  392.33515 
  393.02825 
  392.97438 
  393.21019 
  392.98749 
  393.00428 
  393.53877 
  393.74456 
  393.57113 
  394.15211 
  393.83129 
  394.08332 
  393.97278 
  394.29755 
  394.27281 
  394.65544 
  395.00551 
  394.55343 
  394.81899 
  395.35948 
  394.63350 
  395.17669 
  395.43329 
  394.73264 
  395.58574 
  394.98758 
  395.31572 
  395.40713 
  395.38653 
  395.26370 
  396.07105 
  395.75215 
  395.24547 
  395.71217 
  395.65087 
  396.22162 
  395.75643 
  395.62004 
  395.81344 
  395.79682 
  395.65392 
  396.15263 
  396.50261 
  395.89986 
  396.70057 
  396.15685 
  396.23752 
  396.14004 
  395.91836 
  396.31478 
  396.92589 
  396.35350 
  392.40503 
  391.49778 
  391.40909 
  391.80782 
  391.32123 
  391.92818 
  392.23162 
  392.26311 
  392.54884 
  392.28966 
  392.04667 
  392.32445 
  392.87996 
  392.58421 
  392.39713 
  392.89367 
  392.76154 
  392.72215 
  392.79352 
