-0.05431 -0.05090 -0.05122 -0.14523 -0.04388 +0.05517
-0.06096 -0.00063 -0.03870 -0.08768 -0.06076 +0.05018
-0.06730 +0.01001 +0.00508 -0.08576 -0.04287 +0.06980
-0.05250 -0.04670 +0.03658 -0.02158 -0.06895 +0.00394
-0.05033 -0.00570 +0.01468 -0.03848 -0.03501 +0.02693
-0.05043 -0.04257 -0.00359 -0.09437 +0.01136 -0.03556
-0.04163 -0.03549 +0.02287 -0.01260 -0.05305 +0.00607
-0.05148 -0.02497 -0.01462 -0.09131 -0.14405 -0.05051
-0.06127 -0.03202 +0.03559 -0.08181 -0.04099 +0.00100
-0.04319 -0.07312 +0.03718 -0.03072 -0.05524 +0.04396
-0.03662 -0.03061 -0.01577 -0.05009 -0.17252 -0.07713
-0.05383 -0.04240 +0.05372 -0.02069 -0.04354 +0.03338
-0.05065 -0.00299 +0.03882 +0.01604 -0.10621 +0.01073
-0.07095 -0.00321 +0.03610 -0.08812 -0.11899 +0.03430
-0.04803 -0.02353 +0.02398 -0.04899 -0.12216 +0.03049
-0.07015 -0.04266 +0.06918 -0.06518 -0.04610 +0.00210
-0.04493 -0.02084 +0.03060 -0.02597 -0.02795 -0.00493
-0.04334 -0.01130 +0.00642 -0.02045 -0.02107 +0.06300
-0.02786 -0.04888 +0.04760 +0.04791 -0.03191 -0.02405
-0.06187 -0.01225 +0.07931 +0.01427 -0.07774 +0.06327
-0.03118 -0.03806 +0.03786 +0.01929 -0.05743 +0.04735
-0.08292 -0.05752 +0.10096 -0.10052 -0.07149 +0.04533
-0.06299 -0.06603 +0.13886 +0.03801 -0.04030 +0.03575
-0.07487 -0.02207 +0.09622 -0.05636 -0.00755 -0.00602
-0.05341 -0.03101 +0.06428 +0.01130 -0.13542 -0.00855
-0.01454 +0.01011 -0.06874 -0.00205 -0.08948 +0.00497
-0.01461 -0.05314 +0.00989 +0.03084 -0.08916 +0.00629
-0.08698 -0.02211 +0.10729 -0.05918 -0.05620 +0.02395
-0.05666 -0.01203 +0.08658 +0.01382 -0.03951 +0.04121
-0.03925 -0.01020 +0.06573 +0.03165 -0.10810 -0.00666
-0.04347 -0.07576 +0.03766 -0.05780 -0.05518 -0.02945
-0.03462 -0.03336 -0.00654 -0.01963 -0.11278 +0.06530
-0.05065 -0.06324 +0.10776 +0.04310 -0.05098 +0.01606
-0.07190 +0.01401 +0.14376 +0.01257 +0.00614 +0.10291
-0.03013 -0.07505 +0.08628 +0.06879 -0.07077 +0.04400
-0.04495 -0.03700 +0.02098 -0.06621 -0.06042 -0.00962
-0.04168 -0.03533 +0.09048 +0.03864 -0.00819 +0.00518
-0.04013 +0.01338 +0.01111 -0.00573 -0.15157 +0.01003
-0.05273 -0.00566 +0.02151 -0.05707 -0.10108 +0.04384
-0.07827 -0.02311 +0.12560 -0.03174 -0.01320 +0.02383
-0.05129 -0.02885 +0.09239 +0.05200 -0.10653 -0.01012
-0.04667 -0.00186 +0.02603 -0.02392 -0.04596 -0.00779
-0.02987 -0.01984 +0.03784 +0.01956 -0.06738 -0.05920
-0.03869 -0.02597 +0.08722 +0.04767 -0.05576 -0.10024
-0.02101 +0.01846 -0.03832 -0.02106 -0.06457 +0.04316
-0.01456 -0.09253 +0.04775 +0.05961 -0.09809 -0.03201
+0.00353 -0.06061 -0.02987 +0.04211 -0.04572 -0.06366
-0.02716 -0.04587 +0.05233 +0.04052 -0.06481 -0.08085
-0.04854 +0.03116 +0.06390 +0.02487 +0.00941 -0.03514
-0.02658 -0.01698 -0.01051 -0.03465 -0.09674 -0.06989
+0.00158 -0.04127 -0.04266 +0.04058 -0.12446 -0.02435
-0.06832 +0.00964 +0.15370 +0.03445 +0.04202 +0.03274
-0.04474 -0.02725 +0.06900 +0.00012 +0.02524 -0.05347
-0.03204 +0.00043 +0.02408 -0.00465 -0.03489 -0.12662
-0.03233 -0.01998 +0.03548 +0.00961 -0.00124 -0.02105
-0.03659 +0.00065 +0.04420 +0.00779 +0.02150 -0.01625
-0.02503 -0.04443 +0.03813 +0.06055 -0.03615 -0.03413
-0.00935 -0.03308 -0.04056 +0.14999 -0.12311 +0.00572
-0.05967 -0.02771 +0.04192 +0.18743 -0.04649 +0.09024
-0.07677 +0.15514 -0.07658 +0.00559 +0.00147 +0.08483
-0.07302 +0.06264 -0.02054 +0.02739 -0.09828 +0.04835
-0.08224 +0.10521 +0.01346 +0.09739 -0.01509 +0.04485
-0.08965 +0.07098 -0.00400 +0.01215 +0.00361 +0.04777
-0.05619 +0.05954 -0.01551 +0.09641 +0.00653 +0.04439
-0.07108 +0.05323 -0.01248 +0.01611 -0.00731 +0.05719
-0.05121 -0.01465 -0.00042 +0.04804 +0.01878 +0.02327
-0.05149 -0.02754 +0.02800 +0.14217 -0.07625 +0.07968
-0.04999 +0.01040 -0.00299 +0.10781 -0.08323 +0.04899
-0.03136 +0.02173 -0.03916 +0.09294 -0.01826 +0.03077
-0.06972 +0.02467 +0.00801 +0.03853 +0.00898 +0.02604
-0.05394 +0.04929 -0.02822 +0.06475 -0.09772 +0.00589
-0.06289 +0.05540 +0.01766 +0.07425 -0.00234 +0.04370
-0.06416 +0.05773 +0.00814 +0.05264 -0.01747 -0.00152
-0.04437 +0.05195 +0.02645 +0.11347 -0.00830 -0.08631
-0.09593 +0.07057 +0.06189 +0.00433 +0.03266 +0.00370
-0.03593 +0.02523 -0.00555 +0.07886 +0.02490 -0.06401
-0.03418 +0.05244 -0.02660 +0.07239 -0.01656 -0.10153
-0.03634 +0.01622 -0.00590 +0.08724 -0.02841 +0.07134
-0.01405 +0.01254 -0.03998 +0.09637 -0.08756 -0.11142
-0.04069 +0.00972 +0.07865 +0.16167 -0.02536 -0.07387
-0.07522 +0.09322 +0.04895 +0.03728 +0.05716 +0.06736
-0.04857 -0.02483 +0.02174 +0.01992 +0.01085 -0.04816
-0.03936 +0.05001 -0.00447 +0.05587 +0.06053 -0.05745
-0.01284 +0.01484 -0.04640 +0.07771 -0.00505 -0.07766
-0.03838 +0.06734 +0.00302 +0.08389 -0.12294 -0.03859
-0.07593 +0.03160 +0.06993 +0.02272 +0.03543 -0.01759
-0.07959 +0.08071 +0.07330 +0.05439 +0.06514 +0.02488
-0.03162 +0.02862 -0.02251 +0.04350 -0.01376 -0.01688
-0.06546 +0.04534 +0.01923 -0.01469 -0.06374 +0.04232
-0.05373 +0.00964 +0.05980 +0.02876 -0.07328 +0.01705
-0.02386 +0.00876 -0.00451 +0.08638 -0.02487 -0.03520
-0.01688 +0.05752 -0.04073 +0.07266 -0.10041 -0.08957
-0.04876 +0.01698 +0.04874 +0.07976 +0.03798 -0.04832
-0.05169 +0.05804 +0.01426 +0.07354 +0.01749 -0.02008
-0.07710 +0.10442 +0.05601 +0.02072 -0.08902 -0.01224
-0.08077 +0.03606 +0.12349 +0.07995 +0.10499 -0.00501
-0.09988 +0.00724 +0.12534 +0.12343 +0.03497 +0.03808
-0.06987 +0.03913 -0.03179 +0.09994 +0.13408 -0.06793
-0.10694 +0.14279 +0.02156 +0.10659 -0.00581 -0.07696
-0.08614 +0.13134 -0.04361 +0.08637 -0.01165 -0.05668
-0.14471 +0.17329 +0.03751 -0.03892 +0.07822 -0.02748
-0.08789 +0.08718 -0.01674 +0.04786 -0.05394 -0.03993
-0.09957 +0.11466 +0.04277 +0.08169 -0.02070 -0.05351
-0.11264 +0.00475 +0.10211 +0.07941 +0.00046 -0.00060
-0.17203 +0.26746 +0.12254 -0.10768 +0.05664 -0.01992
-0.09385 +0.25799 +0.00002 -0.09883 -0.01196 -0.01833
-0.02478 +0.02293 -0.00116 -0.09177 -0.09524 -0.01648
-0.01808 -0.14353 +0.14815 +0.03966 -0.03738 -0.01080
-0.04359 -0.08988 +0.18124 +0.03504 -0.01224 +0.04604
+0.00985 -0.08027 +0.02853 +0.05704 -0.12702 +0.02112
-0.02648 -0.03341 +0.10745 +0.08485 -0.08230 +0.02919
-0.05252 +0.10269 +0.04468 -0.03406 -0.09992 -0.02724
-0.05567 +0.14671 +0.03247 -0.04472 -0.05883 -0.10826
-0.08126 +0.23522 +0.05585 -0.09393 -0.00767 -0.00899
-0.06138 +0.13602 +0.08554 -0.00932 -0.09627 -0.06229
-0.03695 +0.14147 +0.00481 -0.05931 -0.03502 -0.06950
-0.02295 +0.03807 +0.06128 +0.01429 -0.03260 -0.03569
+0.00712 -0.00058 -0.00305 -0.00073 -0.16152 -0.13145
+0.02306 -0.05433 +0.01402 +0.03950 +0.03479 -0.06669
-0.00197 -0.07213 +0.04020 -0.01080 -0.02108 -0.04975
-0.00746 -0.07007 +0.07194 +0.04727 +0.01485 +0.00461
-0.02775 +0.00084 +0.09669 +0.04370 -0.03248 +0.05441
-0.03559 +0.01116 +0.06131 -0.07080 -0.01610 -0.03152
-0.02658 +0.04282 +0.03970 -0.00875 +0.09515 -0.06887
-0.00728 +0.08500 -0.01873 +0.01170 -0.02901 -0.07195
-0.00202 +0.07393 -0.00124 +0.04607 -0.03186 -0.12782
+0.02368 +0.05256 -0.06962 +0.03322 -0.01469 -0.11874
-0.00504 +0.06710 -0.01870 -0.01999 -0.03220 -0.04608
-0.00331 -0.00475 -0.00301 -0.02767 -0.00013 -0.07396
+0.00393 -0.00067 +0.00323 +0.03210 +0.00161 -0.10027
-0.00126 -0.01975 +0.02672 -0.03755 +0.02205 -0.12459
-0.03351 -0.01513 +0.05641 -0.08532 +0.01995 -0.03163
-0.01185 -0.02497 +0.04044 -0.04934 +0.02149 -0.05012
+0.01826 -0.03054 -0.02043 -0.02188 +0.02954 -0.10357
+0.00084 +0.03676 +0.03697 +0.03653 -0.05250 -0.13908
+0.04762 +0.01077 -0.10119 +0.01729 -0.05010 -0.19849
-0.00589 +0.02655 +0.01340 -0.01142 -0.00413 +0.00525
-0.00808 +0.00151 +0.00306 -0.04860 +0.02249 -0.03832
-0.01356 +0.06567 +0.01743 -0.01330 -0.03209 -0.05890
+0.01724 -0.00349 -0.01632 +0.02221 +0.02207 +0.02586
+0.00000 +0.00000 +0.00000 +0.00000 +0.00000 +0.00000
+0.01436 -0.04958 +0.01427 +0.02044 +0.05074 -0.03480
+0.03274 -0.03018 -0.04762 +0.03737 -0.02853 -0.04925
+0.00335 -0.00690 +0.01600 +0.02183 +0.03956 -0.05042
-0.02530 +0.05349 +0.00288 -0.01201 +0.00780 +0.04276
+0.00242 -0.02126 +0.01632 +0.01375 -0.02609 +0.01326
-0.01512 +0.00450 +0.02005 -0.04614 -0.01034 -0.03187
-0.00848 -0.01031 +0.06614 +0.01680 +0.00265 -0.11176
-0.01681 +0.02236 +0.00205 -0.07942 -0.00713 -0.05667
-0.04149 +0.00659 +0.07648 -0.07472 +0.11756 +0.00073
-0.01883 -0.04276 +0.05560 -0.02607 +0.07413 -0.05257
+0.00016 +0.00798 +0.01997 +0.02314 +0.01943 -0.09210
-0.01425 +0.02963 +0.05534 +0.02208 +0.05582 -0.04855
-0.00814 +0.04509 +0.00841 -0.03902 +0.03847 -0.09851
+0.00505 -0.01070 +0.00729 -0.01599 +0.07540 -0.10897
+0.00051 +0.07010 +0.00980 +0.02643 +0.08369 +0.00573
+0.02054 -0.04507 +0.05177 +0.07105 +0.06691 +0.00294
-0.00978 +0.01273 +0.04986 -0.01059 +0.04008 +0.02290
-0.01743 -0.02918 +0.04524 -0.06275 +0.02652 -0.04563
+0.00351 -0.01450 +0.05880 +0.05128 +0.06323 -0.03563
+0.02744 +0.01132 -0.04374 +0.01628 +0.06010 -0.06284
-0.00472 -0.00610 +0.04208 -0.01183 +0.03227 -0.03196
-0.01694 -0.01833 +0.05065 -0.04722 +0.06607 -0.07048
-0.00479 -0.00233 +0.03634 -0.02906 +0.07720 -0.10612
-0.03057 -0.01037 +0.05880 -0.08520 +0.04366 -0.03099
+0.01541 -0.02003 +0.02415 +0.03373 +0.02639 -0.09629
-0.02325 +0.01332 +0.06513 -0.04513 +0.01336 -0.08300
-0.01091 -0.00920 +0.07995 -0.00904 +0.02019 -0.16201
+0.04692 +0.00162 -0.10609 +0.00379 -0.02243 -0.07526
-0.03736 -0.02067 +0.06386 -0.10530 +0.10739 -0.04520
-0.02116 -0.03062 +0.05902 -0.09276 +0.04115 -0.10520
-0.03229 -0.00889 +0.06496 -0.07392 +0.01576 -0.08072
-0.01778 -0.05029 +0.05171 -0.07986 +0.01770 -0.04752
+0.00313 -0.04178 +0.03971 +0.00765 -0.05011 -0.05847
+0.03400 -0.03544 -0.06489 -0.02150 -0.07863 -0.02949
-0.04823 -0.03840 +0.07373 -0.13172 +0.06300 +0.00914
-0.01489 -0.07889 +0.06849 -0.04256 +0.03930 -0.04806
+0.01117 -0.04732 +0.02044 +0.00851 -0.05320 -0.10687
+0.02494 -0.00794 -0.06927 -0.03497 -0.09568 -0.15302
+0.00340 -0.01613 +0.01987 +0.00127 -0.06426 +0.00014
+0.00612 -0.01203 -0.00515 -0.03780 +0.04087 +0.00060
+0.00561 -0.09015 +0.02869 -0.01849 -0.01813 -0.06115
-0.02164 -0.02106 +0.04646 -0.06373 +0.07475 -0.01358
+0.01365 -0.08372 +0.04066 +0.01967 -0.06100 -0.10145
-0.02042 -0.02770 +0.06569 -0.03529 +0.07447 -0.07409
-0.00260 -0.01680 -0.01564 -0.09084 +0.05781 -0.09812
-0.01822 -0.02578 +0.06962 -0.01126 +0.09389 -0.07099
-0.00552 +0.01073 +0.04044 -0.01686 +0.00028 -0.17271
-0.00202 -0.03411 +0.04853 +0.01071 +0.04340 -0.11828
-0.02977 +0.01306 +0.06826 -0.00611 -0.01061 -0.01061
+0.02221 -0.02800 -0.02535 +0.00729 +0.03448 -0.08585
-0.00820 -0.02821 +0.01726 -0.05737 +0.01380 -0.04576
-0.02372 -0.05926 +0.07945 -0.06653 +0.05297 -0.04867
+0.00373 -0.04748 +0.05896 +0.04987 +0.01086 -0.07506
-0.00354 -0.01180 +0.04986 +0.05784 +0.04960 -0.05762
+0.01823 +0.01727 -0.00182 +0.03769 -0.08910 -0.20935
+0.02670 +0.01121 -0.04711 +0.01204 -0.03240 -0.09646
+0.02185 -0.02279 -0.01228 +0.01963 +0.00038 -0.04141
+0.01214 -0.02887 +0.02236 +0.01768 +0.06839 -0.10846
+0.01083 -0.02664 -0.04866 -0.03541 -0.02293 -0.06851
-0.00183 -0.05892 +0.08129 +0.08274 -0.02623 -0.03343
-0.01925 +0.01072 +0.06196 +0.02716 +0.00829 -0.01380
+0.00810 -0.02505 +0.02048 +0.03170 +0.00095 -0.10239
+0.03859 +0.00379 -0.09864 -0.01044 -0.01156 -0.11658
+0.03881 -0.02836 -0.05102 +0.02590 -0.03296 -0.02939
+0.01580 -0.04739 -0.00983 -0.00991 -0.03708 -0.02923
+0.00380 -0.01119 +0.03599 -0.00400 +0.01067 -0.12307
+0.01003 -0.21597 +0.06590 +0.17568 +0.08441 -0.04909
-0.03905 -0.23533 +0.03551 +0.23873 +0.08143 +0.03138
-0.08228 +0.02225 -0.05456 +0.12331 +0.00725 -0.00533
-0.05516 +0.04054 -0.16062 +0.06010 -0.10906 -0.06286
-0.07174 -0.02356 -0.03435 +0.11352 -0.03300 -0.02702
-0.08747 +0.00389 -0.07276 +0.02469 -0.07107 -0.03908
-0.08247 -0.00511 -0.05585 +0.03027 +0.03244 +0.01210
-0.07857 +0.01316 -0.04389 +0.08205 -0.06867 -0.02569
-0.08452 -0.04047 -0.04509 +0.05815 +0.06890 +0.01861
-0.06555 +0.04158 -0.11818 +0.05559 +0.02424 +0.06277
-0.08860 -0.05529 +0.01075 +0.06864 -0.02125 +0.01750
-0.08876 -0.02093 -0.05446 +0.02770 -0.02255 +0.01168
-0.08671 -0.00791 -0.09983 -0.00877 -0.06021 +0.08031
-0.07887 -0.05036 -0.08226 -0.01788 -0.05588 -0.02681
-0.07612 -0.02372 -0.08772 -0.02334 +0.03370 -0.07480
-0.08099 -0.04414 -0.03999 +0.01138 +0.10788 -0.02962
-0.13238 +0.01008 +0.05728 -0.01189 +0.09033 +0.02923
-0.10840 -0.05272 -0.01541 -0.04831 +0.04527 +0.04194
-0.09656 -0.02651 -0.05343 -0.05622 +0.02566 -0.01020
-0.09396 -0.00733 -0.04955 -0.02774 -0.00812 +0.02516
-0.08063 -0.07780 -0.04833 -0.02982 +0.04856 -0.01758
-0.09871 -0.03564 -0.02021 -0.01435 +0.00814 +0.00514
-0.09083 -0.04338 -0.05140 -0.04576 +0.01669 -0.02757
-0.11667 -0.04917 -0.02728 -0.08209 +0.08811 +0.04350
-0.08737 -0.05982 -0.05491 -0.05773 -0.03604 -0.01948
-0.08781 -0.05613 -0.05777 -0.05984 +0.00037 -0.03551
-0.09298 -0.04793 -0.05451 -0.06920 +0.04084 -0.05403
-0.10647 -0.04103 -0.02461 -0.05263 +0.03105 +0.02735
-0.09424 -0.02377 -0.03491 -0.01952 +0.05706 +0.01389
-0.08815 -0.03344 -0.04538 -0.00642 -0.00781 +0.06818
-0.09279 -0.06426 -0.04333 -0.05338 -0.01690 -0.02498
-0.08201 -0.04721 -0.05215 -0.03092 +0.03749 +0.01064
-0.09096 -0.03526 +0.02793 +0.02356 +0.09555 -0.00035
-0.08018 -0.06215 -0.07903 -0.06559 -0.07760 +0.01942
-0.08542 -0.05969 -0.04680 -0.05448 -0.04448 -0.03656
-0.07314 -0.07856 -0.04245 -0.01076 +0.02340 -0.05930
-0.08087 -0.05087 -0.01870 +0.00651 +0.04665 -0.07068
-0.06674 -0.04847 -0.05811 -0.00035 -0.00957 -0.01580
-0.07039 -0.05400 -0.08890 -0.02981 -0.07113 +0.03647
-0.07071 -0.07467 -0.06602 -0.03257 -0.07414 -0.01868
-0.04500 -0.04958 -0.12976 -0.02582 -0.08310 -0.13935
-0.06779 -0.07550 -0.06936 +0.01313 -0.04529 +0.00866
-0.10098 -0.07478 -0.02372 -0.09886 -0.01246 +0.00489
-0.06507 -0.03152 -0.09324 -0.02767 +0.01463 +0.01387
-0.07732 -0.10783 -0.02919 -0.03330 +0.01378 +0.03549
-0.09970 -0.06226 -0.00953 -0.05190 -0.02069 -0.02251
-0.08725 -0.08542 -0.05011 -0.07283 -0.00405 -0.00795
-0.09713 -0.05643 -0.00440 -0.05658 +0.00316 -0.07013
-0.09869 -0.06182 -0.02286 -0.05738 -0.00754 +0.01100
-0.08481 -0.06248 -0.02768 -0.04658 +0.00450 -0.04236
-0.09277 -0.04807 -0.04088 -0.09630 +0.02332 +0.00248
-0.09124 -0.10206 -0.02378 -0.07649 -0.01782 +0.01994
-0.08906 -0.08539 -0.02989 -0.05301 -0.08104 +0.07048
-0.09860 -0.08148 -0.00313 -0.08080 -0.01065 -0.03927
-0.07377 -0.12036 -0.04124 +0.05768 +0.04499 -0.04280
-0.07888 -0.06807 -0.11182 +0.12722 +0.08089 +0.06021
-0.04564 +0.00263 -0.21483 +0.07594 -0.03230 +0.00997
-0.12838 -0.00016 -0.04495 -0.00238 +0.11389 +0.06513
-0.10246 -0.01426 -0.08779 +0.00678 +0.07744 -0.01170
-0.09846 +0.02054 -0.11860 -0.00683 +0.03754 -0.02171
-0.09354 -0.01442 -0.09228 +0.03566 +0.05551 -0.00345
-0.09662 -0.01829 -0.06156 +0.08373 +0.05035 +0.00653
-0.10117 +0.01503 -0.06033 +0.03345 +0.06978 +0.03794
-0.09257 -0.02313 -0.05006 +0.04623 +0.11145 -0.05120
-0.09818 +0.01132 -0.06391 +0.03387 +0.04940 -0.03373
-0.09523 -0.00990 -0.02486 +0.06951 +0.06354 -0.06326
-0.07050 +0.04941 -0.12987 +0.06270 +0.02821 +0.00414
-0.05987 -0.04309 -0.09328 +0.08182 +0.10166 -0.00760
-0.08871 -0.00382 -0.10256 +0.00633 +0.06494 +0.03076
-0.08524 -0.07085 -0.03996 +0.06332 +0.12166 -0.04311
-0.09333 +0.00185 -0.05436 +0.02535 +0.07300 -0.08133
-0.10013 +0.01600 -0.09713 -0.03648 +0.02143 -0.02582
-0.07802 -0.04707 -0.07420 +0.03383 +0.04042 -0.03608
