  353.60482 
  353.18214 
  352.96938 
  351.99850 
  352.49718 
  352.90780 
  351.46742 
  351.43561 
  351.66889 
  351.62137 
  352.01382 
  351.62436 
  342.49756 
  342.31933 
  341.97239 
  341.52954 
  342.57523 
  352.25399 
  352.63765 
  351.76356 
  351.53844 
  352.00856 
  352.08780 
  352.01161 
  351.52679 
  347.85436 
  338.58047 
  338.77795 
  339.49084 
  338.92771 
  345.06310 
  353.08507 
  351.99206 
  351.56093 
  351.19589 
  336.32896 
  351.75943 
  352.79912 
  354.44982 
  354.95187 
  354.51680 
  355.06569 
  355.59963 
  356.00833 
  347.43416 
  336.41599 
  339.17627 
  339.69947 
  340.15799 
  340.36687 
  340.14631 
  345.12398 
  352.52000 
  352.22267 
  352.00981 
  352.39788 
  352.54937 
  352.30245 
  351.84622 
  352.36034 
  352.68483 
  352.30999 
  352.77953 
  352.89259 
  349.55538 
  338.76260 
  340.39241 
  340.63823 
  340.66009 
  342.14576 
  351.76484 
  351.44681 
  351.12892 
  352.04354 
  351.64807 
  352.02409 
  351.87495 
  352.22545 
  352.47696 
  351.79504 
  351.86054 
  351.73649 
  351.72453 
  352.06087 
  352.33930 
  352.52579 
  352.35582 
  352.19945 
  352.05396 
  352.39479 
  352.59405 
  352.76666 
  352.65759 
  352.53031 
  352.55903 
  352.79653 
  353.35595 
  352.75742 
  352.63422 
  352.87559 
  352.24048 
  352.73459 
  352.12830 
  352.69853 
  352.71662 
  352.63493 
  352.66706 
  352.58935 
  353.23851 
  352.84406 
  353.11744 
  353.19881 
  352.60798 
  352.90509 
  343.21011 
  336.56287 
  337.50004 
  337.07974 
  337.03824 
  334.42854 
  347.44732 
  351.82722 
  351.30888 
  351.64644 
  352.14542 
  352.77978 
  352.52495 
  353.33531 
  345.39394 
  337.75421 
  339.23330 
  339.61690 
  339.06975 
  344.68935 
  352.59678 
  352.07618 
  351.85911 
  351.93804 
  352.01389 
  352.71514 
  352.87746 
  352.77440 
  352.16088 
  352.90991 
  352.73728 
  352.40631 
  352.17700 
  352.85869 
  352.67071 
  352.81977 
  352.50729 
  353.00416 
  353.07322 
  347.40064 
  341.25319 
  341.85013 
  341.85177 
  341.63315 
  341.61737 
  341.64611 
  341.52445 
  341.89925 
  342.23727 
  341.94061 
  341.67425 
  346.19612 
  353.81929 
  352.90956 
  352.71514 
  352.60318 
  352.89146 
  352.98069 
  352.29578 
  352.67184 
  352.49900 
  352.90428 
  353.29791 
  352.94070 
  352.49708 
  352.63870 
  352.80543 
  352.28111 
  352.80142 
  352.55600 
  352.81379 
  352.48104 
  352.62538 
  353.02466 
  353.28971 
  353.28822 
  352.79153 
  352.73090 
  352.45229 
  352.86855 
  352.52024 
  352.69386 
  352.89738 
  353.46750 
  352.93887 
  352.54095 
  353.23645 
  353.12879 
  353.03976 
  352.93815 
  353.12986 
  345.79537 
  340.85616 
  341.96451 
  341.74214 
  342.08938 
  346.89813 
  352.29743 
  351.54117 
  351.75616 
  351.91029 
  351.94176 
  352.26972 
  352.69587 
  353.20423 
  352.19956 
  351.77292 
  352.38166 
  352.50610 
  352.53689 
  352.34989 
  352.13416 
  351.80532 
  345.69330 
  337.09077 
  339.48328 
  338.95919 
  339.96521 
  331.46259 
  351.94729 
  351.23810 
  351.88462 
  352.42718 
  353.23562 
  353.56667 
  354.95790 
  346.54000 
  339.44709 
  321.88409 
  325.96674 
  326.96588 
  327.03268 
  326.84689 
  334.18545 
  346.84090 
  347.01251 
  347.84427 
  346.70438 
  347.12504 
  347.87350 
  347.88272 
  348.01856 
  348.48083 
  348.93823 
  348.13422 
  348.51185 
  348.78918 
  349.08828 
  348.92008 
  349.24190 
  349.54710 
  349.64872 
  349.24096 
  349.73663 
  349.54823 
  349.70931 
  349.83694 
  349.53082 
  349.93951 
  349.90823 
  349.32669 
  350.21605 
  349.69794 
  349.43171 
  349.69675 
  349.85675 
