-0.01638 +0.00840 +0.02528 -0.05800 -0.11011 +0.04196
-0.02882 +0.00602 +0.01571 -0.01886 -0.09892 +0.01198
-0.02497 +0.00702 +0.01090 +0.00626 -0.08470 +0.01770
-0.02201 +0.01945 -0.01480 -0.06811 -0.06789 +0.02198
-0.01489 +0.01764 -0.03845 -0.03802 -0.08894 +0.04034
-0.02871 +0.01971 -0.04053 -0.04561 -0.06545 -0.04851
-0.00429 +0.05068 +0.00676 -0.01500 -0.07015 +0.00741
-0.02999 +0.01480 +0.01135 -0.04148 -0.02340 +0.05407
-0.03195 +0.01676 +0.10673 -0.05925 -0.01456 +0.07857
-0.03282 +0.01786 -0.05429 -0.04238 -0.02573 +0.01706
-0.01514 +0.02762 -0.00963 -0.02329 -0.01516 +0.02931
-0.04456 +0.00237 +0.00098 -0.02053 -0.04340 +0.00623
+0.16163 +0.15423 +0.02366 -0.11975 -0.10481 -0.04268
+0.05868 +0.00451 -0.00126 -0.05610 -0.11692 -0.00686
+0.04672 -0.01596 -0.07092 -0.10492 -0.05427 +0.03585
+0.04093 -0.00614 -0.08648 -0.06992 -0.06441 -0.02503
+0.03869 -0.00903 -0.09966 -0.08796 -0.06747 +0.00321
-0.14479 -0.17656 -0.03709 +0.08712 -0.03752 +0.04275
-0.05194 -0.00563 +0.11744 -0.04507 -0.07732 -0.00608
-0.01333 +0.04724 +0.04535 -0.03613 -0.09802 +0.03558
-0.03133 +0.01520 +0.02879 -0.06579 -0.04299 +0.02138
-0.04141 +0.00268 -0.09751 -0.02424 -0.05337 -0.00585
-0.03736 +0.00967 +0.02971 -0.00376 -0.16000 +0.02492
-0.03656 +0.02170 +0.02225 -0.00106 -0.10962 -0.01478
-0.03550 +0.02399 +0.02425 -0.00804 -0.13570 +0.00895
-0.00186 +0.07441 +0.07029 -0.05671 -0.16750 -0.00230
+0.14032 +0.15722 -0.07783 -0.13243 -0.22323 -0.17527
+0.02336 -0.01208 -0.06182 -0.00793 -0.11452 -0.09288
+0.01104 -0.02283 -0.08760 -0.06790 -0.06400 -0.06193
+0.01858 -0.01668 -0.11781 -0.02965 -0.10052 -0.10452
-0.07032 -0.10879 -0.10917 +0.06205 -0.10809 -0.10041
-0.12921 -0.09710 -0.00851 +0.04517 -0.03709 -0.12921
-0.03296 +0.01944 -0.05767 -0.02458 -0.03801 -0.03288
-0.03579 +0.02072 -0.07673 +0.00515 -0.17738 -0.04599
-0.03042 +0.03058 +0.02993 +0.02673 -0.07043 -0.01613
+0.05393 +0.14792 +0.02810 -0.24527 -0.00880 -0.21288
-0.14661 +0.00810 -0.14175 -0.04096 -0.04710 -0.15792
-0.15367 +0.00038 +0.01030 +0.02279 -0.01862 +0.02740
-0.14861 +0.02034 +0.00826 -0.03272 +0.01347 +0.08061
-0.13267 +0.04242 -0.05708 +0.05332 -0.08445 +0.04080
-0.12948 +0.04448 +0.01559 +0.04166 -0.02925 +0.12563
-0.15101 +0.03447 -0.10830 +0.04029 -0.14786 +0.04050
-0.14077 +0.05381 +0.05182 +0.02061 -0.06956 +0.10175
-0.13625 +0.05162 +0.08493 +0.04503 -0.09772 +0.12596
-0.00071 +0.04337 +0.01962 -0.05108 +0.08341 +0.03930
+0.14887 +0.07537 +0.17207 -0.04061 +0.00440 +0.08898
+0.03570 -0.09061 -0.03707 -0.03326 -0.03002 +0.12599
+0.04063 -0.07452 -0.00319 -0.03114 -0.03457 +0.12113
+0.03035 -0.07268 +0.07445 -0.03084 -0.05306 +0.04796
+0.06123 -0.05220 +0.00356 -0.01237 +0.07265 +0.09482
+0.04462 -0.05399 +0.04721 -0.00441 -0.05125 +0.04537
-0.04574 -0.13538 -0.05076 -0.00892 +0.00627 +0.06443
-0.06692 -0.09711 -0.01538 +0.01809 -0.00333 +0.02173
-0.02344 -0.02191 +0.04373 +0.01866 -0.05656 -0.00023
-0.00225 -0.00523 -0.03329 -0.02869 -0.06405 +0.04389
-0.02315 -0.02559 -0.09781 -0.00083 -0.04812 +0.01377
-0.01064 -0.00765 +0.03309 +0.00284 -0.00983 +0.04835
-0.01012 -0.00462 -0.07772 +0.00498 -0.05146 -0.01025
-0.03052 -0.02494 +0.00860 -0.06204 -0.02927 +0.04021
-0.02445 +0.00041 +0.09510 -0.05033 +0.00945 +0.00371
-0.00516 +0.01347 +0.02595 -0.05763 +0.00170 +0.02644
+0.00719 +0.01449 -0.00310 +0.00625 -0.02507 +0.04990
-0.03057 -0.02985 -0.01817 -0.02803 -0.01478 -0.00294
+0.01995 +0.01318 +0.02387 +0.06563 -0.03294 -0.00222
-0.00862 -0.00433 +0.09742 -0.01718 -0.03467 +0.00489
+0.19897 +0.08322 -0.00654 +0.01460 -0.10822 +0.05256
+0.03717 -0.11791 +0.03432 +0.00377 -0.07147 +0.12350
+0.04717 -0.09119 -0.03847 +0.00568 -0.00566 +0.08812
+0.06744 -0.06187 -0.00651 -0.00385 -0.05132 +0.07213
+0.04771 -0.08603 -0.04074 +0.01364 -0.04791 +0.09616
-0.07397 -0.14921 -0.00036 +0.07427 -0.02036 +0.05901
-0.01641 -0.03255 +0.05061 +0.06663 -0.03836 -0.05100
-0.01752 -0.04034 +0.03529 -0.02137 +0.03038 +0.05126
-0.00083 -0.01805 +0.08639 +0.02708 -0.06704 -0.00225
-0.01638 -0.02333 +0.12346 +0.01168 -0.02495 +0.01679
-0.01394 -0.02299 +0.06029 -0.02036 -0.01812 +0.04727
-0.00349 -0.01048 +0.04066 -0.01455 -0.03703 -0.00703
-0.01245 -0.02148 +0.03642 -0.00349 -0.04972 +0.03403
-0.01301 -0.02221 +0.03049 +0.02090 +0.01558 -0.00468
-0.02011 -0.01631 +0.11901 -0.02193 +0.02667 +0.02637
-0.00622 -0.00664 -0.02298 -0.03007 -0.00874 -0.01486
-0.00130 -0.01143 -0.05866 -0.02113 -0.02513 +0.02182
-0.00968 -0.02593 +0.00315 +0.01001 -0.01953 +0.03933
-0.01248 -0.01242 +0.05096 +0.00760 +0.00884 +0.01020
-0.00176 -0.00855 -0.02095 -0.01166 -0.00450 +0.03300
-0.00433 -0.00913 +0.01202 +0.03887 -0.01760 +0.00106
-0.02712 -0.02769 +0.12107 -0.02810 -0.00256 +0.03396
+0.01512 +0.02282 +0.05956 +0.00775 +0.02971 +0.00241
-0.01518 -0.01072 +0.07608 +0.00574 +0.03221 -0.01232
-0.00941 -0.01138 -0.04114 -0.05001 +0.00996 +0.02673
-0.00209 -0.00156 +0.03087 -0.01131 -0.00701 +0.04878
-0.02313 -0.00872 +0.03208 -0.02429 -0.03326 -0.00634
+0.01352 +0.01728 +0.00144 +0.02259 -0.00749 +0.01248
-0.02376 -0.02463 +0.04329 -0.05912 +0.03223 +0.05451
-0.00248 -0.00171 -0.06319 -0.05587 +0.00642 +0.04720
-0.00807 -0.00508 -0.05341 -0.01970 -0.02746 +0.03134
-0.01574 -0.01605 +0.00093 -0.03924 -0.03475 +0.02704
+0.00320 +0.01213 -0.00355 -0.04383 -0.04206 +0.04908
-0.01341 +0.00847 +0.07368 -0.00786 -0.01308 -0.01604
-0.00762 +0.00638 +0.02969 -0.01120 -0.02575 +0.00551
-0.01009 +0.00995 -0.00175 -0.03479 -0.03470 -0.02116
-0.01320 -0.00293 -0.04835 -0.02063 -0.03529 +0.00484
-0.01370 +0.01127 +0.10670 -0.01784 -0.01324 -0.01525
-0.00407 +0.01655 -0.01100 -0.02019 -0.03455 -0.00480
-0.01387 +0.00393 +0.00948 -0.05884 -0.06322 +0.01038
+0.00718 +0.01754 +0.02496 -0.01073 -0.02711 +0.03776
-0.03121 -0.00819 +0.11765 -0.04178 -0.04574 +0.01049
+0.00268 +0.02565 -0.03307 -0.00743 -0.07726 -0.02730
-0.00161 +0.01541 +0.08453 -0.00846 +0.00161 -0.00011
-0.01326 -0.00541 +0.03018 -0.02701 -0.00031 +0.04065
+0.01150 +0.01754 -0.01523 -0.05894 -0.01246 +0.08709
-0.02277 -0.01330 -0.01085 -0.04374 -0.04653 +0.03757
-0.01322 +0.01188 +0.04559 -0.08307 -0.03142 +0.04222
-0.01515 -0.00207 -0.03247 -0.06455 -0.04950 +0.03597
+0.08259 +0.04905 +0.03588 -0.00296 -0.11980 +0.00744
+0.14620 +0.03751 +0.06399 -0.01244 -0.16435 +0.09227
+0.05248 -0.08826 -0.02961 +0.06562 -0.14205 +0.05883
+0.04262 -0.09714 -0.02738 +0.00639 -0.08051 +0.09614
+0.06602 -0.05499 +0.06847 +0.06051 -0.04552 +0.07334
+0.03483 -0.04947 -0.11124 -0.03842 +0.15467 +0.03948
-0.16483 -0.04402 -0.08461 -0.27710 +0.07872 -0.07700
-0.14412 +0.00813 -0.03302 -0.15513 +0.05937 +0.01334
-0.12407 +0.04625 +0.07174 -0.11609 -0.01100 -0.00900
-0.11642 +0.03914 -0.07202 -0.12594 -0.00134 +0.04205
-0.10218 +0.06408 +0.03888 -0.06985 +0.00186 +0.04386
-0.11502 +0.04997 -0.02368 -0.08569 -0.06680 +0.01275
-0.10510 +0.05113 -0.08918 -0.04725 +0.00362 -0.00245
-0.11171 +0.04653 -0.02363 -0.09424 -0.06428 +0.07390
-0.02358 +0.02526 -0.03889 -0.12819 +0.03252 -0.00600
+0.15759 +0.10755 +0.05196 +0.01888 -0.04326 -0.09103
+0.01935 -0.08672 -0.01314 +0.02511 +0.03801 -0.02144
+0.04209 -0.07484 -0.05971 -0.02440 -0.02023 +0.09650
+0.02950 -0.06967 +0.07426 -0.04518 +0.01069 +0.06777
-0.04200 -0.12273 -0.03821 +0.04027 -0.02895 +0.04816
-0.07992 -0.11427 +0.01829 +0.06476 -0.00335 -0.00496
-0.01056 -0.02126 +0.03085 +0.06961 -0.02964 -0.00068
-0.01834 -0.02659 -0.00795 +0.07311 -0.03428 -0.02374
-0.02760 -0.03107 +0.02021 -0.00160 -0.01416 +0.01544
-0.01507 -0.00768 +0.07478 +0.03473 +0.00405 -0.04381
-0.02009 -0.02402 +0.05007 -0.02233 -0.01457 +0.01852
+0.00000 +0.00000 +0.00000 -0.00000 +0.00000 +0.00000
-0.01448 -0.00712 +0.05369 +0.01161 -0.02912 +0.01078
-0.00454 -0.00474 -0.04681 +0.01655 +0.04264 +0.00055
-0.01844 -0.02046 -0.04367 -0.00067 -0.01306 +0.00423
-0.02472 -0.00023 +0.11733 -0.00663 -0.00945 -0.03070
-0.01567 +0.00546 +0.05599 -0.00310 +0.00685 -0.04330
-0.01609 +0.00277 +0.04132 -0.02587 -0.01372 +0.00356
-0.02193 -0.00606 +0.02203 -0.01366 -0.05993 -0.02660
-0.00501 +0.01028 -0.04896 -0.02483 -0.03613 +0.00859
-0.01060 +0.00458 +0.02400 +0.02521 -0.05340 +0.01542
-0.01562 +0.00343 +0.04411 +0.02689 -0.06569 -0.03043
-0.02852 -0.01033 -0.02260 -0.03862 -0.02215 -0.00974
-0.00508 +0.01614 +0.02298 -0.01880 -0.04704 +0.00808
+0.07244 +0.05637 -0.07038 -0.08006 -0.00612 +0.10947
+0.11549 +0.06090 -0.02486 -0.05995 -0.05184 +0.07482
+0.05320 -0.03805 -0.07101 +0.00024 -0.04261 +0.07828
+0.04710 -0.03681 -0.07093 -0.03270 -0.03802 +0.08198
+0.05800 -0.02540 +0.02317 -0.06217 +0.04297 +0.15787
+0.05134 -0.03057 -0.11039 -0.05783 +0.01499 +0.09349
+0.03769 -0.04869 -0.11161 -0.02947 -0.00640 +0.06301
+0.05420 -0.02920 -0.09027 -0.02771 -0.07861 +0.08588
+0.05369 -0.03518 -0.04754 -0.00134 -0.05070 +0.07743
+0.02801 -0.04124 +0.02223 -0.03954 -0.06735 +0.04281
+0.06312 -0.02309 -0.04766 -0.01591 -0.06822 +0.12021
+0.05619 -0.03643 -0.10134 -0.01953 -0.05059 +0.10136
-0.03664 -0.10518 +0.01692 +0.04639 -0.06898 +0.10541
-0.07989 -0.10057 +0.00931 +0.04972 -0.05384 +0.04701
-0.00859 +0.00574 -0.01878 +0.02489 -0.02293 +0.00580
-0.03587 -0.02063 -0.04249 -0.03754 -0.04873 +0.01037
-0.02834 +0.00830 +0.10880 -0.02895 -0.02813 +0.02277
-0.03872 -0.00680 +0.06038 -0.05665 -0.00935 -0.01766
-0.00160 +0.03486 +0.04092 -0.04742 -0.06825 +0.01891
-0.02657 +0.00576 +0.07993 -0.02719 -0.01229 +0.01979
-0.02494 +0.01095 +0.07975 -0.03620 +0.00131 +0.01962
-0.01557 +0.01984 +0.04524 -0.04664 -0.03677 +0.02638
-0.04193 -0.00707 +0.00305 -0.09500 -0.00229 -0.01408
+0.00726 +0.05074 -0.04254 -0.03560 -0.04637 -0.02286
-0.03017 +0.00735 +0.05887 -0.07942 +0.01107 +0.05242
-0.01873 +0.02697 +0.02506 -0.06493 -0.01858 -0.02034
-0.02587 +0.02284 +0.09243 -0.04082 -0.02440 -0.02571
-0.00817 +0.02646 +0.03408 -0.07045 +0.02301 +0.04025
-0.02018 +0.01940 -0.04072 -0.07382 +0.00561 +0.02321
-0.02008 +0.02198 +0.03680 -0.04319 +0.02201 +0.02834
-0.02030 +0.02184 -0.01675 -0.06314 -0.02815 -0.00095
-0.03715 +0.01557 +0.02864 -0.04176 -0.04307 -0.03422
-0.02170 +0.02760 -0.03869 -0.04158 -0.01886 -0.00750
-0.01677 +0.02321 +0.03726 -0.03026 -0.02616 +0.02989
-0.02927 +0.00614 +0.00581 -0.02522 -0.06596 +0.04195
-0.02504 +0.01000 -0.01148 -0.04547 -0.02076 +0.01368
-0.03940 +0.01744 +0.10773 -0.02023 -0.04203 -0.01945
-0.01422 +0.03184 -0.03648 -0.06801 -0.00775 +0.02077
-0.02666 +0.02531 +0.01675 -0.01016 -0.04997 -0.01497
-0.04104 +0.01761 -0.09884 -0.05786 -0.08078 -0.05332
-0.01400 +0.03819 +0.00776 -0.02430 -0.02482 -0.00040
-0.02110 +0.02180 -0.04499 -0.05193 -0.01270 +0.04102
-0.02759 +0.01266 -0.04461 -0.03765 -0.05718 +0.00232
-0.01346 +0.04168 +0.13525 -0.03465 -0.08775 +0.02653
-0.01032 +0.03056 -0.01944 -0.07419 +0.02787 +0.07407
-0.02122 +0.02541 -0.02237 -0.04736 -0.00131 +0.02904
-0.04851 +0.01605 +0.15340 -0.06562 -0.01457 +0.02945
-0.01323 +0.03928 +0.02962 -0.11984 +0.00797 +0.07128
-0.02318 +0.02783 +0.04243 -0.10954 +0.02810 +0.05078
-0.01749 +0.05556 +0.10166 -0.02150 -0.05576 -0.01525
-0.02419 +0.03454 +0.00836 -0.08304 +0.01207 +0.02056
-0.01974 +0.02916 -0.00774 -0.04046 -0.00828 +0.01240
+0.06216 +0.06556 -0.08858 +0.02733 -0.08751 -0.06771
+0.11037 +0.03488 +0.03567 +0.02231 -0.09344 +0.01987
+0.02598 -0.08717 -0.00559 +0.03424 -0.01720 +0.11011
+0.02956 -0.06678 +0.04193 +0.02114 -0.08866 +0.04146
+0.02493 -0.06579 -0.08952 -0.00099 -0.11047 -0.00098
-0.03984 -0.10424 +0.06263 +0.07280 -0.09540 +0.03472
-0.08384 -0.10778 +0.03712 +0.13329 -0.04836 -0.00948
-0.03096 -0.01429 +0.07895 +0.05738 -0.06808 -0.05121
-0.03661 -0.02091 +0.01581 +0.06382 -0.07961 -0.03784
-0.01484 -0.00119 +0.03413 +0.07428 -0.05470 -0.02650
-0.03150 -0.02606 +0.02620 +0.02515 -0.00425 +0.02573
-0.01786 -0.01717 -0.06748 +0.02232 -0.05733 +0.03800
-0.02751 -0.01926 -0.01938 +0.04988 -0.11228 +0.02478
-0.03218 -0.01739 +0.06235 +0.04402 -0.06332 +0.01742
-0.02789 -0.01271 -0.02980 +0.00139 -0.04336 +0.03761
-0.03501 -0.01422 +0.03888 +0.02198 -0.06286 +0.01777
-0.01367 +0.00983 +0.03881 +0.04749 +0.00228 +0.00930
-0.03593 -0.01798 -0.06127 +0.02610 -0.01904 -0.01320
-0.00739 +0.00710 -0.00327 +0.06370 -0.00109 +0.04101
-0.03024 -0.01250 +0.04699 -0.00691 +0.03754 +0.06325
-0.01289 +0.00933 -0.02362 +0.02916 -0.08431 +0.02802
-0.05363 -0.03253 -0.01605 -0.03398 +0.03498 +0.03991
+0.04769 +0.06180 -0.06317 -0.05817 -0.11353 -0.00214
+0.12007 +0.06058 +0.09789 +0.10538 -0.16391 -0.09125
+0.03027 -0.07135 -0.00933 +0.12566 -0.12535 -0.02516
+0.03815 -0.07164 -0.04866 +0.10461 -0.11697 +0.04236
+0.02198 -0.09037 -0.06491 +0.00561 -0.13108 +0.05108
-0.00145 +0.01534 -0.09251 -0.00951 +0.07700 -0.25382
-0.23873 -0.08777 +0.06058 -0.01107 +0.03229 -0.06345
-0.17183 +0.01147 -0.08201 +0.02579 -0.07007 -0.15359
-0.16897 +0.02579 +0.08162 -0.00405 -0.07925 -0.09350
-0.15307 +0.03442 +0.05776 +0.00807 +0.00981 -0.03412
-0.18192 +0.01001 +0.05602 -0.00504 -0.07182 -0.07024
-0.14824 +0.03501 +0.05053 +0.01078 -0.04814 +0.04505
-0.15380 -0.03601 -0.06592 +0.07544 -0.07929 +0.00729
+0.03150 -0.00304 +0.09869 -0.00344 -0.07305 -0.22714
+0.04967 -0.08902 +0.09076 -0.05426 -0.15161 -0.05759
+0.10908 -0.07074 +0.14207 +0.09603 -0.05837 -0.25025
+0.06654 -0.14966 +0.10028 +0.05372 +0.00840 -0.09233
+0.07138 -0.14103 +0.03912 +0.04592 +0.03666 -0.11870
+0.08078 -0.14241 -0.02618 +0.01461 -0.02723 -0.07559
+0.06232 -0.15698 -0.06574 -0.02597 +0.00637 -0.06253
+0.02580 -0.16762 +0.05431 +0.03990 +0.03150 -0.07413
-0.03154 -0.18684 -0.10427 -0.01106 -0.03681 -0.11406
+0.00370 -0.13997 +0.05023 -0.05028 -0.06168 -0.06313
+0.01092 -0.11245 +0.14214 -0.07700 -0.00814 -0.02296
+0.01177 -0.11880 -0.02260 -0.11582 +0.03890 -0.04473
+0.01839 -0.09547 +0.07085 -0.04533 +0.01769 -0.06206
+0.00867 -0.11452 +0.03664 -0.10387 +0.06605 +0.00771
+0.02729 -0.09576 -0.02814 -0.08577 +0.04020 -0.02068
+0.01719 -0.10953 +0.01213 -0.02564 -0.00042 -0.05495
+0.01112 -0.11704 -0.03956 -0.11127 +0.02370 -0.00899
+0.02077 -0.10030 -0.00580 -0.07763 -0.08749 -0.04894
+0.01577 -0.09599 +0.02152 -0.10210 +0.02829 -0.01520
+0.00433 -0.10977 +0.04266 -0.11960 +0.01910 -0.00511
+0.03599 -0.07944 +0.06405 -0.11235 +0.03367 -0.00074
+0.01570 -0.09231 +0.04140 -0.09956 -0.02756 -0.03418
+0.01141 -0.09695 +0.13060 -0.11539 -0.04902 -0.00366
+0.03737 -0.07645 -0.05653 -0.11110 -0.05699 -0.05577
+0.02331 -0.07933 +0.12504 -0.09175 -0.00878 -0.00435
+0.02990 -0.08734 +0.04070 -0.09401 +0.00310 +0.00773
+0.01374 -0.09979 -0.05392 -0.09442 -0.04426 -0.06044
+0.00907 -0.10004 -0.03828 -0.10474 +0.01315 -0.02725
+0.02042 -0.08470 +0.00214 -0.08717 +0.02202 -0.05881
+0.02772 -0.10090 -0.02479 -0.11010 +0.01788 +0.00833
+0.01906 -0.09219 +0.02266 -0.09807 -0.01401 -0.03997
+0.03529 -0.08311 -0.00790 -0.02047 -0.01426 -0.03716
+0.01366 -0.10085 +0.01205 -0.04770 -0.02751 -0.04232
+0.02212 -0.07962 +0.00772 -0.07246 -0.07939 -0.02433
+0.02291 -0.09007 +0.09223 -0.10179 +0.06526 +0.03953
+0.00492 -0.08329 +0.09113 -0.12551 -0.00286 -0.06509
+0.03401 -0.07519 +0.05289 -0.09667 +0.01396 +0.03625
+0.02357 -0.08279 -0.01705 -0.07210 -0.05298 -0.02648
+0.01156 -0.08825 +0.02490 -0.05489 -0.01533 -0.06254
+0.01939 -0.07207 +0.00334 -0.09699 -0.00499 -0.05622
