  411.42340 
  411.51735 
  411.06400 
  411.49584 
  412.48365 
  415.51875 
  414.53631 
  412.88106 
  412.71643 
  411.00164 
  409.67303 
  409.14363 
  411.62556 
  411.69980 
  412.15714 
  414.82465 
  412.76473 
  414.61704 
  414.28694 
  413.94718 
  411.72697 
  411.06028 
  411.88423 
  412.77799 
  411.29944 
  412.00131 
  413.16045 
  413.50172 
  410.86259 
  413.23391 
  398.74571 
  400.24611 
  400.06035 
  399.21267 
  400.82702 
  400.03772 
  401.51158 
  401.83020 
  402.05927 
  404.56904 
  410.54883 
  412.07525 
  411.88351 
  411.35613 
  411.21292 
  411.63511 
  412.16470 
  411.31554 
  412.47898 
  412.21674 
  413.23328 
  412.78316 
  410.55183 
  412.43229 
  412.20352 
  411.30206 
  412.09166 
  411.45308 
  412.46446 
  412.84129 
  407.49901 
  399.17183 
  399.20941 
  401.25682 
  400.15913 
  401.11164 
  400.13804 
  400.58949 
  401.73826 
  408.99425 
  410.83810 
  410.47671 
  411.01397 
  410.55131 
  412.32533 
  412.44977 
  413.11688 
  411.02692 
  412.19915 
  412.80189 
  411.65339 
  413.84742 
  411.97616 
  412.12081 
  411.91162 
  412.57616 
  406.14974 
  396.96183 
  397.38114 
  397.89185 
  397.41604 
  398.56589 
  398.65857 
  398.70289 
  399.34868 
  397.72523 
  401.79528 
  413.88695 
  414.41030 
  414.85123 
  414.87318 
  414.21665 
  414.27928 
  413.34940 
  415.52632 
  415.22817 
  413.18622 
  412.97430 
  413.99989 
  414.83483 
  414.78611 
  414.85776 
  413.81652 
  406.79592 
  400.60596 
  402.28145 
  402.41126 
  402.69459 
  403.47329 
  408.69352 
  416.75517 
  416.57480 
  414.98899 
  414.40519 
  414.24574 
  413.77523 
  414.80491 
  414.73297 
  414.72776 
  415.89459 
  414.09355 
  415.01784 
  414.80020 
  415.37790 
  415.16792 
  414.19452 
  398.93682 
  401.81298 
  402.74125 
  401.73767 
  403.26015 
  402.16497 
  402.19964 
  402.16976 
  402.70677 
  402.50555 
  408.70951 
  412.78086 
  411.13137 
  411.92996 
  411.75580 
  412.74087 
  411.79155 
  412.90344 
  413.10630 
  412.99513 
  411.65241 
  402.62012 
  398.83375 
  399.36341 
  400.85796 
  401.02188 
  412.85163 
  415.84901 
  412.42734 
  412.92755 
  414.02509 
  413.73124 
  413.77800 
  412.10941 
  396.13461 
  399.98021 
  401.43418 
  401.60002 
  400.22525 
  411.05103 
  413.46029 
  388.67374 
  411.16637 
  412.00041 
  411.58853 
  412.33283 
  411.94873 
  405.01419 
  403.01443 
  401.65060 
  401.46350 
  401.85199 
  402.26698 
  400.72156 
  399.85974 
  412.16691 
  416.44593 
  413.87876 
  412.41373 
  414.11026 
  414.18505 
  412.90601 
  413.05141 
  414.44332 
  413.55481 
  413.08998 
  413.37353 
  413.56341 
  414.22869 
  415.91578 
  413.16730 
  413.26773 
  414.79060 
  414.39806 
  414.87912 
  415.56824 
  414.94111 
  415.02635 
  414.13586 
  413.51231 
  414.60252 
  414.02172 
  401.14408 
  401.21881 
  401.72216 
  402.20713 
  403.33842 
  403.44275 
  403.13106 
  403.82304 
  404.16255 
  403.77290 
  403.46430 
  403.97213 
  404.66323 
  405.13960 
  404.24029 
  403.84279 
  403.37565 
  404.79613 
  414.48243 
  415.37014 
  414.30821 
  414.05813 
  415.36100 
  415.77098 
  414.51618 
  416.70120 
  414.62594 
  415.86388 
  414.20388 
  412.54298 
  396.50889 
  401.57897 
  403.22927 
  402.05309 
  402.45244 
  403.67131 
  402.96867 
  402.72935 
  403.55935 
  402.44985 
  402.76249 
  402.32671 
  402.08645 
  401.74795 
  401.68813 
  402.54077 
  401.09621 
  401.72436 
  402.90504 
  402.69900 
  402.17444 
  402.47096 
  402.74174 
  402.49037 
  402.95959 
  402.43628 
  407.75517 
  415.69687 
  414.84883 
  414.27414 
  415.42326 
  414.80570 
