-0.02640 +0.00451 +0.04228 -0.03273 -0.04177 +0.09216
+0.00144 -0.03056 +0.02448 -0.01933 -0.03949 +0.14100
-0.01939 -0.00489 +0.02463 -0.02477 +0.00689 +0.15138
-0.00955 -0.01352 +0.02627 -0.02242 -0.09133 +0.09842
+0.01472 -0.05384 +0.02530 +0.02935 -0.09608 +0.05917
+0.01658 -0.09723 +0.07444 +0.04282 -0.11868 +0.09267
-0.03499 -0.03364 +0.02085 +0.04075 -0.09808 +0.02969
-0.05081 -0.02477 +0.01651 +0.02927 -0.09705 +0.07528
-0.05592 -0.01558 +0.08473 +0.06175 -0.10400 -0.02439
-0.05247 -0.02223 +0.06976 +0.05632 -0.09165 +0.01169
-0.03653 -0.03571 +0.06030 +0.10821 -0.06281 +0.02958
-0.02375 -0.04781 +0.01414 +0.08225 -0.07734 +0.01931
-0.00346 -0.07441 +0.06504 +0.05327 -0.09944 +0.02120
-0.01115 -0.06272 +0.06465 +0.07717 -0.09563 +0.01993
-0.00203 -0.06494 -0.03698 +0.02127 -0.07382 +0.08241
-0.00983 -0.06736 +0.06346 +0.02947 -0.08121 +0.05593
-0.03208 -0.04143 -0.05413 +0.07006 -0.02875 +0.07804
-0.02610 -0.05146 +0.00669 +0.04124 -0.14021 +0.02359
-0.04022 -0.03168 +0.00041 +0.07187 -0.10500 +0.00910
-0.03910 -0.03956 +0.06488 +0.02597 -0.04124 +0.04948
-0.04916 -0.02600 -0.01100 +0.07199 -0.03965 +0.04827
-0.03850 -0.03617 -0.01598 +0.06066 -0.09237 +0.03586
-0.03690 -0.04173 -0.04790 +0.05285 -0.03651 +0.07035
-0.03343 -0.04949 +0.03529 +0.06458 -0.05668 +0.03721
-0.03590 -0.03238 -0.14664 +0.03830 -0.04968 +0.09429
-0.03317 -0.04379 -0.08348 +0.03097 -0.04494 +0.11226
-0.03446 -0.05090 -0.00229 -0.00036 -0.00254 +0.11726
-0.03086 -0.05614 +0.02840 -0.03806 -0.05624 +0.10189
-0.05079 -0.02917 -0.04659 +0.01787 -0.08374 +0.06119
-0.04001 -0.04981 +0.05796 +0.03305 -0.06023 +0.05129
-0.13391 +0.11699 +0.07543 +0.05775 -0.00801 +0.00868
-0.00350 -0.02470 +0.07737 +0.07305 -0.04523 +0.00541
-0.00643 -0.01611 +0.00417 +0.02266 -0.03379 +0.04074
-0.02651 +0.00095 +0.02286 +0.02813 -0.05423 +0.02600
-0.01482 -0.01173 -0.00385 +0.01871 -0.03094 +0.06798
-0.02626 +0.00096 -0.00136 +0.04651 -0.01401 +0.06394
-0.01549 -0.01765 +0.04944 +0.00326 +0.00083 +0.09396
-0.01321 -0.01739 +0.04426 +0.03335 -0.03337 +0.05787
-0.02242 -0.00820 +0.10026 +0.04584 -0.06228 +0.01696
+0.01882 -0.07559 +0.05901 +0.06303 -0.02417 +0.03503
+0.01333 -0.09033 -0.06813 +0.01922 -0.05240 +0.07922
-0.02644 -0.05154 -0.04076 +0.00869 -0.10145 +0.04642
-0.03536 -0.04683 +0.05494 +0.05469 -0.03884 -0.01436
-0.02723 -0.05403 +0.02475 +0.06077 -0.11757 -0.00906
-0.02934 -0.04528 -0.10238 -0.03388 -0.13127 +0.04170
-0.04991 -0.03081 -0.04635 +0.01589 +0.00712 +0.06864
-0.03188 -0.05446 -0.00233 -0.00695 +0.01276 +0.10635
-0.03904 -0.04118 -0.01304 +0.03500 -0.02080 +0.01537
-0.03262 -0.05696 +0.03936 -0.02243 -0.03893 +0.06325
-0.02760 -0.05314 -0.01798 -0.00254 -0.01107 +0.04694
-0.03759 -0.05241 +0.05960 +0.00010 -0.03593 +0.04049
-0.03519 -0.05296 +0.00380 +0.01062 -0.02783 +0.06956
-0.04229 -0.03833 -0.04157 +0.00360 -0.00129 +0.07697
-0.03973 -0.05146 -0.00766 +0.04396 +0.01724 +0.11025
-0.03215 -0.04985 +0.00037 +0.02074 +0.00792 +0.05403
-0.04450 -0.04493 +0.00769 +0.03191 +0.00782 +0.09668
-0.02882 -0.07962 +0.11272 +0.00886 +0.01472 +0.09810
-0.04405 -0.04770 +0.04782 +0.05189 -0.03628 +0.03462
-0.02357 -0.05908 -0.06062 -0.01137 -0.02107 +0.06609
-0.04773 -0.04954 +0.05341 +0.02002 +0.02968 +0.07155
-0.07061 +0.00781 +0.02746 -0.01404 -0.08391 +0.02610
-0.08481 +0.05548 +0.00075 +0.03760 -0.00042 +0.04206
-0.02150 +0.00206 -0.03854 +0.06212 -0.03151 -0.00576
-0.00866 -0.02249 +0.02923 +0.02772 -0.04357 +0.02353
-0.01744 -0.00807 -0.02714 -0.00133 -0.08778 +0.03131
-0.02933 -0.00031 +0.06834 +0.04412 -0.00299 +0.00013
-0.01875 -0.02095 -0.01177 +0.06289 -0.00126 +0.11995
-0.02288 -0.01445 +0.08494 +0.04362 -0.08444 +0.01398
-0.01438 -0.02602 +0.09878 +0.00706 +0.04216 +0.07970
+0.05860 -0.13393 -0.05711 -0.02775 -0.00324 +0.04242
-0.03136 -0.05617 +0.00058 +0.00285 +0.00744 +0.06385
-0.02716 -0.05063 -0.01171 +0.02475 -0.08888 -0.00205
-0.02451 -0.05415 -0.01735 -0.02182 -0.06907 +0.04527
-0.03054 -0.06375 +0.04477 -0.01681 -0.05347 +0.07599
-0.03713 -0.04829 -0.05626 -0.01090 -0.07903 +0.05976
-0.03695 -0.05074 -0.01354 -0.01748 +0.00686 +0.06697
-0.02662 -0.06575 +0.04151 -0.02329 -0.02836 +0.04018
-0.04125 -0.04060 -0.03615 +0.03124 +0.04084 +0.04795
-0.03784 -0.05439 -0.01740 +0.01029 -0.03272 +0.03340
-0.03710 -0.04367 +0.00203 -0.02162 -0.04391 +0.00993
-0.02664 -0.06071 -0.02338 +0.02329 -0.02692 +0.05384
-0.03402 -0.05919 +0.06935 -0.00749 +0.01353 +0.03011
-0.02606 -0.06011 +0.04107 -0.00758 -0.04990 +0.00828
-0.03924 -0.04697 +0.00683 +0.01674 -0.12101 -0.01261
-0.03242 -0.04460 -0.03989 -0.00720 -0.08496 -0.00044
-0.02992 -0.08081 +0.10682 +0.01340 +0.01797 +0.09725
-0.08035 +0.02594 +0.06629 -0.00682 +0.02713 +0.05396
-0.08197 +0.07444 +0.06612 +0.08574 +0.04043 +0.04809
-0.01132 -0.01174 +0.08453 +0.08725 -0.01795 +0.02819
-0.01025 -0.00801 +0.03181 +0.00886 +0.04667 +0.07845
-0.02424 +0.02341 -0.06219 +0.02791 +0.00319 +0.01987
-0.01873 +0.00282 +0.07220 +0.00941 -0.01713 +0.01797
-0.01302 -0.01185 +0.10870 +0.02258 +0.03947 +0.05011
-0.01954 +0.00153 +0.00049 +0.01527 -0.09180 +0.05295
-0.01152 -0.01459 +0.15748 +0.01577 +0.03068 +0.04085
-0.02135 +0.01017 +0.02352 -0.01885 -0.00858 +0.03776
+0.00868 -0.04127 +0.02987 +0.04724 +0.04784 +0.09180
+0.07133 -0.18366 -0.04010 -0.04759 +0.09726 +0.06095
-0.04698 -0.06228 -0.00952 -0.07162 -0.00956 -0.00533
-0.07302 -0.04743 +0.03930 -0.00131 -0.03724 -0.09588
-0.06421 -0.06439 +0.08743 +0.00053 +0.05502 -0.02829
-0.06114 -0.05689 -0.06882 -0.06996 +0.00163 -0.00807
-0.08257 -0.05019 +0.11040 -0.06611 -0.04810 -0.04409
-0.07184 -0.04967 -0.01145 -0.09340 -0.09269 -0.05526
-0.07573 -0.05860 +0.12029 -0.07822 +0.00658 -0.07078
-0.08229 -0.05216 +0.06447 -0.02414 -0.00457 -0.07585
-0.08282 -0.03246 -0.04873 -0.07621 +0.03990 -0.02951
-0.08978 -0.03428 -0.07400 -0.00416 +0.04416 -0.02404
-0.08506 -0.05113 +0.11726 -0.02832 -0.01538 -0.12990
-0.07964 -0.05633 +0.03772 -0.08057 +0.01644 -0.01641
-0.09015 -0.04699 +0.04204 -0.03538 +0.02200 -0.05724
-0.08658 -0.04325 -0.09144 -0.12350 -0.05381 -0.02346
-0.10048 -0.03496 +0.06193 -0.00529 -0.00101 -0.10548
-0.14387 +0.06668 +0.01213 -0.01362 +0.03936 +0.02397
-0.14238 +0.12265 +0.00660 +0.07511 -0.03474 +0.03776
-0.00891 -0.00545 -0.01246 +0.00074 -0.05009 +0.02461
-0.01566 -0.01051 +0.05298 +0.05366 -0.03127 +0.05827
-0.00703 -0.02087 +0.04226 +0.02944 -0.02955 +0.06717
-0.01958 +0.00002 -0.03813 +0.04547 -0.00319 +0.07671
+0.03337 -0.08595 +0.08336 +0.02973 +0.01582 -0.00115
+0.03901 -0.15579 -0.02392 +0.06720 +0.05483 +0.00744
-0.04251 -0.08217 +0.00571 +0.05296 -0.01584 -0.04245
-0.07871 -0.05349 +0.01623 +0.06877 +0.02301 -0.02378
-0.07370 -0.04977 +0.01468 +0.02989 -0.04590 -0.08954
-0.08845 -0.04097 +0.07188 +0.10386 -0.02503 -0.09421
-0.08733 -0.03708 -0.01439 +0.03734 +0.00003 -0.05091
-0.08497 -0.04846 +0.07024 +0.03602 -0.00589 -0.07564
-0.08631 -0.04377 +0.02772 -0.00802 -0.01436 -0.05391
-0.09855 -0.03057 -0.02737 +0.03090 -0.04847 -0.07176
-0.09040 -0.03988 +0.04155 -0.00491 +0.00403 -0.08612
-0.08712 -0.03631 -0.07070 -0.01874 +0.01861 -0.03430
-0.09746 -0.03485 +0.05037 +0.08083 +0.01214 -0.11313
-0.07942 -0.05669 +0.09346 +0.08203 -0.04283 -0.13458
-0.08236 -0.05205 +0.04980 -0.01650 +0.02913 -0.05021
-0.08874 -0.04197 -0.00221 +0.00420 +0.01758 -0.03348
-0.08969 -0.03141 -0.04828 -0.04962 -0.01514 -0.05765
-0.20513 +0.23288 +0.01769 +0.08731 -0.03402 -0.04218
-0.00843 +0.00170 +0.01797 +0.07927 -0.02346 +0.06846
+0.00902 -0.00577 +0.03573 +0.10048 -0.03328 -0.05371
-0.00676 +0.00181 -0.05378 +0.12033 +0.01454 +0.05769
+0.00000 +0.00000 +0.00000 +0.00000 +0.00000 +0.00000
-0.01166 +0.00239 +0.04282 +0.07553 +0.01578 +0.00988
-0.00718 -0.00285 -0.01563 +0.08437 +0.02804 +0.05535
-0.00828 -0.01711 +0.10068 +0.05313 +0.04952 +0.05877
-0.00399 -0.01451 -0.02058 +0.05125 -0.02128 +0.05968
-0.02193 +0.00985 +0.01560 +0.03942 -0.01388 +0.02382
+0.02546 -0.06727 -0.05971 +0.09070 +0.02431 -0.00421
+0.02095 -0.08997 -0.04356 +0.04764 -0.04106 +0.03143
-0.02830 -0.02736 -0.07598 +0.05106 -0.02887 +0.00216
-0.01930 -0.04922 +0.01310 +0.00780 -0.10833 +0.00217
-0.02258 -0.04359 -0.10991 +0.06288 +0.00211 +0.06126
-0.04091 -0.03685 -0.03447 +0.05081 -0.02394 +0.04260
-0.02793 -0.03431 -0.07975 +0.02432 -0.07184 +0.01150
-0.02344 -0.06345 +0.02500 +0.01470 +0.10733 +0.12721
-0.03445 -0.04280 -0.02456 +0.00522 -0.00535 +0.06205
-0.02575 -0.04778 -0.01789 +0.00572 -0.00484 +0.02581
-0.03781 -0.03807 -0.00198 +0.03275 +0.00025 +0.03265
-0.10549 +0.08454 -0.03214 +0.07986 -0.03223 +0.05974
-0.04800 +0.03494 +0.05405 +0.10755 +0.01931 +0.08674
-0.01395 +0.00531 -0.00062 +0.09734 +0.00094 +0.06664
-0.01650 +0.00649 -0.07975 +0.06530 -0.02262 +0.07036
-0.01585 +0.01086 -0.02588 +0.10487 -0.01433 +0.03638
+0.09396 -0.19580 -0.04450 +0.05956 +0.10112 -0.00431
-0.04361 -0.08136 -0.04580 +0.07468 +0.07237 -0.05204
-0.06048 -0.06966 -0.00602 +0.02311 +0.05751 -0.03201
-0.07051 -0.06543 -0.04205 +0.10754 +0.09385 -0.06305
-0.07854 -0.04845 -0.02870 +0.09228 +0.04548 -0.11782
-0.07687 -0.04813 -0.07817 +0.09124 +0.03914 -0.09027
-0.07947 -0.04388 -0.10608 +0.03306 +0.04778 -0.09056
-0.10101 -0.00184 -0.03790 -0.06770 +0.02716 -0.06236
-0.17598 +0.21092 -0.03130 +0.19182 -0.01038 -0.03708
+0.00032 +0.02417 -0.13024 +0.15081 +0.04797 +0.02242
-0.00620 +0.01935 +0.00795 +0.11781 -0.02490 +0.00527
+0.00932 -0.00373 +0.01878 +0.04415 +0.11985 +0.04794
-0.01253 +0.01966 +0.03913 +0.07617 -0.00249 -0.01508
+0.08439 -0.16545 -0.15742 +0.08697 +0.03739 -0.05406
-0.02112 -0.08313 -0.16225 +0.06307 -0.00829 -0.03307
-0.21039 +0.10021 +0.03222 -0.40794 +0.03767 +0.36265
-0.00647 -0.13889 -0.08091 -0.07162 +0.01400 -0.03087
-0.03257 -0.11411 -0.06935 -0.00717 -0.06475 -0.05837
-0.04542 -0.10604 +0.01030 -0.04490 +0.00371 -0.04785
-0.03543 -0.10136 -0.08354 -0.08312 -0.14244 -0.05220
-0.05010 -0.10112 -0.00403 -0.07653 -0.01310 +0.05761
-0.06178 +0.02235 +0.02116 +0.04591 -0.10286 +0.03636
-0.04774 +0.05450 -0.11408 +0.10306 -0.02168 +0.08182
-0.00400 +0.01191 -0.00937 +0.08879 -0.04831 +0.01115
-0.00020 +0.01895 -0.12009 +0.07944 +0.07130 +0.00189
-0.00834 +0.01019 -0.06254 +0.07060 +0.09034 +0.09927
-0.00655 +0.00505 +0.00795 +0.07666 +0.05759 +0.05772
-0.00129 +0.01443 -0.03048 +0.03734 +0.04265 +0.09303
-0.01023 +0.03039 +0.01992 +0.06183 +0.05925 -0.03000
+0.10309 -0.19816 +0.10524 +0.12395 +0.19948 +0.01191
-0.01191 -0.09924 -0.03758 +0.01017 +0.08288 -0.03877
-0.07165 -0.05682 -0.02356 +0.00877 +0.02047 -0.01146
-0.07622 -0.05257 -0.03803 -0.02956 +0.03076 +0.02737
-0.09005 -0.04162 +0.01944 -0.00271 +0.01549 -0.02550
-0.08148 -0.05481 -0.00927 -0.02410 +0.09366 +0.03768
-0.09286 -0.03767 -0.09869 -0.03520 +0.03521 +0.05968
-0.09532 -0.02511 -0.09558 -0.02720 +0.01151 -0.03183
-0.08457 -0.04766 +0.05976 -0.04682 +0.18210 +0.01593
-0.08743 -0.04137 +0.02290 -0.04546 -0.06996 +0.00289
-0.09166 -0.02700 -0.00900 -0.00942 -0.01237 -0.05906
-0.09016 -0.04493 -0.03603 -0.09054 +0.01707 +0.04254
-0.09651 -0.01788 -0.07979 -0.06695 +0.11432 +0.01250
-0.09612 -0.03335 +0.01944 -0.07652 +0.01604 -0.02041
-0.08267 -0.05418 +0.05431 -0.08016 +0.08434 +0.02058
-0.09739 -0.02083 -0.03903 -0.09447 +0.10642 +0.05039
-0.09875 -0.02131 -0.07483 -0.00958 +0.00867 +0.00030
-0.10006 -0.01585 -0.08241 -0.02270 -0.02030 -0.07066
-0.08979 -0.04452 +0.06917 -0.05633 +0.03262 -0.00480
-0.08815 -0.04829 +0.08391 -0.01429 +0.03958 -0.06862
-0.09752 -0.03160 -0.15931 -0.04044 -0.01793 +0.00742
-0.09834 -0.01864 -0.07430 -0.04270 +0.07253 -0.03808
-0.09376 -0.03120 -0.04420 -0.01025 +0.08363 +0.01235
-0.09677 -0.03166 +0.00474 +0.01893 +0.11848 -0.04117
-0.09214 -0.03857 -0.00565 -0.03093 -0.05784 -0.05995
-0.08255 -0.05661 +0.11511 -0.02276 +0.07328 -0.05359
-0.09240 -0.03936 +0.04208 +0.00119 +0.17947 +0.03610
-0.18805 +0.16069 +0.03565 +0.00060 +0.04747 -0.00308
-0.08069 +0.09188 -0.04722 +0.02924 +0.05947 +0.02462
-0.00439 -0.00057 +0.00621 +0.03390 +0.03089 +0.03744
-0.00664 +0.00838 -0.12498 -0.00095 +0.01146 +0.08346
-0.02683 +0.02550 -0.05894 +0.02611 +0.09861 +0.06373
-0.01505 +0.00765 +0.00998 +0.03192 +0.02876 +0.04058
-0.00934 +0.00550 -0.01005 +0.01734 +0.05951 +0.04325
-0.00888 -0.01433 +0.13691 +0.02124 +0.09979 +0.05878
-0.01969 +0.01458 -0.13686 +0.04604 +0.03366 +0.09796
-0.02091 +0.01658 -0.02749 +0.00562 +0.06700 +0.03836
-0.00792 +0.00656 -0.00357 +0.04127 +0.04614 -0.02061
-0.01333 -0.00205 -0.01333 +0.03656 +0.08176 +0.08491
-0.01365 +0.01026 +0.02622 +0.00918 +0.00383 -0.05384
-0.00595 -0.02364 +0.14057 +0.01407 +0.13984 +0.04289
-0.02217 +0.01181 +0.00239 +0.04781 +0.02723 +0.02300
-0.01630 +0.00352 -0.02382 +0.06093 -0.03025 +0.03499
-0.01001 -0.00715 +0.04807 +0.07349 -0.03339 -0.00111
-0.00380 -0.00492 +0.02382 +0.04709 +0.04050 -0.02082
+0.09777 -0.19124 -0.02610 +0.09319 -0.01986 -0.08421
-0.03916 -0.08526 -0.01579 -0.01519 +0.13466 +0.04130
-0.07214 -0.05495 +0.03236 +0.00595 -0.00122 -0.04262
-0.08542 -0.05080 -0.01250 +0.04700 +0.02331 -0.00184
-0.06978 -0.05595 -0.04082 -0.02094 +0.00221 -0.04720
-0.08561 -0.03006 -0.04018 -0.00890 +0.09478 -0.04435
-0.07881 -0.03985 -0.02257 +0.02355 -0.09965 -0.07811
-0.08558 -0.03108 -0.10727 +0.02409 -0.02748 -0.04955
-0.08990 -0.04017 +0.05629 +0.00677 +0.00026 -0.03144
-0.07973 -0.05173 +0.11946 +0.01692 +0.13866 -0.00807
-0.08537 -0.03295 +0.00341 +0.01629 -0.02939 -0.09995
-0.09089 -0.02402 +0.08027 -0.05540 +0.01792 -0.02951
-0.19372 +0.24114 -0.07004 +0.09347 -0.04827 -0.03429
+0.00348 +0.01071 +0.06150 +0.07860 -0.06067 -0.01897
+0.01408 -0.02052 +0.10712 +0.04166 +0.09178 +0.07950
-0.00674 +0.02559 -0.01200 +0.09783 +0.00071 -0.02876
+0.00028 -0.00214 +0.06022 +0.03704 +0.09259 +0.07943
-0.00466 +0.00275 +0.07329 +0.01239 -0.02559 +0.05135
-0.00367 +0.01538 +0.04308 +0.03700 -0.00608 -0.01831
-0.00793 +0.02207 -0.04011 +0.03212 +0.06534 +0.00812
-0.00043 +0.00541 +0.06904 +0.02389 -0.00995 +0.00776
-0.01149 +0.05399 +0.00037 +0.11287 +0.10248 +0.05452
+0.01076 +0.01914 +0.04332 +0.05514 +0.05642 -0.00073
-0.00185 +0.04140 -0.05220 +0.04414 +0.05937 -0.02909
+0.00500 +0.02224 +0.05717 +0.04638 +0.00254 -0.01570
+0.00042 +0.01835 -0.01775 +0.09201 +0.02664 +0.04393
+0.00012 +0.01869 +0.00760 +0.09163 +0.06687 +0.01635
-0.00922 +0.03576 -0.12524 +0.11627 +0.04040 +0.07930
-0.00628 +0.03295 -0.06326 +0.09336 +0.08961 +0.05934
-0.00710 +0.03836 -0.00050 +0.04887 +0.05081 -0.01808
-0.00169 +0.01517 +0.06286 +0.06439 +0.11750 +0.01187
+0.00041 +0.01036 +0.05285 +0.06097 -0.01937 +0.03370
-0.01094 +0.02793 +0.02955 +0.09290 +0.03461 +0.01152
-0.00461 +0.02025 +0.02330 +0.11049 +0.07269 +0.02581
+0.00555 +0.01595 +0.02423 +0.02011 +0.02029 -0.02410
-0.00425 +0.02755 +0.00574 +0.06051 -0.02453 +0.00028
+0.00847 +0.01279 -0.00629 +0.00631 +0.06951 +0.01576
-0.00870 +0.04073 -0.08732 +0.04649 +0.01895 +0.00256
+0.05699 -0.07275 +0.09448 +0.06065 +0.06689 -0.07123
+0.06047 -0.17096 -0.05592 +0.04097 +0.05392 -0.01029
-0.05112 -0.07287 -0.03809 +0.02391 +0.02374 -0.00902
-0.06870 -0.04028 -0.09899 +0.01307 +0.10538 -0.01977
-0.07340 -0.04636 -0.08856 +0.01912 +0.06511 -0.03476
-0.08771 -0.02740 -0.06782 +0.01095 +0.07815 -0.03865
