  409.24884 
  409.38738 
  409.71455 
  409.27119 
  409.13289 
  409.40875 
  409.02142 
  408.96258 
  408.96864 
  409.32229 
  409.14708 
  409.60182 
  404.76099 
  398.28455 
  398.12029 
  398.34530 
  398.14685 
  398.24680 
  398.42094 
  398.64420 
  398.25612 
  398.31560 
  398.74391 
  398.38105 
  398.38721 
  398.86452 
  398.53406 
  398.36598 
  398.82232 
  398.79825 
  398.64220 
  398.55430 
  398.30788 
  398.92315 
  398.50115 
  398.69485 
  398.34373 
  397.77951 
  398.05661 
  398.01400 
  397.88445 
  398.27323 
  398.05822 
  398.27185 
  398.12592 
  398.63849 
  398.16669 
  398.51694 
  398.97578 
  398.21109 
  398.48277 
  399.06135 
  398.43223 
  398.67697 
  398.71460 
  398.32017 
  398.63427 
  399.09432 
  404.75135 
  408.88681 
  407.67459 
  407.83812 
  407.49454 
  407.67006 
  408.10196 
  407.54056 
  407.63897 
  408.13958 
  408.01348 
  408.60454 
  397.35447 
  399.03018 
  399.04279 
  398.39999 
  398.49950 
  398.82830 
  399.24217 
  399.28725 
  399.92176 
  399.07034 
  398.93948 
  399.21333 
  398.94056 
  399.31304 
  399.33438 
  399.43247 
  399.30047 
  399.72855 
  399.26423 
  399.89977 
  399.61916 
  399.87661 
  399.68689 
  399.52302 
  399.95374 
  399.65088 
  399.27110 
  399.44890 
  400.03195 
  400.31261 
  400.46866 
  400.21486 
  400.43288 
  399.99747 
  400.27742 
  400.12769 
  400.09801 
  400.89546 
  400.36359 
  400.36794 
  400.62826 
  400.35776 
  400.47675 
  400.81797 
  401.08263 
  401.09206 
  400.84439 
  401.25788 
  400.79480 
  401.20174 
  401.18976 
  400.75033 
  401.70867 
  401.29918 
  401.69098 
  401.43043 
  401.80328 
  401.71305 
  401.49843 
  401.93280 
  401.61672 
  401.63849 
  401.73062 
  401.78922 
  401.11341 
  401.42688 
  402.06644 
  401.85950 
  401.59043 
  402.31471 
  402.21462 
  402.42742 
  402.38089 
  401.78439 
  402.00817 
  401.92298 
  401.39470 
  401.47697 
  402.27830 
  401.95476 
  402.27259 
  402.27430 
  402.32620 
  399.96935 
  400.34317 
  400.80342 
  400.85392 
  401.08021 
  400.77626 
  401.13008 
  400.92699 
  400.78520 
  400.94464 
  401.26750 
  401.33570 
  401.03183 
  400.85875 
  401.60475 
  401.50949 
  401.25920 
  401.63722 
  401.61457 
  401.81989 
  401.57172 
  402.43639 
  401.77362 
  401.73561 
  402.14316 
  402.48930 
  400.73929 
  401.29679 
  401.45267 
  401.01498 
  401.24399 
  401.66158 
  401.55563 
  401.39689 
  401.58233 
  401.97842 
  402.10077 
  402.22698 
  401.93851 
  401.99552 
  402.61898 
  401.69635 
  402.18876 
  401.93933 
  402.49471 
  402.43967 
  402.50848 
  402.63298 
  402.32292 
  402.67855 
  402.90663 
  402.55529 
  402.53475 
  402.89641 
  402.95382 
  402.58726 
  402.61243 
  402.71194 
  403.47011 
  402.81511 
  403.04418 
  403.17450 
  402.89729 
  402.97180 
  403.39905 
  403.65920 
  403.67006 
  403.96273 
  403.31613 
  403.34281 
  403.35376 
  403.43265 
  404.35078 
  403.66757 
  403.62911 
  403.72273 
  403.56811 
  403.82473 
  404.13294 
  404.19005 
  404.15258 
  404.05999 
  404.13056 
  403.96148 
  404.94344 
  404.49560 
  404.83314 
  404.64185 
  404.99861 
  404.83891 
  404.86658 
  404.52150 
  404.90265 
  404.54869 
  405.06926 
  402.88584 
  401.88613 
  402.05704 
  402.78547 
  402.33718 
  402.51109 
  402.52669 
  402.45430 
  402.86541 
  402.94026 
  403.10468 
  403.57928 
  403.46661 
  402.97406 
  403.17654 
  403.65077 
  403.49310 
  403.78295 
  403.54198 
  403.51227 
  403.62469 
  403.81223 
  403.50928 
  403.85273 
  403.70242 
  403.62187 
  403.31223 
  403.82363 
  403.65069 
  403.18545 
  403.57634 
  403.60237 
