+0.03184 +0.07651 -0.17827 +0.25153 -0.04572 +0.00628
-0.00672 +0.03648 -0.16268 +0.24162 -0.00310 -0.06013
-0.00092 +0.00941 -0.18137 +0.13385 -0.04745 -0.05077
-0.01023 +0.06185 -0.16017 +0.03851 -0.00264 -0.01932
+0.01100 +0.04514 -0.18346 +0.10444 -0.03489 -0.08460
+0.01482 +0.00707 -0.16090 +0.10356 +0.09887 -0.04900
+0.03212 -0.02140 -0.19203 +0.03528 +0.04878 -0.08004
+0.03372 +0.05969 -0.19313 -0.01201 -0.02591 -0.00401
+0.06808 +0.06367 -0.20007 -0.01597 -0.06015 -0.05792
+0.05157 -0.14119 -0.23019 +0.04762 +0.12069 -0.20536
+0.04360 -0.01496 -0.27424 -0.07784 -0.10977 -0.02376
+0.06061 -0.07669 -0.22426 -0.09240 +0.04348 -0.03638
-0.07009 -0.13489 -0.14839 -0.18095 +0.07996 -0.10702
-0.19979 -0.14019 +0.02799 -0.20466 -0.20920 -0.23586
+0.07451 -0.02625 +0.06720 +0.03586 -0.07240 -0.12139
+0.07868 +0.00369 +0.10029 -0.00113 -0.02770 -0.12364
+0.08097 -0.05890 +0.09090 -0.04198 +0.05082 -0.11489
+0.07008 -0.02795 +0.03788 -0.01794 -0.05732 -0.09659
+0.09371 -0.05637 +0.05426 +0.00408 +0.01449 -0.11351
+0.07375 -0.05531 +0.10348 -0.00533 +0.09647 -0.08676
+0.09373 -0.00654 +0.05602 -0.04137 -0.00289 -0.02348
+0.07419 -0.02217 +0.07228 -0.06873 +0.06779 +0.01005
+0.09245 +0.02168 +0.04778 -0.01325 -0.02831 -0.03236
+0.08620 +0.04580 +0.08847 -0.01377 +0.06817 -0.00989
+0.08010 -0.02426 +0.05112 -0.02348 +0.04155 +0.00072
+0.10257 -0.03652 -0.00973 -0.01146 -0.09282 -0.06844
+0.08989 +0.01244 +0.01755 -0.05975 -0.07279 -0.03600
+0.09118 +0.04651 +0.03670 -0.05460 -0.06899 -0.04465
+0.09393 -0.01532 +0.05996 -0.01499 +0.03552 -0.05977
+0.08728 +0.01615 +0.03771 +0.04131 -0.07697 -0.10944
+0.09794 -0.03841 +0.02455 -0.04285 -0.00022 -0.03061
+0.09447 +0.03322 +0.02721 -0.02804 -0.08171 -0.05088
+0.10081 +0.06040 +0.04158 -0.03071 -0.01632 -0.04462
+0.09707 -0.01596 +0.00963 -0.02455 -0.04600 -0.05773
+0.08191 +0.08181 +0.06491 -0.06840 -0.00402 -0.00073
+0.10220 +0.03175 +0.03237 -0.01222 -0.00223 -0.02373
+0.09769 +0.01515 +0.00192 +0.01934 -0.03577 -0.02120
+0.11134 +0.05110 +0.02614 -0.02603 -0.01364 +0.01141
+0.09141 +0.00354 +0.05218 -0.04385 +0.08788 +0.03361
+0.08284 +0.01948 +0.03417 -0.03926 -0.02370 +0.01742
+0.10625 -0.02093 -0.01104 +0.01584 -0.07399 +0.06219
+0.11461 +0.01202 -0.00388 -0.03988 -0.04242 +0.03785
+0.11650 -0.01400 +0.01091 +0.03106 +0.03179 +0.01783
+0.08091 +0.04017 -0.00009 +0.02474 -0.11042 -0.02812
+0.11064 -0.00284 +0.02358 -0.03320 +0.01573 -0.04089
+0.10105 +0.01389 +0.00424 -0.05063 -0.01216 -0.02949
+0.11393 -0.01047 -0.02882 -0.03688 -0.07600 +0.01090
+0.09375 +0.04626 +0.02252 -0.03926 -0.04977 -0.01062
+0.12820 +0.01532 +0.00168 +0.04434 +0.03001 -0.09460
+0.06461 +0.02000 -0.00401 -0.03108 -0.05940 -0.06011
+0.10414 +0.04565 -0.01579 -0.02736 -0.10788 +0.01876
+0.11266 -0.01872 -0.03763 +0.02300 -0.06250 -0.05710
+0.07506 -0.00188 -0.00197 -0.06246 -0.01420 +0.02341
+0.10945 -0.00053 -0.04277 -0.04011 -0.07818 +0.01490
+0.07655 +0.08638 +0.03315 -0.05788 -0.04106 +0.09919
+0.10351 +0.05338 -0.01253 -0.08109 -0.03814 +0.10189
+0.09608 +0.05525 +0.02875 -0.04406 +0.04728 +0.01832
+0.10951 +0.02305 -0.03657 -0.09162 -0.03772 +0.02637
+0.22869 +0.06222 -0.11005 +0.08083 -0.02778 +0.13810
+0.19388 +0.08555 -0.09806 +0.05324 +0.05283 +0.15129
+0.09886 +0.00236 -0.13516 -0.09515 +0.02918 +0.06630
+0.10132 -0.04601 -0.15620 -0.03087 +0.05037 -0.02880
+0.08497 +0.03043 -0.12288 -0.06078 -0.00236 +0.05604
+0.08595 -0.03001 -0.12785 -0.13683 +0.13438 +0.04139
+0.10230 +0.02448 -0.12232 -0.00552 +0.10555 -0.05375
+0.04909 +0.00426 -0.16521 -0.11595 +0.00908 +0.08136
+0.09690 -0.03485 -0.10825 -0.08853 +0.19284 +0.03887
+0.09945 -0.00994 -0.16618 -0.04365 +0.01112 -0.10614
+0.06386 -0.00993 -0.19517 -0.13323 -0.07477 +0.01203
+0.08528 -0.00583 -0.15608 -0.03512 -0.04871 -0.03239
-0.18098 -0.04819 -0.00616 -0.25004 -0.30636 -0.25731
+0.08909 +0.02011 +0.09587 +0.08349 +0.01330 -0.11352
+0.07804 -0.00009 +0.08544 +0.01569 +0.05027 -0.13466
+0.07828 +0.01434 +0.04807 -0.01428 -0.02932 -0.08892
+0.06772 +0.05024 +0.09068 -0.04742 -0.01120 -0.03804
+0.08507 +0.05085 +0.05993 +0.02747 +0.00290 -0.02355
+0.08238 +0.06128 +0.07466 -0.01837 +0.00008 -0.00989
+0.08266 +0.03212 +0.02729 -0.02265 -0.06239 -0.01962
+0.08159 +0.07702 +0.08384 +0.04536 +0.00500 -0.05803
+0.06921 -0.00692 +0.03129 +0.00043 -0.00758 -0.08210
+0.07505 -0.01565 +0.00672 -0.00275 -0.06842 -0.12956
+0.06327 -0.01211 +0.03445 -0.03385 -0.00247 -0.08213
+0.06581 +0.01542 +0.04581 -0.04362 -0.00735 -0.00879
+0.08701 +0.02010 +0.03749 -0.04088 -0.01194 -0.06746
+0.07175 +0.07981 +0.06056 -0.02112 -0.01518 -0.02531
+0.07787 +0.07610 +0.04424 -0.01466 -0.03639 -0.03318
+0.06892 +0.04754 +0.05910 -0.01556 +0.04765 -0.04733
+0.05669 +0.02704 +0.04209 -0.03587 +0.05150 -0.09045
+0.04500 +0.01267 +0.02988 -0.06553 +0.02926 -0.05435
+0.07785 +0.07096 +0.04136 +0.03145 -0.05824 -0.04134
+0.06886 +0.03308 +0.01425 -0.08343 +0.00319 -0.01226
+0.07678 +0.03154 +0.01352 +0.09631 -0.02165 -0.10180
+0.04422 -0.00289 +0.02395 -0.08120 +0.04368 -0.08731
+0.06662 +0.04611 +0.03554 -0.02909 +0.01803 -0.02278
+0.03993 +0.02551 +0.04026 -0.03662 +0.05266 -0.08638
+0.04395 +0.01470 +0.03432 -0.05486 +0.07062 -0.02480
+0.05072 +0.00463 -0.02161 -0.03945 -0.04413 -0.06347
+0.06907 +0.00398 +0.02609 -0.04484 +0.09428 +0.04273
+0.05816 +0.02510 -0.01543 -0.04204 -0.03045 +0.12897
+0.07884 +0.01006 +0.03009 -0.00250 +0.06335 -0.00502
+0.03616 +0.04618 +0.01275 -0.03531 -0.03968 -0.04768
+0.03967 +0.03192 +0.02995 -0.01659 +0.04669 -0.01834
+0.04065 +0.05329 +0.04328 +0.00602 +0.00968 -0.01996
+0.07644 +0.07098 +0.04673 +0.01084 +0.09663 -0.01749
+0.03019 +0.05001 +0.01268 +0.01651 -0.01869 -0.07712
+0.04967 +0.03305 -0.00342 -0.01454 +0.01516 -0.02577
+0.05075 +0.01496 +0.00141 -0.03727 +0.03285 -0.03853
+0.05832 -0.00914 -0.01259 -0.00196 +0.04736 -0.06740
+0.05092 +0.04604 -0.00453 +0.01545 -0.02502 -0.04500
+0.05766 +0.01996 +0.00487 +0.01307 +0.02831 -0.05709
+0.04467 +0.02911 +0.00338 +0.01348 -0.00556 -0.04379
+0.03099 +0.05596 +0.00569 +0.01388 -0.05517 -0.02538
+0.05349 +0.01170 -0.01663 +0.02562 -0.03208 -0.01356
+0.04016 +0.02353 -0.00428 -0.05133 -0.02188 +0.03624
+0.04542 +0.04706 -0.01841 -0.01700 -0.06436 +0.02970
+0.04559 +0.01136 -0.00682 -0.02545 -0.00594 +0.00114
+0.05375 +0.02719 -0.01302 -0.00507 -0.04712 -0.02025
+0.05614 -0.03994 +0.00146 +0.00972 +0.05146 -0.07265
+0.03154 +0.00538 -0.00127 -0.02493 +0.02507 -0.06001
+0.03227 +0.03783 +0.01362 -0.00293 -0.03518 -0.06544
+0.04119 +0.04016 -0.01708 -0.02435 -0.03974 -0.01076
+0.03885 +0.01623 +0.02566 -0.04336 +0.06235 -0.04558
+0.04551 -0.04955 +0.01585 -0.01382 +0.09010 -0.07544
+0.00632 -0.02207 -0.02343 -0.01035 -0.01658 -0.03385
+0.03608 +0.00970 +0.00934 -0.00990 +0.03626 +0.00989
+0.02624 +0.01013 -0.00073 -0.03385 -0.00142 -0.03540
+0.04932 +0.03763 +0.01006 +0.01476 +0.01784 -0.06882
+0.01546 -0.00720 -0.02744 -0.02422 -0.01766 -0.01966
+0.03126 -0.00788 -0.00485 +0.00252 +0.02833 +0.00016
+0.02629 +0.00551 +0.01688 -0.02701 +0.09720 -0.04242
+0.03037 +0.00813 -0.03904 +0.01151 +0.00176 +0.00733
+0.01061 -0.02593 +0.00727 +0.03045 +0.09545 -0.10900
+0.01928 -0.00165 -0.01367 +0.01994 +0.00029 -0.01046
+0.05149 +0.00031 -0.04074 +0.00917 -0.02880 -0.02308
+0.01501 +0.04378 +0.01446 -0.08756 +0.00930 +0.03999
+0.04315 -0.02901 -0.01037 +0.08866 -0.00896 -0.04054
+0.01990 -0.02916 +0.01480 +0.01439 +0.05190 -0.03295
+0.02929 +0.01025 -0.00193 -0.01260 +0.01125 +0.04943
+0.01793 -0.00170 +0.00859 -0.00927 -0.00504 +0.06117
+0.04841 -0.04749 -0.00505 +0.07275 +0.02859 -0.09139
+0.00000 +0.00000 +0.00000 +0.00000 +0.00000 +0.00000
+0.03297 +0.03228 +0.00680 +0.07136 -0.05374 +0.01788
+0.02705 -0.03507 +0.03703 -0.04676 +0.11904 +0.08289
+0.02092 -0.00788 +0.00753 +0.03052 +0.00295 +0.04185
+0.02504 -0.01894 -0.00475 +0.06478 -0.03274 +0.00944
+0.03928 +0.03651 +0.02000 +0.07196 -0.00451 +0.00284
+0.00751 -0.01540 -0.01333 -0.01252 -0.00252 +0.04971
+0.02780 -0.01505 -0.02322 +0.00359 -0.03685 +0.07008
+0.02878 +0.00726 +0.00485 +0.03454 -0.00598 +0.09529
+0.02014 +0.00502 +0.03043 -0.04642 +0.06526 +0.01938
+0.01612 -0.00275 +0.01373 +0.07350 +0.02286 -0.02147
+0.00784 +0.01112 -0.00784 +0.00132 -0.06416 -0.00485
+0.01428 +0.01700 -0.00013 +0.06913 -0.07755 +0.01684
+0.01054 -0.03137 +0.03012 -0.12529 -0.17758 -0.00646
+0.07268 -0.03333 +0.04982 -0.02176 +0.00578 +0.04650
+0.05515 +0.00589 +0.03260 +0.02121 -0.09368 +0.02278
+0.04723 -0.01341 +0.04296 -0.04200 -0.00759 +0.10543
+0.04034 -0.07595 +0.03411 +0.02064 +0.02826 -0.00309
+0.03895 +0.01105 +0.03883 +0.02269 -0.07191 +0.06159
+0.04472 -0.04408 +0.01522 -0.05271 -0.04668 +0.04540
+0.05631 +0.01374 +0.04341 +0.04335 -0.02610 +0.02074
+0.02904 -0.03398 +0.00280 +0.00396 -0.03924 +0.01613
+0.05082 -0.03461 +0.00988 -0.00017 -0.03027 +0.03062
+0.02389 -0.00394 -0.01636 -0.03184 -0.14467 +0.06180
+0.05957 -0.08302 -0.00012 -0.02017 +0.00718 +0.03248
+0.02904 -0.04853 +0.02458 +0.01048 +0.01409 +0.02091
+0.03588 -0.03101 +0.00470 -0.03378 -0.04777 +0.09357
+0.04455 -0.04037 -0.00213 -0.08102 -0.01766 +0.12842
+0.05243 -0.09754 +0.03158 -0.06388 +0.12639 +0.06241
+0.01839 -0.10487 -0.00424 -0.06109 +0.05364 +0.01236
+0.03276 +0.00285 -0.00176 +0.08381 -0.09514 +0.03717
+0.03408 -0.01530 +0.00351 -0.05425 -0.01841 +0.07994
+0.05272 -0.03934 +0.01833 +0.08201 +0.02363 -0.02557
+0.00994 -0.06959 -0.01718 +0.01150 -0.06371 +0.00557
+0.05352 -0.04117 -0.00459 +0.05645 +0.00192 +0.04550
+0.00822 -0.08192 -0.02732 -0.02321 -0.02069 +0.00273
+0.02756 -0.01851 -0.02729 -0.05321 -0.08601 +0.11295
+0.05029 -0.01153 +0.03181 +0.02636 +0.02776 +0.10720
+0.02281 +0.00117 +0.01498 -0.00762 -0.04744 +0.06173
+0.02999 -0.05312 +0.02819 -0.05057 -0.06063 -0.00356
+0.02849 -0.04858 +0.03376 -0.05417 -0.05312 +0.07713
+0.05971 -0.07241 +0.02935 +0.03246 -0.00454 +0.00670
+0.00830 -0.01668 +0.03334 -0.08088 -0.08705 +0.11776
+0.06295 -0.02105 +0.01988 +0.01670 -0.10102 +0.02824
+0.02980 +0.03415 +0.05807 +0.03287 -0.06110 +0.04425
+0.02719 +0.00247 +0.01300 +0.01325 -0.13190 +0.08593
+0.02703 -0.05279 +0.02496 +0.10280 -0.01008 +0.03154
+0.01289 -0.05538 +0.02403 +0.10309 -0.01755 +0.04628
+0.01628 -0.19672 +0.01025 +0.02879 +0.09758 -0.08174
+0.01263 -0.10510 +0.01068 +0.09193 -0.02661 -0.05108
+0.01528 -0.20044 -0.03012 -0.00195 +0.03103 -0.01058
+0.00097 -0.08118 +0.04247 +0.02799 +0.03203 +0.03047
+0.02176 -0.10464 -0.00539 +0.05712 -0.08659 +0.02202
+0.00896 -0.08344 -0.02126 +0.01163 -0.07333 +0.07842
+0.03231 -0.17152 -0.02366 +0.04664 -0.01946 -0.03147
+0.01913 -0.06528 +0.02799 +0.03982 +0.01260 +0.08786
+0.00807 -0.09215 -0.00432 +0.00060 -0.02733 +0.03362
+0.01289 -0.04006 +0.04281 +0.03364 -0.00814 +0.05309
+0.01433 -0.01158 +0.02616 +0.07015 -0.07992 +0.04438
+0.01633 -0.06985 +0.03097 +0.02513 -0.01248 +0.01356
+0.01787 -0.05387 +0.03922 +0.06341 +0.00321 -0.04173
-0.01468 -0.05296 +0.02069 +0.03768 -0.02884 +0.04046
+0.00546 -0.07666 +0.01103 -0.00097 +0.01608 +0.05825
+0.03999 -0.05592 +0.00753 +0.09619 -0.02400 -0.02493
-0.01362 -0.07181 +0.02640 +0.09152 -0.04410 -0.02040
+0.00171 -0.03832 +0.01319 +0.07941 -0.06616 +0.01970
+0.01993 -0.07452 -0.01550 +0.06788 -0.06545 +0.03953
+0.03860 -0.07350 +0.02665 +0.12266 +0.00708 -0.01529
+0.01506 -0.06797 -0.01246 +0.01266 -0.07962 +0.04169
+0.03212 -0.15733 +0.00349 -0.05520 +0.07577 +0.08309
+0.01836 -0.11145 +0.01185 -0.08442 +0.03321 +0.00706
+0.05446 -0.03867 -0.00373 +0.03155 -0.02085 +0.03976
+0.01894 -0.07184 -0.00873 -0.01379 -0.05141 -0.02298
+0.04727 -0.03242 -0.01210 -0.00014 -0.07665 +0.05856
+0.04887 -0.11145 -0.00801 -0.03913 +0.05610 -0.02846
+0.00725 -0.05064 -0.01832 -0.12408 -0.05847 +0.11959
+0.04552 -0.08448 -0.03704 -0.01404 -0.05692 +0.04330
+0.03847 -0.07491 -0.00991 -0.02926 +0.00348 +0.00392
+0.01798 -0.00158 +0.00340 +0.03657 -0.06845 -0.04717
+0.00433 -0.06377 -0.00260 +0.04926 -0.00294 -0.02125
+0.01969 -0.07916 -0.01298 +0.00244 +0.03646 +0.06883
+0.00265 -0.07493 -0.03722 -0.01647 -0.04431 +0.01332
+0.01633 -0.04845 -0.02513 +0.02094 -0.02646 +0.04317
+0.00463 -0.09657 -0.01707 -0.02675 +0.05133 -0.01079
+0.00586 -0.05536 -0.00802 +0.02119 -0.00529 +0.03829
+0.02339 -0.16046 -0.02028 +0.07594 +0.05381 -0.04747
-0.00323 -0.07233 -0.00225 +0.02550 -0.03388 -0.00338
+0.03123 -0.04086 -0.02025 +0.06473 -0.07017 +0.00062
+0.00680 -0.06693 +0.00465 -0.00318 +0.01729 +0.02968
+0.01123 -0.00560 +0.01840 +0.09952 -0.03179 -0.01697
+0.00290 -0.08506 -0.03641 -0.02002 -0.06289 +0.05741
+0.02048 +0.00483 +0.02093 +0.06227 -0.06521 +0.06411
+0.02294 -0.07665 +0.00445 +0.04282 -0.00386 -0.01467
+0.01820 -0.04661 +0.01127 -0.01745 -0.00445 +0.02913
+0.02005 -0.07440 -0.02367 -0.02543 -0.03921 +0.01491
+0.02539 -0.09159 -0.00751 +0.03912 -0.01771 -0.01375
+0.01558 -0.10860 -0.03425 -0.06276 -0.02675 +0.05421
+0.04276 -0.08962 -0.03808 -0.00682 -0.01017 +0.06050
+0.00528 -0.03232 -0.00202 -0.06605 -0.01127 +0.06202
+0.02893 -0.03830 +0.00628 +0.12463 -0.00263 -0.03179
-0.00408 -0.05389 +0.01942 +0.03995 +0.03720 +0.00662
-0.00362 -0.07141 -0.00168 +0.01245 -0.00921 +0.01590
+0.01509 -0.06551 -0.03939 +0.03809 -0.05991 +0.04559
+0.02783 -0.01100 -0.00641 +0.14621 -0.08748 +0.00230
-0.00650 -0.04720 -0.00508 -0.00134 -0.01835 +0.05586
+0.02395 -0.04349 -0.01659 +0.18844 -0.04881 -0.01667
-0.00081 -0.04036 -0.00834 +0.11478 -0.01310 +0.00804
-0.00922 -0.09553 -0.02098 +0.04644 -0.02518 -0.02036
-0.02139 -0.09816 +0.05374 -0.03081 -0.09256 -0.05813
+0.03692 -0.15237 +0.02338 -0.02679 -0.05907 -0.08533
+0.02087 -0.10766 +0.02842 -0.01938 -0.07127 -0.06029
+0.05874 -0.10215 -0.01053 -0.00139 -0.09089 -0.02269
+0.01716 -0.07306 +0.04508 -0.05029 -0.07526 +0.03211
+0.05741 -0.09583 +0.06768 -0.00827 +0.10510 +0.03517
+0.02823 -0.08935 +0.02645 -0.03080 -0.01699 +0.01574
+0.03729 -0.07099 +0.02510 +0.05175 -0.07555 +0.00499
+0.04017 -0.08721 +0.00179 +0.00699 -0.08500 -0.02728
+0.05041 -0.13642 +0.05310 -0.00964 +0.10684 +0.01125
+0.02017 -0.04708 +0.02651 -0.00353 -0.07829 +0.03327
+0.03239 -0.02066 +0.05856 +0.07937 -0.09553 +0.00782
+0.04554 -0.05480 +0.05157 +0.03088 -0.02961 -0.03287
+0.04099 -0.07061 +0.02969 +0.02989 -0.04490 -0.02308
+0.03947 -0.07259 +0.03609 -0.03587 +0.00859 +0.03067
+0.03386 -0.04303 +0.03626 +0.06594 -0.02840 +0.02887
+0.01663 -0.04319 +0.03573 +0.08262 -0.08130 +0.01290
+0.02993 +0.00709 +0.04722 +0.05577 -0.09583 +0.07455
+0.02384 -0.11918 -0.00162 +0.02547 -0.02666 +0.01769
+0.04135 -0.06933 +0.01671 +0.04894 -0.02313 +0.05123
+0.01081 -0.03614 +0.02268 -0.01355 -0.02424 +0.10449
+0.02932 -0.06407 +0.01651 +0.03003 -0.03366 +0.03143
+0.03111 -0.09238 +0.03368 +0.06646 +0.01716 -0.00315
+0.04393 -0.02461 +0.01939 +0.05191 -0.04638 +0.01866
+0.00412 -0.13357 +0.04451 +0.04489 +0.07042 -0.05218
+0.02136 -0.08808 +0.02304 +0.00973 +0.03366 +0.06712
+0.00424 -0.08389 +0.02394 +0.01166 -0.01839 +0.02751
+0.03720 -0.10899 +0.05526 -0.00419 +0.14216 +0.05902
+0.00026 -0.12485 -0.01037 -0.04515 -0.01655 +0.04778
+0.02148 -0.11802 -0.00227 -0.05833 -0.01145 +0.04277
+0.02570 -0.09082 +0.02224 +0.03903 +0.02414 +0.04647
+0.02218 -0.06701 +0.04784 +0.08268 +0.01549 -0.00416
