  306.78139 
  307.39072 
  306.88767 
  306.68074 
  309.30624 
  308.67506 
  307.54054 
  307.95141 
  306.72308 
  306.34081 
  306.42304 
  309.31048 
  308.60160 
  308.16090 
  307.66456 
  308.58695 
  298.90487 
  296.98175 
  296.19803 
  295.87432 
  295.42227 
  294.63671 
  294.14012 
  294.43002 
  294.45893 
  293.83402 
  293.88889 
  293.18375 
  293.95269 
  295.35432 
  294.42400 
  293.60901 
  293.82333 
  293.64866 
  292.75313 
  292.92512 
  291.77788 
  291.16959 
  291.63731 
  305.20733 
  306.22503 
  305.88574 
  306.34627 
  306.78238 
  307.04222 
  300.85532 
  294.51064 
  293.43277 
  293.92101 
  293.18770 
  300.58993 
  308.13342 
  307.36920 
  307.08868 
  306.78045 
  306.48158 
  300.60721 
  293.77122 
  293.38180 
  293.21702 
  301.97079 
  307.71476 
  306.47689 
  307.49411 
  306.65185 
  306.89609 
  301.53791 
  296.18590 
  295.02430 
  295.23151 
  295.84973 
  294.88343 
  293.58303 
  293.28555 
  294.03537 
  293.46927 
  292.10155 
  292.08864 
  291.51352 
  299.10302 
  307.79525 
  306.67183 
  307.21728 
  306.68731 
  307.59630 
  307.49921 
  307.46669 
  307.31601 
  296.36419 
  295.01507 
  294.69715 
  294.58723 
  295.23646 
  294.97591 
  295.72003 
  295.01414 
  293.63033 
  293.22840 
  293.84668 
  293.16197 
  292.20559 
  293.02905 
  303.58321 
  308.33554 
  307.54538 
  307.60375 
  298.72334 
  294.90559 
  294.98077 
  294.64921 
  294.50191 
  294.10593 
  294.33358 
  294.52499 
  294.19283 
  294.25730 
  293.55243 
  303.52437 
  308.40871 
  308.56318 
  308.79148 
  308.69547 
  308.54971 
  307.90101 
  294.89159 
  294.67678 
  294.35192 
  293.80173 
  295.01902 
  294.53781 
  293.93542 
  294.39656 
  294.38764 
  294.42076 
  293.72869 
  294.07926 
  294.33531 
  294.45413 
  294.65827 
  293.32456 
  310.06267 
  309.64208 
  308.60732 
  310.34315 
  309.71428 
  309.38636 
  309.77582 
  310.16061 
  310.17712 
  310.10001 
  309.61960 
  301.48962 
  302.10479 
  305.43023 
  305.59571 
  304.80014 
  304.33944 
  303.68832 
  304.30981 
  304.30997 
  304.08947 
  302.91572 
  303.13682 
  303.43306 
  305.35039 
  304.02836 
  304.35115 
  303.68809 
  304.16439 
  303.51758 
  301.91693 
  295.38180 
  296.40331 
  295.15974 
  295.13814 
  295.60659 
  296.08687 
  297.10844 
  296.37559 
  295.49865 
  296.00439 
  295.72135 
  295.00839 
  294.31232 
  294.96656 
  310.40816 
  309.24504 
  309.05523 
  309.39291 
  308.36462 
  304.64474 
  297.75464 
  298.34995 
  297.46945 
  297.14373 
  296.35469 
  296.52112 
  296.82747 
  297.02150 
  296.99098 
  296.66898 
  296.91747 
  303.18219 
  309.51244 
  308.80726 
  309.11625 
  308.98686 
  308.79470 
  303.66240 
  297.61828 
  297.33334 
  297.67897 
  297.24810 
  295.23545 
  295.60128 
  294.81477 
  309.28087 
  309.83238 
  308.74203 
  309.07573 
  309.55957 
  308.94172 
  309.34620 
  308.81563 
  300.38665 
  298.51008 
  297.99057 
  297.86664 
  296.78182 
  296.88552 
  296.64553 
  296.33075 
  296.51027 
  303.78329 
  309.70871 
  309.31360 
  309.68705 
  309.40399 
  309.72492 
  303.33537 
  297.59901 
  297.85846 
  298.27610 
  297.10824 
  296.84334 
  296.35090 
  295.51249 
  295.54011 
  310.64911 
  312.40652 
  311.88949 
  311.34607 
  311.42236 
  311.22863 
  310.86783 
  311.80971 
  311.61531 
  310.99731 
  310.44150 
  311.50982 
  307.73421 
  296.38821 
  297.29062 
  297.96702 
  297.49168 
  298.14732 
  298.13001 
  296.95908 
  295.92015 
  296.23732 
  296.70419 
  295.79822 
  304.55823 
  308.84519 
  308.58623 
  306.04996 
  296.00548 
  303.04154 
  303.45797 
  304.10027 
