-0.06010 -0.03040 -0.08070 -0.05362 -0.02703 -0.00368
-0.05416 -0.04762 -0.02806 -0.04375 -0.03905 +0.01163
-0.05624 -0.02920 -0.04750 -0.01813 -0.03481 +0.05185
-0.05967 -0.03276 -0.03228 -0.01619 -0.05265 +0.07867
-0.05491 -0.04065 -0.09534 -0.00456 -0.02976 -0.01302
-0.06907 -0.08238 -0.06382 +0.04858 -0.06520 -0.06395
-0.06120 -0.06326 +0.00959 +0.04031 -0.10865 -0.00065
-0.06268 -0.09157 +0.05964 +0.00477 -0.02943 +0.00567
-0.06299 -0.05057 -0.07403 +0.03808 -0.01455 +0.04462
-0.06293 -0.04830 -0.07324 +0.05272 -0.07218 +0.10992
-0.06098 -0.05417 -0.02940 +0.02071 -0.00761 +0.08739
-0.05318 -0.07593 -0.03533 -0.09885 -0.14265 +0.04196
-0.07394 -0.09884 -0.13837 +0.03802 -0.04488 -0.06008
-0.06491 -0.08054 -0.04525 +0.05863 -0.12362 +0.04363
-0.05848 -0.07862 -0.02982 -0.03780 -0.05670 -0.02107
-0.06180 -0.06437 -0.09791 +0.01895 -0.07027 +0.00912
-0.10919 -0.03266 -0.02997 -0.13614 -0.02736 -0.07409
-0.07006 -0.00076 +0.02726 -0.05356 -0.08217 -0.05765
-0.05764 +0.05170 -0.06003 -0.03456 +0.00899 -0.04394
-0.05773 +0.03787 -0.01166 -0.03098 -0.01703 -0.04570
-0.05693 +0.04985 -0.08076 -0.00434 -0.09614 -0.01314
-0.06060 +0.04046 -0.02522 +0.02510 -0.03548 -0.05084
-0.05822 +0.05054 -0.07805 +0.05277 -0.02540 -0.03104
-0.05622 +0.05191 -0.05589 +0.05572 -0.00669 -0.03424
-0.05718 +0.04411 -0.07362 -0.02762 +0.00057 -0.10667
-0.05820 +0.01199 +0.02798 +0.01399 -0.05072 -0.07495
-0.05733 +0.03790 -0.03408 +0.04257 -0.04559 -0.06977
-0.05417 +0.05336 -0.05085 -0.00515 +0.01670 -0.04228
-0.05685 +0.04683 -0.03696 +0.02686 -0.03880 +0.03426
-0.06082 +0.00133 +0.08663 +0.02352 -0.04080 -0.00284
-0.05679 +0.04037 -0.03796 -0.03976 -0.08439 +0.00199
-0.05950 +0.02239 +0.00781 +0.00875 -0.10866 +0.05717
-0.05814 +0.02521 -0.01942 -0.01328 -0.04967 +0.03124
-0.06063 +0.09906 -0.07873 +0.05048 -0.11986 -0.06477
-0.05809 +0.04889 -0.00481 -0.07060 -0.04918 -0.09729
-0.06205 +0.03503 +0.08508 +0.03485 -0.12551 -0.00086
-0.05477 +0.07899 -0.05665 +0.02731 -0.04798 +0.01725
-0.05219 +0.07858 -0.04412 +0.00663 -0.07007 +0.03845
-0.06323 +0.04622 -0.03222 +0.04931 -0.06166 +0.00060
-0.01278 +0.03380 +0.03985 +0.09797 +0.09226 -0.05215
-0.04696 -0.00397 +0.02086 +0.06816 +0.03748 -0.02056
-0.05510 -0.02313 +0.01088 +0.01583 +0.06455 -0.03830
-0.06009 -0.02715 +0.03522 +0.10586 -0.04944 +0.01906
-0.06134 -0.03905 +0.04753 +0.06911 -0.02759 -0.02995
-0.05697 -0.00267 -0.09862 +0.06641 +0.09232 -0.05156
-0.08528 -0.04166 +0.14274 +0.01438 -0.15598 +0.08440
-0.07793 +0.03549 -0.09549 -0.02820 +0.02264 -0.05777
-0.05572 +0.05116 -0.02518 -0.01236 -0.01588 +0.09140
-0.05631 +0.06147 -0.05223 +0.02619 +0.06796 +0.04889
-0.05414 +0.06457 -0.03961 +0.07917 -0.01280 +0.10563
-0.03875 +0.02594 -0.03251 +0.12515 +0.05359 -0.02491
-0.03478 -0.02704 +0.01962 -0.01410 +0.14937 -0.06101
-0.05777 -0.04230 -0.10202 +0.04912 +0.02963 -0.03668
-0.06532 -0.04319 -0.06324 +0.07338 +0.05830 -0.05609
-0.05480 -0.03112 -0.04825 +0.04088 +0.08790 -0.01883
-0.05832 -0.03414 -0.00396 +0.03614 +0.04800 -0.02314
-0.07354 -0.04216 +0.13227 -0.06164 +0.02793 +0.02855
-0.07765 +0.03586 -0.05051 +0.00584 +0.02308 +0.02376
-0.05601 +0.03168 +0.03707 +0.01730 +0.04225 +0.01478
-0.05108 +0.06162 +0.01598 +0.07012 +0.07725 +0.07486
-0.03629 +0.05531 -0.13913 +0.10737 +0.10988 -0.07132
-0.03467 -0.00152 -0.05874 +0.11409 +0.03430 +0.02014
-0.05785 -0.04453 +0.03193 +0.04353 -0.00740 +0.01225
-0.05673 -0.07129 +0.08140 +0.05471 +0.05420 -0.06462
-0.05637 -0.03281 -0.03467 +0.02710 +0.05680 -0.04718
-0.05367 -0.03120 +0.01416 +0.02374 +0.01243 +0.00834
-0.07362 -0.02361 +0.04774 -0.00842 +0.02803 +0.03256
-0.08546 +0.01749 -0.00878 -0.06314 -0.01777 -0.04697
-0.05759 +0.06566 -0.00838 -0.01981 -0.03480 -0.03042
-0.05592 +0.07110 +0.01009 +0.00486 +0.05246 +0.03255
-0.06422 +0.02953 -0.02383 +0.02525 +0.00959 -0.08314
-0.06300 +0.04769 +0.11602 +0.03329 -0.07843 -0.06032
-0.05795 +0.05078 +0.12225 +0.02999 -0.11360 -0.08598
-0.05214 +0.10749 -0.03679 +0.06411 +0.04296 -0.08601
-0.06462 +0.05405 -0.01735 +0.13684 +0.02408 -0.04954
-0.05543 +0.07566 -0.00318 +0.07225 -0.07019 -0.00259
-0.05138 +0.05173 +0.10523 +0.04042 -0.00201 -0.01979
-0.05404 +0.05602 +0.05445 +0.14706 -0.09364 +0.06313
-0.04957 +0.08138 +0.00292 +0.08886 +0.00936 +0.00861
-0.03311 +0.07701 -0.17031 +0.12337 -0.05084 +0.02345
-0.03061 -0.00353 +0.06880 +0.09982 -0.05373 -0.03637
-0.05178 -0.03867 +0.05964 +0.06096 +0.04615 -0.06991
-0.06095 -0.05113 -0.06224 +0.12563 -0.00124 -0.06278
-0.05069 -0.02405 -0.05540 +0.09131 +0.02126 -0.03716
-0.05768 -0.06695 +0.06210 +0.05684 +0.09584 -0.09292
-0.05366 -0.02971 -0.05351 +0.06262 +0.03144 -0.04293
-0.05226 -0.04802 +0.01415 +0.00942 +0.11436 -0.03019
-0.05487 -0.02434 +0.00399 +0.06154 +0.10756 +0.00324
-0.08700 -0.01846 -0.00423 -0.13117 -0.14990 +0.03799
-0.06952 +0.01573 +0.08642 -0.07454 +0.01614 -0.09403
-0.06019 +0.06849 -0.07559 +0.08019 +0.02610 -0.03552
-0.05124 +0.05361 +0.06621 -0.00299 +0.00760 -0.02464
-0.05820 +0.05145 -0.02168 +0.07285 -0.00173 -0.05438
-0.05004 +0.06711 -0.02699 +0.01954 +0.04192 -0.04746
-0.06159 +0.04616 +0.07320 +0.03367 -0.11134 +0.00398
-0.05957 +0.06912 +0.06360 -0.02102 +0.00404 -0.14727
-0.05535 +0.09700 -0.01027 -0.00158 -0.02432 -0.03243
-0.05426 +0.08752 +0.07158 +0.01171 -0.00716 -0.05683
-0.05991 +0.09585 -0.03691 +0.03765 +0.01028 -0.02433
-0.05542 +0.10695 -0.01827 +0.05420 -0.01731 +0.02772
-0.05720 +0.06695 -0.01930 -0.10719 +0.06020 -0.03721
-0.05330 +0.06918 +0.02992 +0.03356 -0.01826 +0.02075
-0.03063 +0.01529 +0.03107 +0.09500 -0.01024 -0.04403
-0.03787 -0.00187 +0.04204 +0.05382 +0.02226 -0.04610
-0.04998 -0.02210 +0.01019 +0.01348 +0.04338 -0.05432
-0.05900 -0.04275 +0.05543 +0.02754 -0.00824 -0.05524
-0.07588 -0.00237 +0.13096 +0.02717 -0.11682 +0.08240
-0.07609 +0.04110 +0.00480 -0.06166 -0.03201 +0.01910
-0.05517 +0.05374 +0.08917 -0.01643 +0.06008 -0.01388
-0.05449 +0.07531 +0.06641 -0.02011 +0.09252 -0.11132
-0.05544 +0.10125 -0.00651 +0.03621 -0.01530 -0.05993
-0.05629 +0.09661 +0.01552 +0.02954 +0.03454 +0.01149
-0.05466 +0.10623 -0.04545 +0.03288 -0.04076 +0.04399
-0.06608 +0.06677 +0.02070 -0.00509 -0.01537 -0.07741
-0.05902 +0.08395 +0.02745 +0.04790 -0.03585 -0.00715
-0.05942 +0.06747 +0.06844 +0.03359 -0.04118 +0.00082
-0.06849 +0.05941 -0.02221 +0.10413 -0.03804 -0.03143
-0.02799 +0.03182 -0.00363 +0.15657 +0.08503 -0.10144
-0.02829 -0.00982 -0.00082 +0.05326 +0.06250 +0.08602
-0.06276 -0.07375 +0.06167 +0.07004 -0.05288 +0.01850
-0.05521 -0.03542 -0.02836 +0.04939 +0.06043 -0.02274
-0.06859 -0.07535 -0.01822 +0.08555 -0.03169 -0.00677
-0.05364 -0.06367 +0.05119 +0.02494 +0.09507 -0.01995
-0.05640 -0.04767 +0.01321 +0.00024 +0.09162 -0.05020
-0.10685 +0.03376 -0.03584 -0.10978 -0.08526 -0.09251
-0.05816 +0.07613 +0.06927 -0.00673 -0.00431 +0.03196
-0.05307 +0.09901 -0.03290 +0.01410 -0.03102 +0.04891
-0.05704 +0.07704 +0.01568 -0.04642 -0.03927 -0.02101
-0.05901 +0.06309 +0.04180 -0.02023 +0.05994 -0.01701
-0.05843 +0.07240 +0.05014 -0.03725 +0.00629 +0.01661
-0.05800 +0.09471 -0.08071 +0.03770 -0.01381 +0.05933
-0.05985 +0.04455 +0.11821 -0.02184 +0.04323 +0.04082
-0.05963 +0.05104 +0.08312 +0.00497 -0.07935 +0.03116
-0.05945 +0.06632 +0.08849 -0.02892 +0.00085 -0.01415
-0.05656 +0.05984 +0.03653 -0.04272 +0.07867 +0.02331
-0.05854 +0.08623 -0.01311 -0.02729 -0.01975 -0.00844
-0.05783 +0.05884 +0.06816 -0.01485 -0.06165 +0.04217
-0.05744 +0.08199 +0.03176 -0.04082 +0.02754 +0.02724
-0.05507 +0.09559 -0.01737 +0.01516 +0.03212 +0.03903
-0.06165 +0.08206 -0.00641 -0.01247 +0.03914 +0.02511
+0.00000 +0.00000 +0.00000 +0.00000 +0.00000 +0.00000
-0.05399 -0.05987 +0.03166 -0.02009 -0.02704 -0.05568
-0.05757 -0.07746 +0.04848 +0.03879 +0.03078 -0.05162
-0.04969 -0.08782 -0.02217 +0.02045 +0.00594 -0.02678
-0.05457 -0.09785 -0.00049 -0.03550 -0.02052 +0.06932
-0.06111 -0.09933 -0.01661 -0.04259 +0.03813 +0.04288
-0.06171 -0.10023 -0.01154 -0.01397 -0.06059 +0.05472
-0.06063 -0.07958 -0.06735 +0.00190 +0.00870 +0.02206
-0.06360 -0.10318 +0.03083 +0.06504 -0.05917 +0.07620
-0.06195 -0.08995 -0.07694 +0.04829 +0.03169 +0.01141
-0.06150 -0.08945 -0.04108 -0.01714 -0.05585 +0.05873
-0.10029 -0.04069 -0.11351 -0.11630 -0.01235 +0.08398
-0.06367 -0.01010 -0.03563 -0.00544 +0.04179 +0.14514
-0.04897 -0.04663 -0.08265 -0.13387 +0.01362 +0.04967
-0.06676 -0.05740 -0.08974 -0.06401 +0.04180 -0.01988
-0.06116 -0.06036 +0.03397 -0.02010 +0.04192 +0.04875
-0.06251 -0.03371 -0.11766 -0.03434 +0.04415 +0.04809
-0.05726 -0.03807 -0.08662 -0.03353 +0.08178 +0.07140
-0.05697 -0.03175 -0.03728 -0.03518 +0.04558 +0.06607
-0.06126 -0.07457 +0.04422 -0.02949 +0.16083 -0.00127
-0.06156 -0.06509 +0.04344 +0.02429 -0.01824 +0.08671
-0.05129 -0.03621 -0.03506 +0.00754 +0.08542 +0.15025
-0.05908 -0.03992 -0.09295 -0.03795 +0.10832 +0.05249
-0.05531 -0.03117 -0.02344 -0.05273 +0.08972 +0.11952
-0.05361 -0.06889 -0.02995 -0.12540 +0.05241 +0.06214
-0.06356 -0.08752 +0.08326 -0.02497 +0.05175 +0.07675
-0.05390 -0.05174 +0.02705 -0.03260 +0.10959 +0.04625
-0.05909 -0.05048 -0.00108 -0.02093 +0.09713 +0.05294
-0.05741 -0.04108 +0.00173 +0.01367 +0.08971 +0.02822
-0.05432 -0.03361 -0.03964 -0.00579 +0.07732 +0.12157
-0.06559 -0.01029 -0.09067 -0.00318 +0.06954 +0.07814
-0.08648 -0.04426 +0.07168 -0.09627 -0.09615 -0.08688
-0.06135 +0.03057 -0.08820 +0.03144 +0.02943 -0.01181
-0.05575 +0.02154 +0.00442 -0.01025 -0.05938 +0.00471
-0.05325 +0.05133 -0.03155 +0.00296 +0.03117 +0.05963
-0.05621 +0.04879 -0.01639 +0.03908 -0.01002 +0.09936
-0.05658 +0.03925 -0.02141 -0.04686 +0.00894 +0.04312
-0.06333 +0.02527 +0.06816 -0.02725 +0.07980 +0.03298
-0.06282 +0.01890 +0.04721 -0.00766 -0.02850 +0.03808
-0.06192 +0.05927 -0.08179 -0.00866 +0.04109 +0.00100
-0.05824 +0.03205 +0.03179 -0.02851 -0.08895 +0.08256
-0.06025 +0.00708 +0.13161 -0.01971 -0.06017 +0.06701
-0.06002 +0.05289 -0.06265 -0.00784 +0.01069 +0.01442
-0.05221 +0.06132 -0.02663 -0.05162 +0.05684 +0.10761
-0.06456 +0.03798 -0.06260 +0.01877 -0.01186 +0.05874
-0.01215 +0.02316 +0.03184 +0.12219 +0.04597 +0.02702
-0.05405 -0.03324 +0.03323 -0.03872 +0.01726 +0.01252
-0.06065 -0.04194 +0.03053 -0.01165 +0.08479 +0.00570
-0.05594 -0.00639 -0.01852 -0.02139 +0.08349 +0.01256
-0.05983 -0.01431 -0.03832 +0.02613 +0.05107 +0.07502
-0.06712 -0.00909 -0.14856 +0.01155 -0.00353 +0.08762
-0.10100 -0.02835 -0.02389 -0.22454 +0.02428 -0.03333
-0.06048 +0.02179 -0.02104 -0.06529 +0.00105 +0.00518
-0.06054 +0.01763 +0.07040 -0.03466 -0.03855 +0.04076
-0.05988 +0.03567 -0.09789 +0.03113 +0.04753 +0.00205
-0.05333 +0.04582 -0.04466 -0.02285 +0.04464 +0.09485
-0.05910 +0.02271 +0.00038 -0.03338 +0.07997 +0.08480
-0.05737 +0.04626 -0.03158 -0.00413 +0.03579 +0.02637
-0.05760 +0.05042 -0.08686 -0.03062 -0.04124 +0.10269
-0.06102 +0.01549 +0.03163 -0.03813 +0.07508 -0.02588
-0.05864 +0.03134 -0.02364 +0.01215 +0.01517 +0.07792
-0.06346 +0.02523 +0.01313 +0.04429 +0.03539 +0.03723
-0.03892 +0.00967 +0.02579 +0.10982 +0.12175 -0.00130
-0.03256 +0.01498 +0.03093 +0.08562 +0.04519 +0.05808
-0.05818 -0.04200 +0.02793 +0.01478 +0.07756 -0.00238
-0.05885 -0.04155 +0.01989 -0.01587 +0.03888 -0.00162
-0.05860 -0.03176 +0.02161 +0.01743 +0.08401 -0.01761
-0.05348 -0.02377 -0.00038 +0.02188 +0.07721 +0.10468
-0.06912 -0.02949 -0.00133 -0.04121 +0.04480 +0.03466
-0.09546 -0.00257 +0.00852 -0.13643 -0.03702 -0.02349
-0.05634 +0.06096 -0.03001 +0.00584 -0.04269 +0.10806
-0.06607 +0.00813 +0.00729 +0.01723 -0.05446 +0.01464
-0.06054 -0.00869 +0.12742 -0.02317 +0.10697 +0.03000
-0.05673 +0.03379 +0.03170 -0.01212 +0.02528 +0.04079
-0.05227 +0.04125 +0.03668 -0.02903 +0.04736 +0.00937
-0.05405 +0.05809 -0.00959 +0.01811 +0.04278 +0.07913
-0.02314 -0.00065 +0.00839 +0.01299 +0.06469 -0.08994
-0.05005 -0.05197 +0.12906 +0.06080 -0.11337 +0.01016
-0.05738 -0.05948 +0.09913 +0.01926 -0.01212 -0.03585
-0.05808 -0.04327 +0.04722 +0.03042 -0.03972 -0.00358
-0.05743 -0.02689 +0.00930 +0.02800 +0.02306 -0.05684
-0.05718 -0.06030 +0.09342 -0.00618 +0.08738 -0.07756
-0.05517 -0.03661 +0.03215 -0.04010 +0.06378 -0.03837
-0.05868 -0.03924 +0.06505 +0.02143 +0.04211 -0.04131
-0.08907 -0.04641 +0.06951 -0.10526 +0.08553 -0.02692
-0.07599 +0.02276 -0.05979 -0.11167 +0.06282 -0.08910
-0.05983 +0.02772 +0.02447 -0.04038 -0.06672 +0.09693
-0.05752 +0.03137 +0.04237 -0.09267 +0.03279 +0.00986
-0.05681 +0.04562 -0.00148 -0.04383 +0.06213 +0.10988
-0.06318 +0.00120 +0.13349 -0.04510 -0.04853 +0.05619
-0.05912 +0.03374 +0.05446 -0.01712 +0.02934 -0.00492
-0.05402 +0.03357 +0.05071 -0.07464 +0.05662 +0.05942
-0.05441 +0.05627 -0.00407 -0.04872 +0.04815 +0.07739
-0.03779 +0.05328 -0.12804 +0.05241 -0.00885 -0.00046
-0.04160 -0.04592 +0.09115 +0.03764 +0.03125 -0.02387
-0.06095 -0.05715 +0.08770 +0.06711 -0.04042 +0.02571
-0.06103 -0.04695 +0.01793 +0.03330 +0.03135 -0.04563
-0.06046 -0.03470 -0.00331 +0.06697 -0.00486 -0.01338
-0.05781 -0.07030 +0.04215 +0.03043 -0.02756 +0.00714
-0.08250 -0.03038 +0.12724 -0.04257 +0.01353 -0.03837
-0.08087 +0.03906 -0.02591 -0.04980 -0.01819 +0.00467
-0.05604 +0.04744 -0.00537 -0.09747 +0.05541 +0.04969
-0.06144 +0.05524 -0.00285 -0.12531 +0.07574 -0.05723
-0.06122 +0.06361 +0.00973 -0.06356 -0.00744 -0.02051
-0.06329 +0.03830 +0.05867 -0.04119 +0.02664 +0.01881
-0.06494 +0.01495 +0.10359 +0.03089 +0.00388 -0.00070
-0.05390 +0.04947 +0.02709 -0.01427 +0.00819 +0.00339
-0.05486 +0.06245 +0.01170 -0.02459 +0.05071 +0.02367
-0.00241 -0.02537 +0.07063 +0.13475 +0.08689 -0.03327
-0.04631 -0.11765 +0.05698 +0.08190 -0.00140 +0.04489
-0.06015 -0.12830 +0.06374 +0.03083 -0.00590 +0.02183
-0.06105 -0.12840 +0.07549 +0.07365 -0.02977 +0.01266
-0.05771 -0.10534 -0.04454 +0.06377 -0.01363 -0.02801
-0.06335 -0.09093 -0.06441 +0.03241 -0.01310 +0.01148
-0.06049 -0.10774 +0.02403 +0.06159 -0.08270 +0.12685
-0.06713 -0.11852 -0.02379 +0.12366 -0.04246 +0.03380
-0.05663 -0.11710 -0.00080 -0.01243 -0.03343 +0.05456
-0.06311 -0.11819 -0.05122 +0.05043 -0.03330 +0.04715
-0.06008 -0.09465 -0.02940 +0.02459 -0.02410 +0.07155
-0.05624 -0.13290 +0.03944 -0.03277 -0.02132 +0.01765
-0.07101 -0.11966 +0.04146 +0.01745 +0.00532 +0.02041
-0.13374 -0.04225 +0.00808 -0.16671 +0.02268 -0.25119
-0.05367 +0.06079 +0.01155 -0.02535 +0.00151 -0.07471
-0.05793 +0.06749 +0.00363 +0.04703 -0.07849 -0.03723
-0.05530 +0.07532 +0.01936 -0.02117 -0.08174 +0.04058
-0.05678 +0.08761 -0.02922 -0.02458 -0.05177 +0.04675
-0.06228 +0.04101 +0.07519 -0.04860 +0.06938 -0.11545
-0.06350 +0.07804 -0.06055 +0.03411 -0.01903 -0.06460
-0.05371 +0.06270 +0.04122 +0.01073 -0.02291 +0.04159
-0.05710 +0.07764 +0.03650 -0.01458 -0.08499 -0.01586
-0.05828 +0.05769 +0.04602 +0.05758 -0.08138 -0.00903
-0.05880 +0.07826 -0.01450 +0.00435 -0.05345 -0.06549
-0.03109 +0.04078 +0.03776 +0.16946 +0.00957 -0.01664
-0.03590 +0.02539 +0.03543 +0.02354 -0.03002 +0.00738
-0.05893 -0.03086 +0.06812 +0.00947 +0.07781 -0.08600
-0.06568 -0.01296 -0.09798 +0.10918 +0.08476 -0.08839
-0.08967 -0.12432 -0.20185 -0.21650 -0.15554 -0.23993
-0.02687 -0.10928 -0.11396 +0.07639 -0.08638 -0.15486
-0.04420 -0.13325 -0.07156 +0.06706 -0.11074 -0.10553
-0.04749 -0.14346 +0.00585 +0.05760 -0.06848 -0.12760
