  339.93957 
  339.80760 
  339.38235 
  339.36289 
  351.69049 
  351.25663 
  350.57459 
  350.39791 
  350.36278 
  350.74317 
  350.52268 
  351.06929 
  351.11462 
  350.79449 
  351.36340 
  351.41618 
  351.16818 
  351.02224 
  342.45209 
  340.36445 
  341.07201 
  340.80842 
  341.91287 
  341.74863 
  349.75780 
  355.30190 
  352.74150 
  353.00878 
  352.65021 
  352.79542 
  352.70220 
  352.43788 
  352.38290 
  352.84436 
  352.62095 
  352.74165 
  352.03628 
  352.12476 
  351.98163 
  352.06697 
  352.22513 
  344.61151 
  340.91976 
  342.93830 
  342.40039 
  342.03699 
  341.69567 
  342.16073 
  342.29765 
  341.33168 
  341.79068 
  342.31289 
  342.55234 
  341.84150 
  341.84605 
  342.51490 
  341.94978 
  342.62818 
  342.32413 
  341.97875 
  341.46798 
  341.44474 
  347.12702 
  351.86014 
  350.32092 
  350.89618 
  351.25297 
  350.77084 
  351.37057 
  349.94683 
  350.94526 
  351.17123 
  350.71816 
  350.47811 
  350.82458 
  350.60131 
  350.70506 
  345.38973 
  340.06313 
  340.79423 
  340.71843 
  341.37018 
  341.01662 
  340.70879 
  340.36307 
  340.71382 
  351.65977 
  352.93051 
  353.48813 
  352.49847 
  351.74240 
  352.18889 
  352.28066 
  352.98166 
  352.58442 
  352.53836 
  346.98796 
  348.60697 
  351.63990 
  352.18760 
  352.03710 
  352.27334 
  342.59254 
  341.28921 
  342.77237 
  342.78317 
  342.64254 
  342.94924 
  342.86232 
  342.63199 
  343.07740 
  342.60611 
  342.54981 
  341.80811 
  342.18763 
  342.78945 
  352.51708 
  350.98355 
  351.00858 
  349.98260 
  350.88531 
  350.97149 
  351.47320 
  351.58392 
  350.36578 
  351.12486 
  351.03150 
  345.40877 
  341.80830 
  342.56042 
  342.55175 
  342.59587 
  342.14977 
  341.89957 
  341.82224 
  349.06950 
  352.24505 
  351.12598 
  351.05793 
  350.69016 
  350.58910 
  350.56514 
  341.72805 
  341.39781 
  341.78112 
  341.87628 
  341.63754 
  341.17621 
  341.91551 
  342.18959 
  342.19846 
  353.84091 
  351.34981 
  351.05763 
  351.61105 
  351.14072 
  350.77450 
  343.70801 
  341.69678 
  342.65635 
  343.35217 
  342.49553 
  342.56363 
  341.68441 
  342.10763 
  342.05198 
  342.29065 
  343.13257 
  342.67480 
  343.19007 
  340.68558 
  340.39110 
  340.95685 
  340.20460 
  340.38997 
  340.21031 
  339.49760 
  339.60422 
  340.52299 
  339.69640 
  340.03519 
  340.44323 
  340.72247 
  340.01588 
  358.40451 
  354.68591 
  353.58173 
  352.79399 
  352.54011 
  353.00828 
  353.69851 
  339.84688 
  351.96555 
  350.88518 
  351.49844 
  351.85085 
  352.61593 
  343.91847 
  342.32202 
  343.52791 
  343.66760 
  344.00531 
  343.67616 
  342.67437 
  340.78008 
  341.84308 
  340.51705 
  340.34285 
  340.79049 
  340.56168 
  340.59948 
  340.01677 
  340.56516 
  340.20030 
  340.09302 
  340.08392 
  340.03979 
  347.20943 
  352.96909 
  351.57303 
  351.17626 
  350.77876 
  351.36766 
  339.76134 
  341.71342 
  342.54239 
  342.74019 
  342.61768 
  340.48821 
  340.88507 
  340.07295 
  340.77068 
  340.44693 
  340.02818 
  340.86346 
  340.21610 
  347.34280 
  353.04650 
  351.86646 
  352.27494 
  351.30480 
  351.33964 
  351.79687 
  351.61816 
  351.34377 
  351.89779 
  351.58497 
  351.76734 
  350.95483 
  351.62517 
  346.47993 
  342.48072 
  344.04252 
  343.32293 
  342.69011 
  343.05615 
  343.36148 
  342.97642 
  342.82812 
  345.73541 
  350.65620 
  349.94763 
  348.85715 
  348.41513 
  349.52292 
  350.29188 
  350.48446 
  350.55456 
  351.01801 
  350.74725 
  350.95536 
  350.56557 
  345.59003 
  340.72997 
  341.84567 
  342.45445 
  342.72478 
  342.38095 
  342.25538 
  341.88235 
