-0.04522 -0.04345 +0.01085 -0.00878 +0.02323 +0.05392
-0.05582 -0.03638 -0.02884 +0.03089 +0.07608 -0.00856
-0.05120 -0.03782 -0.08668 -0.04530 +0.04608 +0.05691
-0.03446 -0.04721 -0.08380 -0.03281 +0.04788 -0.01862
-0.12579 +0.12184 -0.02694 -0.01749 +0.01443 -0.06309
-0.04075 +0.02471 -0.07876 -0.02625 +0.07116 +0.03206
-0.00216 -0.00596 -0.10008 +0.00752 +0.07186 +0.03662
+0.00980 -0.01878 -0.04337 -0.00297 +0.07610 +0.01453
+0.01899 -0.02580 -0.06826 -0.04783 +0.09251 -0.02195
+0.00205 -0.01086 -0.02196 +0.01221 +0.08020 -0.03674
+0.00779 -0.00913 -0.01443 +0.03067 +0.10710 -0.00959
+0.00929 -0.01521 -0.03733 -0.02386 +0.07298 -0.00612
+0.00971 -0.00833 -0.04226 +0.01585 +0.05391 -0.06718
+0.01795 -0.03000 -0.02181 -0.08905 +0.12186 +0.01422
+0.00275 -0.01189 -0.03812 -0.01678 +0.06392 -0.02630
+0.01858 -0.01610 +0.03244 -0.05600 +0.16392 +0.03274
+0.00677 -0.00854 -0.02914 -0.02604 +0.07979 -0.04023
+0.00838 -0.01531 -0.01117 -0.02053 +0.07804 -0.03365
+0.03985 -0.09092 -0.12010 -0.07812 -0.11201 -0.12207
+0.01249 -0.14722 +0.04594 +0.01550 +0.03789 -0.05978
-0.08166 -0.04547 -0.01241 -0.01002 +0.03473 -0.00009
-0.08323 -0.04270 -0.01596 -0.04056 +0.06409 +0.09399
-0.04383 -0.06619 +0.07941 -0.10468 +0.04397 +0.01101
-0.06704 -0.04957 -0.00723 +0.01289 -0.02431 +0.02844
-0.08073 +0.05409 +0.02969 -0.13062 -0.04409 -0.07818
-0.09216 +0.14606 +0.03649 +0.04722 +0.12248 +0.02767
+0.03293 +0.00620 -0.06597 +0.02309 +0.05277 +0.05742
+0.03954 -0.00459 -0.07271 +0.04606 +0.02065 +0.10760
+0.05775 -0.01343 -0.03047 +0.06592 +0.04785 +0.09855
+0.07697 -0.03173 -0.09922 -0.09432 +0.00751 +0.06121
+0.04954 -0.01034 -0.05441 +0.03557 +0.06357 +0.07241
+0.07328 -0.02486 -0.07259 -0.06006 -0.00448 +0.08082
+0.05185 -0.00472 -0.15795 -0.06846 -0.02141 +0.11214
+0.06051 -0.01339 -0.13168 -0.07192 +0.01151 +0.07480
+0.07039 -0.01805 -0.02547 +0.06450 +0.00601 +0.06918
+0.05637 -0.00770 -0.02863 +0.04816 +0.03228 +0.05441
+0.08433 -0.02991 -0.01424 -0.04390 +0.02248 +0.09117
+0.06416 +0.00088 -0.09541 +0.00261 +0.03389 +0.07861
+0.04205 +0.01434 -0.11203 -0.02433 -0.03198 +0.11915
+0.06665 -0.00336 -0.11301 -0.01704 +0.02955 +0.08296
+0.07133 -0.00649 -0.03990 -0.04927 +0.00949 +0.07145
+0.09314 -0.13104 -0.13824 -0.02555 +0.01891 +0.06454
+0.11965 -0.26199 -0.02304 -0.18966 -0.09535 -0.01183
-0.09722 -0.03334 +0.05283 +0.03331 -0.04715 +0.04985
-0.08710 -0.05431 -0.03048 -0.00198 -0.00470 +0.08837
-0.06936 -0.05357 -0.02756 +0.02637 +0.03042 +0.01369
-0.08644 -0.04856 -0.05439 -0.01544 +0.00424 +0.07164
-0.07307 -0.04602 -0.01635 +0.03716 +0.02046 -0.07584
-0.04396 -0.07875 +0.02740 -0.06559 -0.07783 +0.05190
-0.07277 -0.05675 -0.02548 -0.02646 +0.00973 +0.07109
-0.05387 -0.06706 -0.00104 -0.09563 -0.06685 +0.05899
-0.05352 -0.07043 +0.04210 -0.08263 -0.05814 +0.10049
-0.05565 -0.07010 -0.00218 -0.00273 -0.03219 +0.01940
-0.06670 -0.05815 +0.00174 -0.01531 +0.03630 +0.03764
-0.06646 -0.05426 -0.00515 -0.01566 +0.02780 +0.12920
-0.06797 -0.06685 -0.01761 -0.04720 +0.01808 +0.01943
-0.06965 -0.05049 -0.01376 +0.01618 +0.06293 +0.02348
-0.03610 -0.06866 +0.10603 +0.01452 -0.03896 -0.03140
-0.05314 -0.06587 -0.03308 -0.07439 -0.10061 -0.01027
-0.07416 -0.04009 +0.03650 +0.02853 +0.10405 +0.00697
-0.06608 -0.04402 -0.07012 +0.00628 +0.02237 +0.02095
-0.08099 -0.03509 -0.01849 +0.00746 +0.06461 +0.06305
-0.11293 +0.06644 -0.05432 +0.07072 +0.09788 -0.08510
-0.05276 +0.05150 +0.02107 -0.01875 +0.02326 -0.06376
-0.02076 +0.00304 -0.01536 -0.00965 +0.04487 +0.05722
-0.01237 -0.00539 -0.02860 -0.02650 -0.02657 +0.06508
+0.00821 -0.02317 +0.11550 +0.01813 +0.03819 +0.02147
-0.01877 +0.00367 -0.03393 +0.01401 +0.05020 +0.07064
-0.00278 -0.01336 -0.00200 -0.03313 +0.07375 -0.03918
+0.00278 -0.01757 -0.04207 -0.02115 +0.06235 +0.04121
+0.01649 -0.02078 +0.03147 -0.08355 +0.10196 +0.03333
-0.00038 -0.01459 +0.07275 +0.02585 +0.03218 +0.04748
-0.00940 -0.00635 -0.02351 -0.00590 +0.06301 +0.04270
+0.00170 -0.00448 -0.07296 -0.01814 +0.05822 +0.00413
-0.00236 -0.00959 -0.00227 -0.01396 +0.01508 -0.02967
+0.01704 -0.02000 +0.01294 -0.06901 +0.06953 +0.00800
-0.01230 +0.00174 +0.02068 +0.02571 +0.01948 +0.09389
+0.03734 -0.11060 +0.02327 +0.01469 +0.06106 -0.04540
+0.03252 -0.16026 -0.00683 -0.07874 -0.03317 +0.08430
-0.06562 -0.04999 -0.02001 -0.08236 +0.01841 +0.02861
-0.06936 -0.03002 -0.05321 -0.02526 -0.00916 +0.00661
-0.05893 -0.04317 -0.03167 -0.07348 +0.02945 +0.02883
-0.05222 -0.04381 +0.00049 -0.02999 +0.03112 +0.01562
-0.08444 -0.02233 -0.04198 -0.00444 -0.00113 +0.12675
-0.04934 -0.04456 -0.02092 +0.00747 +0.04970 +0.05714
-0.06815 -0.04203 -0.01428 -0.02010 +0.05635 +0.04776
-0.11918 +0.14221 -0.07876 -0.02436 -0.12354 -0.07905
-0.03847 +0.10979 -0.09138 +0.06123 -0.01135 -0.01355
+0.04432 +0.03507 -0.00135 -0.01856 -0.04871 +0.01029
+0.05504 +0.02182 -0.01868 +0.01296 +0.07911 -0.03412
+0.08706 -0.01164 +0.04599 +0.04485 +0.04454 +0.04356
+0.06473 +0.01293 -0.00666 +0.00484 -0.01824 -0.03945
+0.05239 +0.02318 -0.09858 +0.04846 +0.09829 +0.04823
+0.09663 -0.01649 -0.01372 -0.04788 -0.06480 +0.02093
+0.06099 +0.01555 -0.04431 -0.00474 +0.08639 +0.03640
+0.06050 +0.02137 -0.04684 +0.02913 +0.02468 +0.08754
+0.11666 -0.05370 -0.14008 +0.21389 +0.13000 -0.10395
+0.18240 -0.07022 -0.02433 +0.22311 -0.13343 +0.00404
+0.00180 +0.09462 +0.00284 +0.13606 +0.03725 -0.03505
+0.02255 +0.07827 -0.01964 +0.08843 -0.09802 -0.00096
+0.03406 +0.06883 -0.05549 +0.08058 -0.05893 +0.01091
+0.02454 +0.07753 -0.10023 +0.05244 -0.04300 +0.01472
+0.03679 -0.04373 -0.00866 +0.13693 +0.11239 -0.14487
+0.02603 -0.10570 +0.02805 -0.00287 -0.10397 -0.12326
-0.07034 -0.01439 -0.07685 +0.01988 -0.03228 -0.10838
-0.04518 -0.03750 -0.06209 -0.06167 -0.04434 -0.11962
-0.05523 -0.02541 -0.02302 +0.05979 +0.05910 -0.08101
-0.05138 -0.04021 -0.03507 -0.03822 +0.00767 -0.07440
-0.05610 -0.02635 -0.00467 +0.05206 +0.02260 -0.10453
-0.05323 -0.02953 -0.12318 -0.07564 +0.04306 -0.01840
-0.03045 -0.05717 -0.13643 -0.12374 -0.08421 -0.05808
-0.04335 -0.03151 -0.03543 +0.00452 +0.07018 -0.05886
-0.03410 -0.04745 -0.07926 -0.10365 -0.03777 +0.02553
-0.04964 -0.03624 -0.05316 -0.00347 +0.10921 -0.05488
-0.04416 -0.04363 -0.01416 -0.02536 +0.08747 +0.01585
-0.03980 -0.03280 -0.04514 -0.03614 +0.05206 -0.09541
-0.10527 +0.13089 -0.03436 -0.06822 -0.08110 -0.04175
+0.00179 +0.01655 -0.05983 -0.05136 -0.03591 -0.07042
+0.01954 +0.00323 -0.03975 -0.09117 +0.03872 -0.08657
+0.01533 +0.00169 -0.07775 -0.12003 -0.01762 -0.04176
+0.00414 +0.01176 -0.00014 -0.00467 +0.03007 -0.08588
+0.01368 -0.00249 +0.00998 -0.01145 +0.04979 -0.04776
+0.01468 +0.01073 -0.02053 +0.00641 -0.02515 -0.08705
+0.03360 -0.02548 +0.01879 +0.00311 +0.09340 -0.04927
+0.01023 +0.01065 -0.07341 +0.00098 +0.08748 -0.04520
+0.05071 -0.02834 +0.07115 -0.09279 +0.00895 -0.06347
+0.00378 +0.00933 -0.01551 -0.00801 +0.05561 -0.05886
+0.05658 -0.09598 -0.06072 -0.07439 -0.00423 -0.05079
+0.06218 -0.14965 +0.12075 +0.02862 -0.00632 -0.11150
-0.07038 -0.02743 +0.07935 +0.05354 +0.04417 -0.05018
-0.05835 -0.03955 -0.09679 -0.08176 -0.01808 -0.06653
-0.07199 -0.01853 -0.07673 +0.06589 +0.08613 -0.11638
-0.04033 -0.04896 -0.06276 -0.00603 +0.07865 -0.04278
-0.06195 -0.02660 -0.01581 +0.03510 +0.11347 -0.01212
-0.05970 -0.03619 -0.00862 +0.00960 +0.09183 +0.06163
-0.06223 +0.05512 -0.04915 -0.11359 -0.06961 -0.15882
-0.04532 +0.05458 -0.03685 -0.03985 +0.04254 -0.09874
+0.00502 -0.00197 -0.03440 +0.00855 -0.01504 -0.08988
+0.00725 -0.00257 +0.01180 -0.01114 +0.06562 -0.06600
+0.00415 -0.00810 -0.03130 -0.03889 +0.04384 -0.04159
+0.00000 +0.00000 +0.00000 +0.00000 +0.00000 +0.00000
+0.01425 -0.00602 -0.00319 -0.06246 +0.03963 -0.01400
+0.07969 -0.15724 +0.00824 -0.00356 -0.01223 -0.04273
-0.01847 -0.08307 +0.02272 -0.02545 +0.02882 +0.02398
-0.02733 -0.06357 +0.06478 -0.05190 +0.08934 -0.00401
-0.05384 -0.04207 +0.04646 +0.01821 -0.00147 -0.00006
-0.04971 -0.04895 +0.05214 +0.01852 +0.07295 +0.02249
-0.04487 -0.05125 +0.00027 -0.02084 +0.03983 +0.03088
-0.02797 -0.05329 -0.00010 -0.05460 +0.09971 +0.00423
-0.04351 -0.04123 +0.04924 +0.03711 +0.02329 +0.00158
-0.06114 -0.02049 -0.09301 -0.01899 +0.05360 -0.01173
-0.11995 +0.12902 -0.13204 -0.05331 +0.01436 -0.04392
+0.00531 -0.00299 -0.08557 -0.04490 +0.00080 -0.03490
+0.01057 -0.00198 -0.03176 -0.00423 -0.06543 -0.02819
+0.00687 -0.00335 -0.09187 -0.06581 -0.04584 -0.06125
+0.00533 +0.00591 -0.02832 +0.00003 +0.02224 -0.02850
+0.00239 +0.01326 -0.09049 -0.00184 +0.07076 -0.02514
+0.08438 -0.14725 -0.03641 -0.02980 +0.07757 -0.07853
+0.00274 -0.09163 -0.04590 +0.01959 +0.03779 -0.04292
-0.04698 -0.03063 -0.09182 -0.07721 +0.00128 +0.01458
-0.05219 -0.03829 -0.00845 +0.00144 +0.10522 +0.04096
-0.04892 -0.03057 -0.09471 -0.04836 -0.02073 +0.06746
-0.02477 -0.04558 -0.05871 -0.03005 +0.05979 +0.00758
-0.06362 -0.01755 -0.07636 -0.03292 +0.02129 +0.12035
-0.02196 -0.04982 -0.12416 -0.07450 -0.02355 -0.00667
-0.04424 -0.02932 -0.07647 -0.02493 +0.02983 +0.08662
-0.04714 -0.03840 +0.02268 +0.00654 +0.09121 +0.01887
-0.02232 -0.03695 -0.06253 +0.02892 +0.00278 -0.03767
-0.03222 -0.03541 -0.06398 +0.02492 +0.08360 +0.00290
-0.03068 -0.04336 -0.02847 +0.00412 +0.04976 +0.00854
-0.04432 -0.08598 +0.01575 -0.07481 -0.10163 -0.09057
-0.09004 -0.02575 +0.01581 +0.00555 +0.02536 -0.10111
-0.07513 -0.03778 -0.08935 -0.11931 -0.11946 -0.04063
-0.09400 -0.02411 -0.03149 +0.01825 -0.03368 -0.04698
-0.08137 -0.00585 -0.16278 +0.08276 +0.02716 -0.08739
-0.06767 -0.05165 -0.03931 +0.00243 +0.01704 +0.00694
-0.06852 -0.03272 -0.05756 +0.02293 +0.03701 -0.01666
-0.08076 -0.01624 -0.03103 +0.03345 +0.09484 -0.00595
-0.05561 -0.05561 -0.00914 -0.01207 +0.00106 -0.04277
-0.06694 -0.04401 +0.02069 +0.03461 +0.04317 +0.01839
-0.05994 -0.04303 +0.04980 +0.03218 +0.08596 +0.06376
-0.05619 -0.05306 -0.02556 -0.03692 +0.02465 -0.00251
-0.04800 -0.05306 +0.12623 +0.05644 +0.04085 +0.01399
-0.06346 -0.04010 +0.00017 +0.05565 +0.05927 -0.01744
-0.15789 +0.26694 +0.00309 -0.04357 +0.12178 -0.07670
+0.02449 +0.06389 -0.04086 +0.07189 +0.06858 -0.03805
+0.06633 +0.01934 -0.04048 +0.00523 +0.05681 +0.03870
+0.09252 -0.00449 -0.05637 +0.02879 +0.08174 +0.03873
+0.08916 -0.00344 -0.08884 -0.04496 +0.07883 +0.03443
+0.07784 +0.00613 -0.02937 +0.03079 +0.08356 +0.02509
+0.08742 +0.00462 -0.05558 -0.06924 -0.00190 +0.05051
+0.20414 -0.18862 -0.06320 +0.21559 +0.00348 -0.14752
+0.03604 +0.03823 -0.11466 +0.16037 -0.03806 +0.09724
-0.00058 +0.08607 -0.08206 +0.10635 -0.00932 +0.07379
+0.03168 +0.05974 -0.12511 +0.06284 -0.08111 +0.05503
+0.02262 +0.06021 -0.03524 +0.09559 -0.07988 +0.09580
+0.04565 +0.04103 -0.06786 +0.08583 -0.06438 +0.01430
+0.03195 -0.02493 -0.10889 +0.00415 -0.04940 -0.09963
+0.04448 -0.13838 +0.07904 -0.05920 -0.00694 -0.12168
-0.09064 -0.02378 +0.00673 +0.07645 -0.01116 -0.08257
-0.07497 -0.02844 -0.06392 +0.03809 +0.00390 -0.01480
-0.05051 -0.05910 +0.01370 +0.01169 -0.09746 +0.02813
-0.06434 -0.04471 +0.04598 +0.09507 -0.05547 -0.01022
-0.06879 -0.03254 -0.01550 +0.10388 -0.01285 -0.08513
-0.05052 -0.05519 -0.05451 +0.06097 -0.04462 -0.08904
-0.07457 -0.05244 +0.05008 +0.08431 -0.01725 -0.03819
-0.08375 -0.05115 -0.01446 +0.06177 -0.02089 +0.00440
-0.08305 -0.04861 -0.04178 +0.07377 -0.00543 +0.00189
-0.05965 -0.06784 +0.03657 -0.02041 +0.05506 +0.01328
-0.09051 -0.04523 +0.02962 +0.07907 -0.00754 -0.01333
-0.08562 -0.03538 -0.05520 +0.05713 +0.04775 -0.02970
-0.07110 -0.05286 +0.04036 +0.07773 -0.13770 +0.03166
-0.06950 -0.08999 +0.09739 +0.03546 -0.02123 -0.07121
-0.06034 -0.07370 +0.07169 -0.06425 -0.05236 -0.05801
-0.10782 -0.04854 -0.00192 +0.06435 +0.00100 -0.01481
-0.07737 -0.07522 +0.04251 +0.06434 +0.04996 +0.01399
-0.08556 -0.05780 -0.05065 +0.03480 +0.05384 +0.00897
-0.11636 +0.04497 -0.03404 +0.06042 -0.02375 -0.14088
-0.06154 +0.03156 +0.03426 +0.01191 +0.00129 -0.06033
-0.02136 -0.01848 +0.01053 +0.07355 -0.06325 -0.04667
-0.01567 -0.02652 -0.05721 +0.05847 -0.03168 -0.06045
-0.01312 -0.02002 -0.11260 +0.00506 +0.00854 -0.03245
-0.01698 -0.02675 +0.02422 +0.06445 -0.00125 -0.01048
+0.05090 -0.19170 -0.06479 +0.07902 -0.05517 -0.05982
-0.08213 -0.05181 -0.03227 +0.02345 +0.00655 +0.12319
-0.07204 -0.04607 -0.06213 +0.02970 -0.11021 +0.09477
-0.07712 -0.05104 +0.04026 +0.09245 -0.07039 +0.05633
-0.06448 -0.06694 +0.01544 +0.00636 -0.01083 +0.01162
-0.05795 -0.09103 -0.00133 +0.06396 -0.01719 +0.04678
-0.07800 -0.04877 +0.01332 +0.07651 -0.09057 +0.08703
-0.10891 -0.03336 -0.07889 +0.05904 -0.01873 +0.02145
-0.05847 -0.08371 +0.05057 +0.04937 -0.08694 +0.10456
-0.08720 -0.06414 +0.01476 +0.02302 +0.02075 +0.06093
-0.09527 -0.03947 -0.04324 +0.02588 -0.05241 +0.09587
-0.05493 -0.08007 +0.03501 -0.03768 +0.06676 +0.07192
-0.08325 -0.05538 +0.02244 +0.08302 +0.03923 +0.03042
-0.12103 +0.07921 -0.07937 +0.03674 -0.11288 +0.01640
-0.09510 +0.08816 -0.01666 +0.03872 -0.01666 +0.07282
+0.00286 -0.02171 -0.07194 -0.01425 -0.01135 +0.02439
-0.00593 -0.00403 -0.05162 +0.03408 -0.19609 +0.00820
-0.00251 -0.01562 -0.04222 +0.04101 -0.01653 +0.03550
-0.00153 -0.00960 -0.03948 +0.02425 -0.02256 +0.01641
-0.00951 -0.00262 -0.04612 +0.03814 -0.04680 +0.01940
-0.00227 -0.00516 -0.03174 +0.05641 -0.02512 +0.03660
-0.00201 -0.01056 -0.00873 +0.06792 -0.00962 +0.10697
+0.00551 -0.02185 +0.00838 +0.00443 -0.01653 +0.03770
+0.01027 -0.02811 -0.03587 -0.00293 -0.01546 +0.07228
+0.01114 -0.01899 -0.00369 -0.01316 +0.01177 +0.01163
+0.00369 -0.01159 -0.05136 +0.04312 -0.03953 +0.00248
+0.00404 -0.01050 -0.01885 +0.04268 -0.06706 +0.06735
+0.05034 -0.10575 -0.02409 +0.04590 -0.02769 -0.03828
-0.00646 -0.08686 -0.22255 +0.26730 -0.06372 -0.03660
-0.04473 -0.06269 -0.10030 +0.05632 -0.07109 -0.03035
-0.05942 -0.04816 -0.08435 -0.03669 -0.10886 +0.03577
-0.07235 -0.02855 -0.02764 +0.11335 -0.01173 +0.04620
-0.04146 -0.05822 +0.03512 +0.04114 -0.02348 +0.11265
-0.01734 -0.06500 +0.11347 +0.03771 +0.03114 +0.05597
-0.07410 -0.02834 +0.01012 +0.09372 +0.00955 +0.06573
-0.02946 -0.05808 +0.05831 +0.05450 +0.02078 +0.03923
-0.05446 -0.01947 +0.05414 -0.04301 +0.01986 +0.04052
-0.08407 +0.08161 +0.05245 +0.01677 -0.09119 +0.05365
-0.02076 +0.00676 +0.00519 +0.03784 -0.02015 +0.07072
-0.00584 -0.00057 -0.00136 +0.00581 -0.01863 +0.01434
+0.00061 +0.00226 -0.03506 -0.00115 +0.03692 -0.03304
-0.00049 +0.00153 -0.06425 -0.01764 -0.00786 +0.02023
+0.01018 -0.00747 +0.04311 +0.02836 +0.05972 -0.01875
-0.00422 +0.00240 +0.02278 +0.06185 +0.03196 -0.02062
+0.01506 -0.01417 +0.10585 +0.08945 +0.01141 +0.02904
-0.01998 +0.01945 -0.13011 +0.02709 +0.00701 +0.00677
+0.03462 -0.02288 -0.00919 +0.02260 -0.06770 -0.06244
+0.01702 -0.01843 +0.06454 +0.07155 -0.02198 +0.03189
+0.00442 -0.00574 -0.02581 +0.01770 +0.00625 +0.01081
+0.04593 -0.12193 +0.11250 +0.03352 +0.04041 +0.02034
+0.00357 -0.12785 -0.04363 +0.03008 -0.00979 -0.05017
-0.07682 -0.04447 -0.02180 -0.00282 -0.02071 +0.05006
-0.08379 -0.04821 +0.07912 +0.05495 +0.02016 -0.00022
-0.05624 -0.04970 +0.00880 +0.00885 -0.13658 -0.06518
-0.06761 -0.05557 +0.02219 -0.06545 -0.13468 -0.00914
-0.08168 -0.04360 -0.01559 -0.02705 -0.03605 +0.00724
-0.07910 -0.03789 +0.02031 +0.02532 -0.03939 +0.08288
