  372.07230 
  372.18304 
  371.14401 
  370.39030 
  369.63659 
  368.35342 
  362.36209 
  354.09631 
  353.53330 
  353.97210 
  353.70257 
  353.61691 
  353.73003 
  365.11543 
  369.41381 
  369.39031 
  363.69534 
  355.18288 
  354.77261 
  359.75212 
  369.49815 
  368.75954 
  369.04346 
  368.63740 
  368.74220 
  368.52301 
  368.82675 
  368.60535 
  368.96523 
  368.93248 
  369.11641 
  368.73172 
  368.73238 
  368.91524 
  368.85305 
  365.75919 
  355.18942 
  355.32691 
  355.25921 
  355.62671 
  355.48976 
  363.09385 
  373.35411 
  372.76490 
  372.65942 
  372.64905 
  371.83525 
  372.09079 
  371.89551 
  371.50832 
  371.85131 
  371.70584 
  371.80176 
  371.74265 
  371.81204 
  371.99235 
  371.38226 
  370.87561 
  371.24844 
  353.35780 
  356.59823 
  355.78499 
  356.21967 
  339.70584 
  365.00439 
  367.23042 
  362.24383 
  354.19982 
  357.38180 
  357.46887 
  358.02583 
  357.96925 
  358.36385 
  360.44329 
  369.84846 
  368.59812 
  368.31570 
  368.60641 
  367.55447 
  357.36496 
  357.17488 
  356.99047 
  357.08399 
  357.57756 
  357.35367 
  362.50154 
  369.22421 
  368.75807 
  368.61015 
  358.14437 
  358.13924 
  357.96911 
  364.60427 
  374.43442 
  373.40491 
  372.77653 
  373.12084 
  372.60690 
  372.91287 
  372.44619 
  371.56731 
  371.56405 
  371.98333 
  371.74972 
  371.91733 
  371.67503 
  371.51601 
  371.49935 
  371.88853 
  372.06449 
  372.10759 
  371.03630 
  371.52288 
  371.34949 
  371.37736 
  371.38829 
  365.17696 
  356.28956 
  357.65925 
  357.51429 
  356.10595 
  354.90832 
  356.14989 
  357.42911 
  369.39133 
  369.54965 
  369.64948 
  369.29659 
  369.74161 
  369.62009 
  370.07192 
  370.23836 
  369.78783 
  370.22840 
  370.16302 
  370.59786 
  370.16830 
  370.55432 
  364.32150 
  357.31743 
  358.55298 
  358.24493 
  357.77188 
  366.37913 
  370.14427 
  369.51881 
  369.91805 
  370.27439 
  369.84109 
  369.58613 
  370.35298 
  370.36494 
  370.27874 
  370.27021 
  370.80462 
  370.79085 
  365.70157 
  358.35276 
  358.90974 
  358.45395 
  358.67667 
  358.45152 
  358.99535 
  364.56465 
  374.75402 
  373.66471 
  373.73965 
  373.11328 
  372.75575 
  373.00101 
  373.24848 
  372.76002 
  373.00888 
  372.91065 
  373.36410 
  372.52835 
  372.88974 
  372.96946 
  373.23680 
  372.44471 
  372.95730 
  372.94056 
  372.63175 
  356.83036 
  357.45759 
  357.46005 
  358.05597 
  357.49529 
  356.62362 
  354.88100 
  349.15525 
  368.46833 
  368.36336 
  368.60905 
  369.35659 
  370.43101 
  370.96431 
  371.70499 
  368.43801 
  353.33962 
  356.92072 
  356.40077 
  355.78620 
  355.70752 
  357.90290 
  362.85542 
  370.03053 
  369.55977 
  369.86620 
  369.61720 
  369.58212 
  370.09046 
  369.68444 
  369.60250 
  364.48738 
  357.56581 
  357.51183 
  357.62096 
  357.12611 
  357.15352 
  357.71350 
  369.83188 
  369.31991 
  364.55155 
  357.99632 
  358.27473 
  358.38394 
  358.87983 
  370.57534 
  370.50531 
  370.30812 
  370.55325 
  370.33899 
  370.82888 
  370.76055 
  371.01464 
  371.44494 
  371.53105 
  371.34330 
  371.03533 
  370.94105 
  370.70791 
  371.18436 
  370.94020 
  370.59339 
  370.92487 
  371.11447 
  371.10181 
  370.81598 
  371.09731 
  370.71169 
  371.20299 
  371.47519 
  371.36300 
  371.53724 
  371.25624 
  371.26609 
  364.15932 
  361.89693 
  362.33303 
  361.73382 
  362.11804 
  361.85127 
  361.98993 
  362.27591 
  361.98909 
  360.06791 
  360.65418 
  359.45174 
  359.57398 
  359.67750 
  359.30001 
  364.26183 
  371.79907 
  372.01171 
  371.69138 
  371.51649 
  371.61631 
  371.79029 
  349.46238 
