-0.04820 +0.16375 -0.05672 -0.01876 +0.01696 +0.21066
-0.05802 +0.05716 -0.00415 -0.03400 +0.03255 +0.16662
-0.05825 -0.01016 -0.01021 -0.03032 +0.04800 +0.13140
-0.05577 -0.01648 +0.03135 -0.01288 -0.01830 +0.04731
-0.06044 -0.04107 -0.02911 -0.04491 -0.05663 +0.02977
-0.05840 -0.02224 +0.02584 -0.01693 +0.00260 +0.05517
-0.04958 -0.08694 +0.03631 -0.03054 -0.03584 +0.04661
-0.03148 -0.11029 +0.08597 +0.07426 -0.05686 +0.04487
-0.02011 -0.00181 +0.04859 +0.03442 -0.02953 +0.00866
-0.01921 +0.00851 +0.03594 -0.02348 -0.00827 +0.01408
-0.02239 -0.01872 +0.01550 -0.00849 -0.02291 +0.04381
-0.02558 +0.00918 -0.00342 -0.11883 -0.03795 +0.02060
-0.02667 -0.03165 -0.04211 -0.03131 -0.03437 +0.07058
-0.03744 +0.13213 +0.05918 +0.07784 -0.06699 -0.04979
-0.05322 +0.07121 -0.00496 +0.05260 -0.04625 -0.02334
-0.06086 +0.02157 -0.08883 -0.03916 -0.05940 +0.00872
-0.05148 -0.06286 -0.07443 -0.06401 +0.02310 +0.04564
-0.03857 -0.12725 -0.00426 -0.03068 -0.02999 +0.09034
-0.02691 -0.00400 -0.02519 -0.04357 +0.05191 +0.09511
-0.03263 +0.06384 +0.10705 +0.08346 +0.00972 +0.05242
-0.05699 +0.12916 -0.01619 -0.03019 -0.05741 +0.02099
-0.06439 +0.01396 -0.01206 +0.00562 -0.05756 +0.00487
-0.06069 +0.03478 +0.01411 -0.01687 +0.02561 +0.03077
-0.06297 +0.01067 +0.07832 +0.00994 -0.02280 +0.00711
-0.06367 +0.01964 +0.04918 -0.00304 -0.05096 +0.01967
-0.06301 +0.01806 +0.04786 -0.06130 -0.03764 -0.01337
-0.06594 +0.02619 -0.02440 -0.03810 -0.02300 +0.06209
-0.06274 +0.01207 +0.10792 +0.03646 -0.02598 +0.00625
-0.06168 +0.01115 +0.05623 -0.04825 -0.07369 -0.02362
-0.06554 +0.01491 +0.03180 -0.04865 -0.07264 -0.01109
-0.06376 +0.00751 -0.00696 -0.07735 -0.01903 +0.00185
-0.06229 +0.01118 +0.06393 -0.02932 -0.03026 -0.02169
-0.06490 +0.03303 +0.01297 -0.07339 -0.03617 -0.01909
-0.06437 +0.00164 +0.07498 -0.03228 -0.08283 -0.01895
-0.06328 +0.00817 +0.08905 -0.02816 -0.04186 +0.00263
-0.06406 -0.02601 -0.05086 -0.07829 +0.04919 +0.05975
-0.03614 -0.16306 +0.03307 -0.02627 -0.10685 +0.05874
-0.02161 -0.00588 +0.01543 -0.01996 -0.03312 +0.04134
-0.02568 +0.01153 +0.13816 -0.02164 -0.00833 +0.09169
-0.02653 -0.01553 -0.00870 -0.01464 -0.02396 +0.09290
-0.02622 -0.01424 +0.08249 -0.00356 -0.07907 +0.04618
-0.03938 +0.10038 -0.06708 -0.00658 +0.04481 +0.08393
-0.07165 +0.14433 -0.00093 +0.06124 -0.02548 -0.09498
-0.08178 +0.00913 +0.03482 +0.06312 +0.00107 -0.03119
-0.09206 +0.01017 -0.12182 -0.09371 +0.06083 -0.05080
-0.08947 -0.03925 +0.05934 +0.00972 -0.00008 -0.08716
-0.09158 -0.03451 -0.00735 -0.03660 +0.00094 -0.08611
-0.08731 -0.01024 -0.03303 -0.04667 +0.09502 -0.08180
-0.09353 -0.03781 -0.09487 -0.04608 -0.01774 -0.10334
-0.09549 -0.04468 -0.03973 -0.09834 -0.01585 -0.09156
-0.09195 -0.03890 +0.00130 -0.05604 +0.09357 -0.03973
-0.09408 -0.03053 -0.02370 -0.07829 +0.06419 -0.06388
-0.09672 -0.05440 -0.02377 -0.01681 +0.00192 -0.06588
-0.09478 -0.05653 +0.01879 +0.01405 +0.02550 -0.07029
-0.09035 -0.04966 +0.11237 +0.05902 +0.00883 -0.08929
-0.09533 -0.02122 -0.02740 -0.15045 +0.12616 -0.01249
-0.09505 -0.05626 +0.08065 -0.00606 +0.07802 -0.06924
-0.09613 -0.05959 -0.03097 +0.00948 +0.03780 -0.02573
-0.09570 -0.04401 -0.02643 -0.05374 +0.06247 -0.04992
-0.03112 -0.29679 +0.02669 +0.01814 -0.07567 +0.01226
-0.00678 -0.03491 +0.01205 +0.05526 -0.06469 -0.01445
-0.00591 +0.00330 +0.05203 +0.04090 -0.06185 -0.05260
-0.01057 -0.01712 -0.05160 +0.03583 +0.00143 +0.01869
-0.03925 -0.03389 +0.30102 -0.31844 -0.13844 +0.03879
-0.11416 +0.10969 +0.13685 -0.07609 +0.24048 +0.19191
-0.11295 +0.08000 +0.09876 -0.09072 +0.06588 +0.04655
-0.06839 +0.04564 +0.21845 -0.17053 -0.01863 +0.11012
-0.01206 -0.09608 -0.06602 +0.04893 -0.16609 +0.04549
-0.00098 +0.00678 -0.05821 +0.04536 -0.13642 -0.03824
-0.00367 +0.01566 -0.05025 -0.04223 -0.12003 -0.03034
-0.00352 +0.00412 -0.01774 -0.03456 -0.06413 -0.01688
-0.00490 -0.01211 -0.00640 -0.00920 -0.04292 -0.02479
-0.00343 +0.01431 -0.01140 -0.05666 -0.03990 -0.01277
-0.00659 +0.02921 +0.06755 +0.01088 -0.05595 -0.05756
-0.03595 +0.12490 +0.01105 +0.03568 -0.08797 -0.04564
-0.04332 +0.02975 -0.00236 -0.00029 -0.09122 -0.06610
-0.04354 +0.03016 -0.05442 +0.00947 -0.07878 -0.03229
-0.04339 +0.01650 -0.02139 +0.00795 -0.13587 -0.04143
-0.04245 +0.02551 -0.10053 -0.05559 -0.07023 -0.03914
-0.00010 -0.13571 -0.00125 -0.03954 -0.10936 -0.03456
+0.00495 -0.00787 -0.03523 -0.01339 -0.04411 -0.03017
+0.00383 -0.00927 -0.04219 -0.04165 -0.04493 -0.00878
+0.00508 -0.01325 +0.06212 -0.05403 -0.06538 -0.08902
+0.00404 -0.01560 -0.03348 -0.02669 -0.03160 -0.02501
+0.00123 -0.01721 +0.05497 -0.03404 -0.03406 -0.01372
-0.01435 +0.07042 -0.03387 -0.06543 -0.03986 -0.03941
-0.03738 +0.06396 -0.01866 +0.00087 -0.11665 -0.05755
-0.03950 +0.02025 -0.04423 -0.09039 -0.12241 -0.05563
-0.03834 +0.02232 -0.00998 -0.05688 -0.09513 -0.08206
-0.00205 -0.13379 -0.01541 -0.04290 -0.07984 -0.00167
+0.00836 -0.00957 +0.01945 -0.04565 -0.07882 -0.10082
+0.00696 -0.00309 +0.04495 -0.04784 -0.00708 -0.07169
-0.01513 +0.09325 +0.01997 -0.07153 -0.08154 -0.09478
-0.07893 +0.12918 -0.15913 +0.05533 +0.01067 +0.01561
-0.08289 +0.02373 -0.14258 -0.02816 +0.07157 +0.00542
-0.09101 +0.00758 -0.06547 -0.04270 +0.00660 -0.03154
-0.09472 -0.01427 -0.06241 +0.01883 +0.03978 +0.02257
-0.09737 -0.02070 -0.13875 -0.10555 +0.02781 +0.00080
-0.09205 -0.03035 +0.01178 +0.01707 +0.07911 +0.00504
-0.09096 -0.01125 -0.01991 -0.00453 -0.03040 -0.09835
-0.09242 -0.03532 +0.00843 +0.01878 +0.01402 -0.08912
-0.09081 -0.01683 +0.00268 +0.05032 +0.07142 -0.05968
-0.09585 -0.02061 -0.13507 -0.01565 -0.00841 -0.06197
-0.09500 -0.04213 -0.07837 +0.02123 -0.00672 -0.11012
-0.09508 -0.04860 +0.04283 +0.14591 -0.00124 -0.06996
-0.09245 -0.04251 +0.00593 +0.10045 -0.02786 -0.07280
-0.09254 -0.03391 -0.01168 -0.00116 +0.09102 -0.01003
-0.09288 -0.05424 +0.06845 +0.09860 +0.01283 -0.08298
-0.09210 -0.04695 +0.05198 +0.10263 +0.05330 -0.08493
-0.09454 -0.04532 -0.00066 +0.05183 +0.08609 -0.04341
-0.09449 -0.03426 -0.08140 -0.00291 +0.13589 +0.00162
-0.09950 -0.05741 -0.10771 +0.01726 -0.00088 -0.07206
-0.09306 -0.03961 +0.01777 -0.00274 +0.09763 -0.07410
-0.09076 -0.05180 +0.04878 +0.09494 +0.07958 -0.06660
-0.09568 -0.03840 -0.11856 -0.02166 +0.08159 -0.04869
-0.09343 -0.05867 -0.05703 +0.02305 +0.07938 -0.06483
-0.07815 -0.09484 -0.02226 +0.02580 +0.15834 -0.01031
-0.03033 -0.29224 +0.02461 +0.02933 -0.15143 +0.02688
-0.00965 +0.01433 -0.01773 -0.00303 -0.04846 -0.00882
-0.01365 -0.00034 +0.03397 -0.02589 -0.06917 -0.02545
-0.01108 -0.00364 +0.15453 +0.03403 -0.02730 -0.00680
+0.00240 -0.02416 -0.04188 -0.03436 -0.03062 +0.00095
+0.00037 -0.02731 +0.00585 +0.05303 -0.01977 +0.01579
-0.01148 +0.02644 -0.05000 +0.00798 -0.04697 +0.04687
-0.04403 +0.14593 -0.03200 +0.04312 -0.04744 +0.02497
-0.05160 +0.02825 -0.06966 +0.05110 -0.05925 +0.03386
-0.05552 +0.05704 -0.03472 -0.02897 -0.01760 +0.06745
-0.05374 +0.01928 -0.04912 -0.03385 -0.05356 +0.04740
-0.05334 +0.01901 -0.00460 -0.02918 -0.03860 +0.04011
-0.05069 +0.02047 -0.00779 +0.03414 -0.02735 +0.02516
-0.05095 +0.03031 -0.00504 +0.04805 -0.07208 +0.01857
-0.05310 +0.01333 -0.00825 +0.03400 -0.00509 +0.05311
-0.05178 +0.01952 +0.01691 +0.02556 -0.08046 -0.00377
-0.05330 +0.03267 -0.02518 -0.05980 -0.07351 -0.03084
-0.05093 +0.00197 +0.08087 +0.01084 -0.01984 +0.00026
-0.05218 +0.00579 -0.02201 +0.01605 -0.05895 +0.01154
-0.05578 +0.03497 -0.07670 -0.04288 +0.00547 +0.05536
-0.05650 +0.01045 -0.09149 -0.03233 -0.01697 +0.03407
-0.03327 -0.09306 -0.03684 -0.01377 -0.05370 +0.00957
-0.00752 -0.08226 -0.04384 -0.01925 -0.02033 +0.03539
+0.00000 +0.00000 +0.00000 +0.00000 +0.00000 +0.00000
-0.00304 -0.02049 -0.05272 -0.01844 -0.04174 -0.02863
-0.00686 -0.00771 -0.06664 +0.00128 +0.00633 +0.03072
-0.02635 +0.09493 -0.01089 +0.05026 -0.05495 +0.00055
-0.04489 +0.05514 -0.03035 +0.11927 -0.07992 +0.00062
-0.05327 +0.04465 -0.10917 +0.01779 -0.06269 +0.02132
-0.04786 +0.02403 +0.00250 +0.06277 -0.05730 -0.01990
-0.04684 +0.00896 -0.01025 +0.11628 -0.04737 -0.03415
-0.04770 +0.03233 -0.03592 +0.09176 -0.04576 -0.03057
-0.04780 +0.02624 -0.04359 +0.07313 -0.07002 -0.02906
-0.05055 +0.02863 -0.05369 +0.05600 -0.02533 +0.03204
-0.04767 +0.01928 +0.02632 +0.11224 -0.10600 -0.04816
-0.04456 +0.01758 -0.05494 +0.03447 -0.09397 -0.05521
-0.04674 +0.02016 -0.01596 +0.02011 -0.06875 -0.04853
-0.04733 +0.01499 -0.01216 +0.08643 -0.01654 +0.02138
-0.04759 +0.04306 -0.11438 -0.02105 +0.00178 +0.01277
-0.04281 -0.05587 -0.01715 +0.10598 +0.05774 +0.08455
-0.00190 -0.10848 -0.04487 +0.05999 +0.04431 +0.04842
+0.00423 -0.01921 +0.03805 +0.04302 +0.04873 -0.01362
-0.00042 +0.00744 -0.02816 -0.09715 -0.02955 -0.01111
-0.00211 -0.02840 -0.03951 -0.00546 -0.00701 +0.01950
-0.00083 -0.02902 +0.00630 -0.01211 -0.01971 -0.00239
+0.00137 -0.01156 +0.01480 +0.02475 +0.03148 -0.01076
-0.01882 +0.09672 +0.16837 +0.10131 +0.03974 +0.00565
-0.07232 +0.13568 -0.11128 +0.10944 -0.03074 -0.05603
-0.08329 +0.01459 -0.08809 +0.07565 +0.00492 +0.00334
-0.08623 +0.00224 +0.01672 +0.04802 +0.01535 -0.05213
-0.08753 -0.01154 -0.02143 +0.05823 +0.09364 +0.01242
-0.08573 -0.01625 +0.04092 +0.10264 +0.00458 -0.07504
-0.08721 +0.00099 +0.02526 +0.04317 +0.11581 +0.02203
-0.09289 -0.01546 -0.02510 +0.02292 +0.08215 +0.01101
-0.08726 -0.03313 +0.01031 +0.03528 +0.05813 -0.03263
-0.09106 -0.03634 +0.02577 +0.07216 -0.02799 -0.01614
-0.09024 -0.02495 +0.05240 -0.00540 +0.01017 -0.04569
-0.09224 -0.04672 +0.01676 +0.10129 +0.01508 -0.01439
-0.09317 -0.03751 +0.00923 -0.01695 +0.05756 -0.01008
-0.09532 -0.04780 +0.01753 +0.07899 +0.04174 +0.02625
-0.09009 -0.04662 +0.07583 +0.06081 +0.05811 -0.03543
-0.09066 -0.03455 -0.00150 +0.09530 +0.07274 +0.00482
-0.09061 -0.05034 +0.11328 +0.14073 -0.01227 -0.07008
-0.09593 -0.02996 -0.03645 -0.04711 +0.08466 -0.01093
-0.09522 -0.05417 +0.02795 -0.01144 +0.01219 -0.01860
-0.09527 -0.06395 +0.00586 +0.03569 +0.07428 -0.01337
-0.04269 -0.29366 -0.04756 +0.04777 -0.05929 +0.14004
-0.01241 -0.04138 -0.02714 -0.00634 -0.03749 -0.00231
-0.01521 -0.00495 -0.06622 +0.03734 +0.01595 +0.06232
-0.01317 +0.01125 +0.00309 +0.02284 +0.01907 +0.06219
-0.01567 -0.00277 -0.00021 +0.02700 -0.01985 +0.03120
-0.00861 -0.00884 +0.00466 +0.05647 +0.01824 +0.04854
-0.00518 -0.03904 -0.03188 +0.10630 -0.01265 -0.00575
-0.04662 +0.04061 -0.02894 -0.04178 -0.04826 +0.06513
-0.09091 +0.12708 +0.16240 -0.02942 -0.00711 -0.01653
-0.09468 +0.07292 +0.06537 -0.01494 +0.01250 -0.07446
-0.10261 +0.07348 +0.01547 +0.00126 +0.04526 -0.04092
-0.10580 +0.04918 +0.08701 -0.01886 +0.13983 -0.01782
-0.10568 +0.05824 +0.03093 -0.11804 +0.03728 -0.14698
-0.10313 +0.04358 +0.02430 -0.01528 +0.03666 -0.11421
-0.10791 +0.05930 -0.02854 -0.14354 -0.01736 -0.15003
-0.10561 +0.02882 -0.01389 -0.04871 +0.15944 +0.06216
-0.02733 -0.16297 -0.05435 +0.10590 -0.09982 +0.12595
-0.01257 +0.01533 -0.03665 +0.07679 -0.06242 +0.07112
-0.01066 +0.00607 -0.01502 +0.04302 -0.06340 -0.00397
-0.01110 +0.01122 +0.04710 +0.05339 -0.04117 +0.00148
-0.01608 +0.01997 -0.02213 -0.02297 -0.03663 +0.05354
-0.02457 -0.00090 -0.02269 +0.08276 -0.00478 +0.08703
-0.03291 +0.09428 -0.02264 -0.00458 -0.09055 +0.03744
-0.05187 +0.10764 -0.07657 +0.03231 -0.08268 +0.08356
-0.05124 +0.01942 +0.00979 +0.07852 -0.06201 +0.07111
-0.04964 +0.03222 -0.02167 +0.05902 -0.08978 +0.04950
-0.05147 +0.05624 +0.02209 -0.02803 -0.06063 +0.05860
-0.05252 +0.01475 +0.07116 +0.06299 +0.01257 +0.07920
-0.04985 +0.03779 +0.02039 +0.05936 -0.06678 +0.02586
-0.05078 +0.01787 +0.00933 +0.06927 -0.05820 +0.02261
-0.05767 +0.05680 -0.01243 -0.05669 -0.09996 +0.01061
-0.03854 -0.07910 +0.01150 +0.06412 -0.05348 +0.07460
-0.02299 -0.06319 -0.04373 +0.02000 -0.02253 +0.06550
-0.01871 -0.00733 -0.01889 +0.02540 +0.00492 +0.05937
-0.01934 -0.00537 -0.03548 +0.03178 -0.01001 +0.11055
-0.01889 -0.00307 -0.01579 +0.05060 +0.02561 +0.06100
-0.01804 +0.01790 +0.05045 +0.02317 +0.00172 +0.07503
-0.02326 +0.01093 -0.02284 +0.04393 +0.01478 +0.11961
-0.05738 +0.14348 -0.08431 +0.11509 +0.02124 +0.14840
-0.06377 +0.04426 -0.00940 +0.09658 +0.00672 +0.11454
-0.04445 -0.01715 +0.07853 -0.02562 -0.05183 +0.10195
-0.03276 -0.07911 -0.00419 -0.01400 +0.00489 +0.16023
-0.02078 +0.00827 +0.03522 +0.02734 +0.06530 +0.11603
-0.02663 -0.00707 +0.03789 +0.00790 -0.04123 +0.10864
-0.02709 +0.00217 +0.04820 -0.01927 +0.05045 +0.15601
-0.04971 +0.15148 +0.01504 +0.10892 -0.05019 +0.03663
-0.06084 +0.04090 -0.05160 +0.00016 -0.00380 +0.08949
-0.05962 +0.01599 +0.02913 +0.00417 -0.08906 +0.03672
-0.06431 +0.03898 -0.03383 -0.06932 -0.06078 +0.05284
-0.05864 -0.00205 +0.05491 +0.07370 -0.04983 +0.02239
-0.06178 +0.02033 +0.01040 +0.03456 -0.02036 +0.06850
-0.06186 +0.02620 +0.17248 +0.03972 -0.01613 +0.05258
-0.06190 +0.02143 -0.02796 -0.03830 -0.02391 +0.06508
-0.06284 -0.00118 -0.00803 +0.03139 -0.04560 +0.06876
-0.06270 +0.00658 +0.00322 +0.05631 -0.01580 +0.06873
-0.06074 +0.00955 +0.02412 +0.04643 -0.08131 +0.03174
-0.06448 +0.03165 -0.00295 -0.04468 +0.01814 +0.10263
-0.06311 -0.01869 +0.02701 +0.06415 -0.02704 +0.05014
-0.05833 +0.02637 +0.12037 +0.04033 -0.00846 +0.04808
-0.06583 +0.02358 -0.09622 -0.10998 +0.02851 +0.08884
-0.06518 -0.01683 -0.03202 -0.08017 -0.04572 +0.00643
-0.06503 -0.01126 -0.02615 +0.00559 -0.08063 +0.03641
-0.06247 -0.00757 -0.04000 -0.02928 -0.08890 +0.00630
-0.06142 +0.00435 +0.04789 +0.00516 -0.08027 +0.01014
-0.06396 -0.00305 -0.01367 +0.01563 -0.08464 +0.03281
-0.06360 +0.01049 +0.01246 -0.05678 -0.08095 -0.00734
-0.06683 +0.01787 +0.01551 -0.11648 -0.03681 +0.04831
-0.06418 -0.00970 +0.11699 +0.04775 -0.04169 +0.04353
-0.06467 +0.00340 -0.02949 -0.08193 -0.04727 +0.02151
-0.06477 -0.00921 +0.03156 +0.00925 -0.04064 +0.08567
-0.06456 -0.00425 -0.01227 -0.04056 -0.09191 +0.02727
-0.06271 +0.00247 +0.02209 +0.00362 -0.05286 +0.03163
-0.06307 -0.00165 +0.00359 +0.01577 -0.01744 +0.03184
-0.06707 +0.00068 -0.03101 -0.06376 -0.02838 +0.05026
-0.04353 -0.09996 +0.06523 -0.04724 -0.04376 +0.00526
-0.02126 -0.07657 +0.00451 -0.02354 -0.02716 +0.03475
-0.01844 -0.00206 +0.05093 -0.05585 -0.03268 +0.03575
-0.01898 -0.00779 -0.00374 -0.06362 -0.02870 +0.03031
-0.02353 -0.01178 -0.05317 -0.07646 -0.01795 +0.06044
-0.02255 -0.03246 -0.05487 -0.02206 -0.02240 +0.08388
-0.02095 -0.01003 +0.01103 -0.04619 -0.03806 +0.02017
-0.02093 -0.01674 +0.00065 -0.02263 +0.01978 +0.04620
-0.02003 -0.00442 +0.16882 -0.02728 +0.02002 +0.02702
-0.01163 -0.02895 +0.04160 +0.00490 +0.00352 +0.08537
+0.00375 -0.03061 -0.05293 +0.03304 -0.05582 -0.00069
-0.00401 -0.02035 -0.06711 +0.00310 +0.02270 +0.03923
-0.00236 -0.01014 -0.05063 -0.04603 +0.02742 +0.00121
-0.00768 -0.03604 -0.07789 -0.03409 -0.03501 +0.01008
-0.00322 -0.02915 +0.08563 -0.02102 +0.00885 -0.03960
-0.01904 +0.08011 +0.01467 -0.04250 +0.01209 -0.03107
-0.04802 +0.08105 +0.02752 +0.06916 -0.05116 -0.03815
-0.05793 +0.04140 -0.06388 -0.06091 -0.04172 +0.01143
-0.05539 +0.00699 -0.00076 -0.04244 -0.05050 -0.03957
-0.05418 +0.01126 +0.02513 -0.08108 -0.06444 -0.04143
-0.05487 +0.01468 -0.02594 -0.03228 -0.02042 -0.00951
-0.05467 +0.00015 -0.03450 -0.03506 +0.00359 +0.01094
-0.08150 -0.13531 -0.02432 -0.17735 +0.01239 +0.09494
