  397.41169 
  397.07295 
  396.62466 
  396.65424 
  396.18765 
  395.96637 
  387.66547 
  393.23492 
  396.50099 
  397.82644 
  398.39208 
  399.07554 
  398.48216 
  399.28817 
  399.07284 
  397.42178 
  396.36473 
  396.39253 
  396.52262 
  396.24714 
  397.05113 
  397.29961 
  398.20579 
  398.58748 
  398.14807 
  397.64153 
  381.52541 
  375.38030 
  376.08183 
  376.07321 
  377.77234 
  377.35625 
  377.27858 
  377.55894 
  377.84261 
  377.48056 
  378.42842 
  378.76962 
  378.59040 
  378.39701 
  386.81010 
  398.09763 
  397.55552 
  397.98357 
  397.21214 
  397.40839 
  397.57902 
  390.61202 
  376.45215 
  383.62512 
  399.09077 
  397.91531 
  398.02242 
  381.54070 
  385.42329 
  385.66152 
  385.05739 
  385.51949 
  385.54044 
  385.95640 
  385.97073 
  385.72490 
  385.93956 
  386.22560 
  393.07247 
  394.84973 
  393.28203 
  391.33732 
  383.16600 
  384.62311 
  384.06278 
  384.62567 
  385.23292 
  385.15521 
  386.04662 
  397.69358 
  397.74920 
  397.27747 
  397.50135 
  397.21978 
  396.59473 
  397.07374 
  397.25946 
  397.01007 
  398.00999 
  387.73874 
  384.55848 
  384.77053 
  385.31007 
  384.96545 
  385.04010 
  384.86088 
  385.38718 
  385.54397 
  385.34673 
  385.89527 
  385.77766 
  386.04073 
  386.32047 
  398.28705 
  398.60025 
  398.50418 
  397.61456 
  397.35513 
  398.02774 
  397.37011 
  397.25553 
  397.72612 
  397.49642 
  397.48699 
  397.90210 
  397.93590 
  387.55326 
  383.85916 
  384.17012 
  384.28149 
  384.86875 
  384.79539 
  384.47681 
  384.76803 
  385.22163 
  384.84612 
  388.30299 
  399.15585 
  397.14813 
  397.14325 
  397.20774 
  396.95100 
  397.40732 
  385.86680 
  385.26487 
  386.21130 
  386.37272 
  395.09463 
  399.49057 
  397.36900 
  397.29007 
  397.59969 
  397.93137 
  397.75952 
  397.61897 
  399.01514 
  398.10038 
  398.24789 
  397.63550 
  397.77113 
  397.74039 
  397.32539 
  396.90990 
  397.54724 
  397.17653 
  397.41315 
  397.20747 
  397.45295 
  397.92359 
  398.09739 
  397.21983 
  397.53724 
  398.16173 
  393.49471 
  382.25634 
  385.41811 
  385.55249 
  385.11361 
  385.77044 
  385.96865 
  384.22749 
  385.44200 
  384.20939 
  384.47393 
  384.33720 
  384.13558 
  384.26358 
  386.04334 
  385.79042 
  385.14742 
  385.57815 
  385.50880 
  385.44745 
  385.59883 
  386.10594 
  385.96807 
  385.92361 
  385.77033 
  394.86173 
  396.78745 
  395.92604 
  396.40898 
  396.33471 
  396.65984 
  396.97319 
  396.93375 
  387.70608 
  385.86049 
  385.94715 
  385.44859 
  385.21147 
  386.02154 
  386.11291 
  385.90884 
  386.13515 
  388.00624 
  399.56438 
  398.19420 
  398.30948 
  398.32514 
  398.09483 
  398.03392 
  397.89377 
  398.36959 
  397.63317 
  398.11520 
  398.12248 
  397.53983 
  397.54287 
  397.18588 
  397.24744 
  397.40046 
  397.02041 
  380.78012 
  385.30957 
  384.88442 
  385.68352 
  385.43224 
  385.86616 
  385.88175 
  386.14743 
  387.45532 
  400.02560 
  398.35856 
  398.07634 
  397.98534 
  398.43923 
  397.74591 
  398.17879 
  398.06955 
  397.75149 
  397.38285 
  397.54047 
  398.05919 
  399.10364 
  398.14637 
  397.65873 
  397.38140 
  397.65322 
  397.74570 
  397.58170 
  397.37318 
  383.14722 
  384.74632 
  385.25197 
  385.94890 
  386.01418 
  386.05484 
  386.14531 
  386.41819 
  386.03341 
  386.44054 
  386.58287 
  387.31637 
  387.10373 
  387.16950 
  386.79628 
  393.22000 
  399.34245 
  396.91548 
  396.73030 
  396.32342 
  396.15045 
  397.03916 
  384.52217 
  385.52324 
  385.77535 
  385.75017 
  386.14054 
  386.44984 
  386.22215 
  386.34578 
  386.84821 
  386.87137 
