-0.04083 -0.02534 -0.03990 +0.03553 +0.04029 -0.10867
-0.03543 -0.00714 -0.01235 -0.03150 -0.00304 +0.00503
-0.03179 -0.00548 +0.00128 +0.00894 +0.00951 -0.02804
-0.03297 -0.00631 -0.02637 -0.00438 -0.07409 +0.03385
-0.02457 +0.01609 -0.01125 +0.03392 +0.02607 -0.01852
-0.03056 +0.00639 -0.08422 +0.01297 +0.00391 -0.04547
-0.01405 +0.05826 -0.03948 +0.02870 -0.01769 +0.00880
-0.06617 +0.01932 -0.07308 +0.01315 +0.01818 -0.07265
-0.09060 -0.06026 +0.01649 -0.00013 -0.19771 -0.00367
-0.07301 -0.01486 +0.00338 +0.09280 -0.08135 -0.02624
-0.07690 -0.01810 -0.00145 +0.09267 -0.06657 -0.04099
-0.06216 +0.00450 -0.04787 +0.04042 -0.06618 -0.07515
-0.04496 +0.02524 +0.05955 +0.10698 -0.01078 -0.12508
-0.04470 +0.02925 -0.02057 +0.01814 -0.07738 -0.03700
-0.03804 +0.01547 +0.04303 +0.10095 -0.12070 -0.02944
-0.02896 +0.05986 -0.02156 +0.09156 -0.15999 +0.11020
-0.02060 +0.08090 -0.02655 +0.02340 -0.02512 -0.03939
-0.03721 +0.04793 -0.09892 +0.05477 +0.00136 -0.08929
-0.04507 +0.02909 -0.06201 +0.10629 -0.06685 -0.01813
-0.05376 +0.01562 -0.04314 +0.09580 +0.00097 -0.02567
-0.05593 +0.00903 -0.05555 +0.10230 -0.08258 +0.01681
-0.05752 +0.00280 -0.05363 +0.09338 -0.03834 -0.02767
-0.05535 +0.00062 -0.00161 +0.09222 -0.04385 -0.01957
-0.04311 +0.03682 -0.01662 +0.06985 +0.02961 -0.06553
-0.03870 +0.03091 +0.05051 +0.08640 -0.01192 -0.01403
-0.02925 +0.05396 -0.04536 +0.06368 +0.01318 -0.07327
+0.00770 +0.16378 +0.16671 +0.07108 -0.00972 -0.09407
-0.04455 +0.11318 -0.01605 -0.04627 -0.08182 -0.04218
-0.09313 +0.01014 +0.01103 -0.02922 -0.04425 -0.11236
-0.10173 -0.02327 +0.02340 -0.02235 -0.13325 -0.06377
-0.08278 +0.03255 +0.04558 -0.00699 -0.03058 -0.07492
-0.08973 +0.02219 -0.04857 -0.00531 -0.01628 -0.13398
-0.09737 +0.00521 -0.04549 +0.02765 -0.07399 -0.08894
-0.08475 +0.03208 +0.06065 +0.00638 -0.03041 -0.08168
-0.09341 +0.02003 -0.09773 +0.04844 -0.06043 -0.05128
-0.09725 +0.00301 -0.01771 +0.08008 -0.06911 -0.06546
-0.08245 +0.03255 -0.01326 +0.07788 -0.01639 -0.09387
-0.07531 +0.05230 -0.00507 +0.01456 -0.06297 -0.05989
-0.08269 +0.02815 +0.06653 +0.11590 -0.06084 -0.03649
-0.08789 +0.03103 -0.09305 +0.08716 +0.00993 -0.10077
-0.11381 -0.07346 +0.03992 +0.07254 -0.08534 -0.04218
-0.09800 -0.06009 +0.00843 +0.15064 -0.01819 -0.04574
-0.04601 +0.02303 +0.00825 +0.08220 -0.07727 -0.06413
-0.04296 +0.01941 +0.00093 +0.11947 -0.10027 -0.09696
-0.04025 +0.03154 -0.00479 +0.06873 -0.13908 -0.01997
-0.04327 +0.01882 -0.03067 +0.13324 -0.10076 -0.06177
-0.03476 +0.03811 -0.04448 +0.10351 -0.06537 -0.09652
-0.02440 +0.08011 +0.06591 +0.11994 -0.14745 +0.00347
-0.01079 +0.20320 +0.03817 -0.03115 -0.06641 -0.12304
-0.11283 -0.09654 -0.10216 -0.08022 -0.12134 -0.15935
-0.09008 -0.23778 +0.08014 -0.13203 -0.04581 -0.10532
-0.02733 -0.09787 -0.02826 -0.16291 -0.12790 -0.02756
-0.02456 -0.08405 +0.05606 -0.00311 -0.20821 -0.09300
+0.03913 +0.22778 +0.08996 -0.14463 -0.16361 -0.04761
-0.08031 +0.00705 +0.01153 -0.13312 -0.05851 -0.07054
-0.07177 +0.01374 +0.05846 -0.12062 -0.07358 -0.04426
-0.07773 +0.00163 -0.03564 -0.01925 -0.08822 -0.05253
-0.06330 +0.02062 +0.12732 -0.03467 +0.01712 -0.08835
-0.07453 +0.00841 +0.04208 -0.02052 -0.06188 -0.04522
-0.06930 +0.02135 +0.14265 +0.07629 -0.03969 -0.01053
-0.06788 +0.02760 -0.04756 -0.11761 -0.03619 -0.06386
-0.06390 +0.02080 +0.05149 -0.03777 -0.08293 -0.06296
-0.07860 +0.00797 -0.08633 +0.01509 -0.01116 -0.11090
-0.05916 +0.04688 +0.06845 -0.01935 +0.03101 -0.07395
-0.10096 -0.08106 +0.04254 -0.09007 -0.02863 -0.02648
-0.05224 -0.01357 +0.11013 -0.03262 -0.02743 -0.08907
-0.04166 +0.02042 -0.01502 -0.03082 -0.03403 -0.07290
-0.04165 +0.02245 +0.00323 -0.05724 -0.05082 -0.03199
-0.03156 +0.13574 +0.09050 -0.03364 +0.03373 -0.02180
-0.07544 +0.05521 +0.04364 +0.05610 +0.16988 -0.07724
-0.07197 +0.04277 +0.02272 +0.00220 +0.07815 -0.05088
-0.08684 +0.02588 -0.03921 +0.02577 -0.01110 +0.06928
-0.06388 +0.04155 +0.12228 +0.00512 +0.04976 -0.05783
-0.07133 +0.03460 +0.02166 +0.06010 +0.00238 -0.02521
-0.08230 +0.02497 -0.05806 -0.08121 +0.07394 -0.06757
-0.10755 -0.16408 -0.01900 +0.00530 +0.06805 -0.08035
-0.03501 -0.03996 +0.06423 +0.02503 +0.01023 +0.05180
-0.01583 -0.01630 -0.04355 +0.00853 -0.04642 -0.02063
-0.00561 -0.00507 +0.12311 +0.07433 +0.02579 -0.04694
-0.00207 +0.01740 -0.00672 +0.02117 +0.00084 +0.00758
-0.00912 -0.00474 +0.02169 +0.07892 +0.00122 +0.00352
-0.00839 +0.00037 +0.00253 +0.07602 +0.08446 -0.04164
-0.01252 -0.00865 -0.11693 +0.01026 -0.01220 -0.06213
-0.00589 +0.00192 -0.03613 +0.05302 +0.01867 -0.00763
-0.01833 -0.01475 -0.15489 +0.04584 -0.01156 -0.03333
+0.00935 +0.10429 -0.07579 -0.03203 +0.05723 -0.08533
-0.01968 +0.16234 +0.03777 -0.07163 +0.10631 +0.01242
-0.08259 +0.01142 +0.14001 +0.05695 +0.08578 +0.00695
-0.07199 +0.04655 -0.00794 -0.09746 -0.02248 +0.05649
-0.07331 +0.03399 +0.13152 +0.05030 +0.04019 +0.03530
-0.07730 +0.04200 +0.04697 +0.08874 +0.02155 +0.08553
-0.07249 +0.02743 +0.13991 +0.11318 +0.00950 +0.05238
-0.07312 +0.04074 +0.06768 +0.01821 +0.07899 +0.01105
-0.06600 +0.04782 +0.05909 -0.03845 -0.03305 +0.01890
-0.08395 +0.02326 -0.03650 +0.01208 -0.00098 +0.06819
-0.06772 +0.04503 +0.04406 -0.01023 +0.02633 +0.04001
-0.08985 +0.02311 -0.11125 +0.05694 +0.01259 +0.07660
-0.07246 +0.03742 +0.03039 +0.04253 +0.02033 +0.02472
-0.07768 +0.02059 +0.03174 +0.02635 -0.02621 +0.04525
-0.12504 -0.17904 +0.01304 -0.05486 +0.02207 +0.07500
-0.03730 -0.04499 -0.00517 +0.00583 +0.09446 -0.04087
-0.01739 -0.02352 +0.00528 +0.07289 +0.02837 -0.04023
-0.00637 +0.00526 +0.00236 +0.07165 +0.04791 +0.01755
-0.00673 +0.00595 +0.02496 +0.05235 +0.05989 -0.00559
-0.00958 -0.00242 +0.01744 +0.08523 +0.07643 -0.01398
-0.00188 +0.01425 +0.00907 +0.03351 +0.02531 +0.01139
-0.00508 +0.00781 -0.03834 +0.03197 -0.00068 -0.01777
-0.00308 -0.00307 +0.08415 +0.04851 -0.05250 -0.00636
+0.00180 +0.01730 +0.04598 +0.02765 +0.04244 -0.02084
-0.00931 +0.00161 -0.08659 -0.03947 -0.13716 +0.04749
+0.00464 +0.01840 +0.05659 +0.03779 +0.04111 -0.03404
-0.00251 +0.00494 +0.00239 +0.06242 +0.00407 -0.01063
+0.00842 +0.12536 -0.03794 +0.00234 +0.03402 -0.04946
-0.01741 +0.16516 -0.00396 -0.11001 +0.08272 -0.03233
-0.07987 +0.02470 +0.06241 -0.09163 +0.06514 -0.05025
-0.08980 +0.00924 +0.01336 -0.06516 +0.01611 +0.04813
-0.08656 +0.02101 -0.01207 -0.01354 +0.08943 +0.02208
-0.07822 +0.03109 -0.02114 -0.02670 +0.10686 -0.01583
-0.07776 +0.02129 +0.02385 -0.05283 +0.06690 -0.00426
-0.07685 +0.02890 +0.00959 -0.03746 +0.08252 +0.01297
-0.08034 +0.01716 +0.03427 +0.01061 -0.01126 +0.07091
-0.08105 +0.02753 -0.03559 +0.03624 +0.07864 +0.03355
-0.09573 -0.02760 -0.06610 -0.06208 +0.11818 +0.01140
-0.11044 -0.13392 +0.04067 -0.01427 +0.04223 +0.02013
-0.04458 -0.00089 -0.02655 -0.00485 -0.00563 +0.04378
-0.04328 +0.00164 +0.01312 -0.06138 +0.05723 +0.04550
-0.04716 -0.00457 -0.00486 -0.08280 +0.02519 +0.04376
-0.03815 +0.00262 +0.05283 -0.03256 -0.00559 +0.03374
-0.04604 -0.00824 +0.03657 -0.10697 +0.03673 +0.04250
-0.01133 +0.16006 +0.00902 -0.09402 -0.09704 +0.11017
-0.06671 +0.06665 -0.02079 -0.06250 -0.00709 +0.03371
-0.08493 +0.00617 +0.05546 -0.02652 +0.01969 -0.02909
-0.07271 +0.05048 +0.03759 +0.02729 +0.04591 +0.05341
-0.12674 -0.16135 -0.10854 -0.13815 +0.02068 +0.05385
-0.06238 -0.10772 +0.05070 -0.00964 -0.03434 +0.04745
-0.02196 -0.03277 -0.03153 +0.05458 +0.03565 +0.00330
-0.01040 -0.01886 -0.02164 +0.01424 -0.04879 +0.00157
-0.00696 -0.01321 +0.01826 +0.06628 +0.02201 +0.01972
-0.00102 -0.01175 +0.07142 -0.00012 -0.03736 -0.00466
-0.00098 -0.00386 -0.00954 -0.01893 -0.03556 -0.01476
+0.00000 +0.00000 +0.00000 +0.00000 +0.00000 +0.00000
-0.01879 -0.04311 -0.04681 +0.05190 -0.04650 +0.04031
+0.00019 +0.00193 -0.08863 +0.03941 -0.07199 -0.00248
-0.00558 -0.01558 -0.03501 +0.05676 -0.01280 -0.00786
+0.00375 -0.00974 +0.03021 +0.05176 -0.00949 -0.04254
-0.00884 -0.01816 -0.02571 +0.05660 -0.03707 +0.04980
-0.00496 -0.00064 -0.10851 +0.06206 +0.02231 -0.02712
+0.00038 -0.00246 -0.00656 +0.01997 -0.03258 +0.02291
-0.00086 +0.00257 +0.05009 +0.00751 +0.02042 +0.03419
+0.00011 -0.00538 +0.00638 +0.05073 +0.04113 -0.01857
-0.00388 +0.00430 +0.00376 +0.03132 -0.02617 +0.08044
+0.00187 -0.00095 +0.01800 +0.04984 +0.02194 -0.04597
-0.00565 -0.00549 -0.08987 -0.01348 -0.03762 -0.00774
-0.00577 -0.00747 -0.02583 +0.04059 -0.02703 +0.05106
-0.00317 -0.01420 +0.01195 +0.02348 -0.10358 +0.05282
+0.00706 +0.00431 +0.07335 -0.03423 -0.03747 +0.02855
+0.00875 +0.01879 +0.07721 -0.02801 -0.07297 +0.05459
-0.00146 +0.00910 -0.03733 +0.00001 -0.01585 +0.02682
-0.00236 -0.00984 -0.01063 +0.02255 +0.02223 -0.04705
+0.02089 +0.06416 +0.11169 +0.02402 -0.03777 +0.06729
+0.04088 +0.26898 +0.01118 -0.00947 -0.03938 +0.00563
-0.06705 +0.02903 +0.08112 -0.05411 -0.07261 +0.00703
-0.06957 +0.01707 +0.09445 -0.08387 -0.03893 -0.03721
-0.06727 +0.03165 +0.06521 +0.00172 -0.01099 +0.00455
-0.06961 +0.03023 -0.01507 -0.00501 +0.14945 -0.11444
-0.06783 +0.03721 +0.01333 -0.04919 -0.04649 +0.02668
-0.07675 +0.02896 +0.12907 +0.02773 +0.01975 +0.00636
-0.07958 +0.02339 +0.05969 -0.04303 -0.02245 +0.01349
-0.06933 +0.02208 +0.03655 -0.03266 +0.01910 -0.06592
-0.06743 +0.03440 +0.09283 -0.02981 -0.02454 +0.00808
-0.07888 +0.02689 -0.02226 -0.06322 -0.03122 -0.00968
-0.09488 +0.00515 -0.13559 -0.00496 -0.01046 -0.00244
-0.08330 +0.01654 +0.03557 +0.03214 -0.01970 +0.05225
-0.07950 +0.03609 +0.00300 -0.06318 -0.08125 +0.04847
-0.07765 +0.03904 -0.06283 -0.08477 -0.03640 +0.00752
-0.09227 +0.02637 -0.07589 +0.03615 +0.05902 +0.04668
-0.07089 +0.01731 +0.01814 +0.00913 +0.04629 -0.10769
-0.06605 +0.03823 +0.08228 -0.04827 +0.05545 -0.06200
-0.06549 +0.04181 +0.06557 -0.05068 -0.02435 +0.01816
-0.08913 +0.00488 -0.03543 +0.07584 -0.03310 +0.06665
-0.07275 +0.05708 +0.01853 -0.04390 -0.02444 +0.11203
-0.08926 +0.01456 -0.04659 +0.05163 +0.02585 +0.08024
-0.07092 +0.05059 -0.08118 -0.01897 +0.07333 +0.02032
-0.07524 +0.02215 +0.07610 +0.04766 +0.02810 +0.00603
-0.10546 -0.12190 +0.06286 -0.08837 -0.01069 +0.02843
-0.05593 -0.03154 +0.01606 -0.04721 +0.01590 +0.02415
-0.04220 -0.00010 -0.01338 -0.09754 -0.07399 +0.10471
-0.03970 +0.00550 +0.03361 -0.03729 -0.02260 +0.10102
-0.04917 -0.01344 -0.03424 -0.03157 -0.05040 +0.10039
-0.04742 -0.01832 -0.00590 +0.00889 +0.00457 +0.02964
-0.02968 +0.01355 +0.09953 -0.04060 +0.02693 +0.01407
-0.03839 +0.00167 +0.01941 -0.06510 -0.04784 +0.06861
-0.01074 +0.11872 +0.10841 -0.08823 -0.00882 -0.00118
-0.05686 +0.08849 -0.01535 -0.08794 +0.05768 +0.01453
-0.08715 +0.02840 -0.03463 -0.08894 +0.02037 +0.09487
-0.09239 +0.00590 -0.00496 +0.00075 +0.04279 +0.05614
-0.08643 +0.02482 -0.09960 -0.08125 +0.04451 +0.05691
-0.08750 -0.00049 +0.04325 +0.00713 -0.01599 +0.08606
-0.06430 +0.05037 +0.05223 -0.11226 -0.00761 +0.03367
-0.07605 +0.01992 -0.01481 -0.05767 -0.00934 +0.02692
-0.07663 +0.02241 -0.03216 +0.00582 +0.08342 -0.05180
-0.10165 -0.00997 -0.02214 -0.10810 +0.06571 +0.08053
-0.10843 -0.16379 +0.05071 +0.01840 +0.05831 +0.03686
-0.02763 -0.02299 +0.05737 -0.00471 +0.03924 +0.00919
-0.02007 -0.01524 +0.02324 +0.03473 +0.11298 +0.02057
-0.02065 -0.01393 -0.07214 +0.02244 +0.06131 +0.01960
-0.01428 -0.00990 +0.01493 +0.02612 -0.07659 +0.08769
-0.00958 -0.01344 +0.04305 +0.04112 -0.01400 +0.07662
-0.00942 -0.00630 +0.01427 +0.05766 -0.06458 +0.08010
+0.00392 +0.01658 +0.05087 +0.01831 -0.03258 +0.05257
-0.00144 +0.01448 +0.01359 +0.01729 +0.00363 +0.04486
-0.00855 -0.00920 -0.02500 +0.08179 -0.00165 +0.04718
+0.00070 +0.01242 +0.01109 +0.06462 +0.08179 +0.02887
-0.01083 -0.00242 -0.08669 +0.03961 +0.01946 -0.01154
-0.00514 +0.00703 +0.04507 +0.07976 +0.03442 +0.06707
-0.00483 +0.01240 -0.07677 +0.04462 +0.00322 +0.03375
-0.00716 +0.00622 -0.00630 +0.03168 -0.01495 +0.10157
-0.00203 +0.01304 +0.03795 +0.05934 +0.08035 +0.05170
-0.00302 +0.01699 +0.00093 +0.05322 +0.06170 +0.09091
+0.02203 +0.25643 -0.20589 -0.13351 +0.03390 +0.00032
-0.07067 +0.03276 +0.04814 -0.02847 +0.01540 -0.03450
-0.08324 +0.02867 -0.06621 -0.04515 -0.03013 +0.06882
-0.08576 -0.00556 +0.03321 +0.06067 +0.03848 -0.00489
-0.07828 +0.02344 -0.06798 +0.02211 +0.02307 -0.01074
-0.07949 +0.00418 +0.01287 +0.03385 -0.02790 -0.01507
-0.07241 +0.03530 -0.09942 -0.03813 +0.00220 -0.01989
-0.09049 -0.00058 -0.04139 +0.06301 -0.09277 +0.12811
-0.08281 +0.01693 -0.06460 -0.06078 +0.06610 -0.03065
-0.11164 -0.18927 +0.06219 -0.04075 +0.03827 +0.06280
-0.03336 -0.04279 +0.03028 +0.04482 +0.06781 +0.06274
-0.02211 -0.02054 -0.09560 -0.01723 -0.03220 +0.05988
-0.01095 -0.01148 +0.04318 +0.05033 +0.02160 +0.06978
-0.01399 -0.00168 -0.08862 +0.03860 +0.06978 +0.04685
-0.01384 -0.00495 -0.07257 +0.01212 -0.00688 +0.06783
-0.01872 -0.01372 +0.01689 +0.02777 -0.03301 +0.17481
-0.01395 +0.00062 -0.11025 +0.04841 -0.00988 +0.12629
-0.00274 +0.00302 +0.01079 +0.06817 +0.03055 +0.02917
-0.00610 +0.00707 +0.02277 +0.05777 +0.06451 +0.09196
-0.00725 -0.00265 -0.09091 +0.02041 -0.08068 +0.04506
-0.00696 -0.00011 +0.02542 +0.04023 -0.04861 +0.09445
+0.00022 +0.00544 +0.07747 +0.00884 -0.03742 +0.04571
-0.00126 +0.01078 +0.05526 +0.07939 -0.06278 +0.12316
+0.00625 +0.01974 +0.00954 +0.05791 -0.00752 +0.00318
-0.00577 -0.00372 +0.02548 +0.08972 -0.02405 +0.07489
-0.00136 +0.01316 -0.02559 +0.10173 +0.07391 -0.01982
+0.00327 +0.00863 +0.05075 +0.00004 -0.05062 +0.01924
+0.00361 +0.02770 +0.04266 +0.04589 +0.05820 +0.09145
+0.00303 +0.01596 +0.01296 +0.02022 -0.11109 +0.06905
+0.04713 +0.22247 +0.07106 +0.08299 -0.03178 +0.14835
-0.04547 +0.09587 -0.02783 -0.07796 +0.01720 +0.01425
-0.08437 +0.01888 +0.05023 +0.01070 +0.03347 +0.07187
-0.07473 +0.02213 +0.08008 -0.01194 -0.02187 +0.06203
-0.07510 +0.03466 +0.01291 +0.06628 +0.09286 +0.03560
-0.07757 +0.02125 -0.07931 -0.02498 -0.06522 +0.02657
-0.07665 +0.02240 -0.03473 -0.01399 +0.07384 -0.00664
-0.07848 +0.01956 -0.04632 +0.05513 +0.11224 -0.03546
-0.08126 +0.03977 -0.08923 -0.04180 -0.02747 +0.13396
-0.08366 +0.01144 -0.01318 +0.03272 +0.03057 +0.03695
-0.07679 +0.01943 +0.06242 +0.03920 +0.03867 +0.03765
-0.07012 +0.03746 -0.03341 +0.10809 +0.00302 +0.06902
-0.08653 -0.00213 -0.07922 +0.05835 +0.03291 -0.01658
-0.07104 +0.05286 +0.02068 +0.00673 +0.07979 +0.09275
-0.07319 +0.03975 -0.01101 +0.07158 +0.08251 +0.04810
-0.10409 -0.09886 +0.08149 -0.07803 -0.01134 +0.03807
-0.06545 -0.11639 +0.05905 +0.06843 +0.03979 -0.09148
-0.01957 -0.02306 -0.03836 +0.03746 -0.04415 -0.01191
-0.00643 -0.01247 +0.07613 +0.05037 -0.12465 +0.02836
-0.00073 +0.01870 +0.00458 +0.07020 -0.04282 +0.08737
-0.00986 +0.00485 -0.12945 +0.03300 -0.10517 +0.04755
-0.00702 +0.00116 -0.07393 +0.02473 -0.01188 -0.02501
+0.01217 +0.11523 -0.08738 +0.01146 -0.01069 -0.11648
-0.01605 +0.16514 -0.00695 -0.02494 +0.00043 -0.00048
-0.08272 +0.04154 -0.01796 +0.01415 +0.00339 -0.02973
-0.08881 +0.02569 -0.05900 +0.01891 +0.03009 +0.00673
-0.07549 +0.04469 +0.00851 +0.04571 +0.07458 -0.03891
-0.07356 +0.04910 +0.02072 -0.04789 -0.01990 +0.04698
-0.09043 +0.03699 -0.07840 +0.02129 +0.04718 +0.10601
-0.09311 +0.02541 -0.13042 +0.04193 +0.01801 +0.06832
-0.08515 +0.02738 -0.03688 +0.05489 +0.10545 +0.03139
-0.08521 +0.04423 -0.10570 -0.02919 -0.08851 +0.13834
