  351.45769 
  351.06421 
  350.06407 
  349.74889 
  350.12249 
  349.43556 
  349.42960 
  349.47391 
  349.93686 
  349.79791 
  349.86670 
  349.42603 
  346.48728 
  333.89104 
  333.65655 
  333.58637 
  334.92644 
  333.90364 
  337.03021 
  350.90454 
  348.34680 
  348.98569 
  347.35764 
  347.78154 
  347.91608 
  348.18146 
  348.01981 
  348.68639 
  348.33635 
  347.64360 
  344.57743 
  336.39362 
  335.16999 
  333.81700 
  334.81077 
  335.67568 
  336.02490 
  335.85259 
  336.33187 
  342.76333 
  351.17870 
  350.31399 
  350.56653 
  351.12560 
  350.89499 
  351.28604 
  351.03998 
  350.44594 
  350.46712 
  351.00360 
  350.41794 
  350.70737 
  350.85520 
  350.55241 
  338.28884 
  338.19602 
  337.56863 
  338.16482 
  339.76208 
  354.03224 
  353.03631 
  352.63906 
  352.58406 
  351.89640 
  352.22484 
  351.50168 
  351.76153 
  351.20059 
  351.31704 
  351.64784 
  352.10143 
  351.12831 
  351.24863 
  351.07738 
  351.10903 
  351.53592 
  351.40214 
  351.99932 
  351.76267 
  351.84399 
  351.35991 
  336.51454 
  336.99061 
  337.25980 
  337.61554 
  338.31410 
  337.65703 
  343.17691 
  350.29121 
  350.27952 
  349.55170 
  338.67808 
  336.07786 
  336.35231 
  336.09239 
  336.45182 
  342.48006 
  351.23661 
  351.57680 
  350.56499 
  330.05433 
  347.73394 
  349.34804 
  350.26720 
  351.22009 
  354.43103 
  332.62763 
  332.81609 
  333.58712 
  339.72700 
  349.20331 
  348.19412 
  348.63712 
  347.93555 
  347.06620 
  348.40352 
  336.43537 
  341.11671 
  347.00788 
  346.71082 
  348.95452 
  341.57467 
  333.92772 
  332.94263 
  340.06267 
  348.24926 
  347.11398 
  347.18032 
  346.57038 
  335.09352 
  333.93837 
  343.60693 
  347.81044 
  348.05884 
  350.60396 
  347.91531 
  339.53335 
  340.48928 
  349.21892 
  349.12519 
  348.85596 
  335.46985 
  332.83056 
  338.21958 
  349.73328 
  349.02760 
  337.88297 
  331.79515 
  349.35823 
  347.73587 
  348.42579 
  342.47518 
  336.28363 
  337.62054 
  349.86457 
  349.62049 
  349.60367 
  349.09074 
  346.65234 
  336.58322 
  335.84690 
  335.67177 
  341.97259 
  351.26612 
  351.16323 
  350.77243 
  351.40704 
  350.69137 
  351.06237 
  351.07976 
  347.74536 
  330.92452 
  332.37826 
  349.44440 
  349.66823 
  351.21006 
  351.23269 
  352.05412 
  351.70751 
  353.73620 
  353.72171 
  353.61072 
  337.92716 
  335.88364 
  336.65245 
  336.24906 
  336.44244 
  340.73265 
  350.94726 
  350.21567 
  350.33301 
  351.15313 
  350.97563 
  350.59441 
  351.06402 
  351.11880 
  351.08393 
  351.31937 
  351.05075 
  351.45393 
  351.42938 
  351.47227 
  351.30666 
  351.74839 
  351.65193 
  351.70825 
  351.79751 
  351.58084 
  351.21142 
  351.71087 
  351.59502 
  351.85702 
  351.43664 
  351.61299 
  351.61083 
  351.40663 
  351.45640 
  351.43068 
  351.18192 
  351.50892 
  351.64000 
  351.19135 
  351.36979 
  351.47899 
  351.37110 
  351.70976 
  351.56827 
  343.53521 
  336.87805 
  337.30133 
  337.65252 
  338.08154 
  338.47001 
  338.33824 
  342.94175 
  351.27413 
  350.61926 
  351.18388 
  351.38868 
  351.43959 
  351.13930 
  351.14034 
  351.70773 
  351.83091 
  351.69146 
  351.24499 
  351.63295 
  351.74183 
  351.66324 
  351.44004 
  352.09297 
  351.02836 
  351.87553 
  352.41489 
  351.82319 
  351.78847 
  351.74768 
  352.11261 
  352.18124 
  352.01631 
  351.86110 
  351.74779 
  352.24568 
  352.01918 
  351.99870 
  351.90460 
  348.14484 
  336.85271 
  337.27214 
  337.04105 
  337.18827 
  337.68402 
  342.12351 
  351.17063 
  351.03666 
  350.51985 
  350.34854 
  351.50067 
  351.11657 
  350.99384 
