-0.03252 -0.00757 -0.17639 -0.02522 +0.10971 -0.00821
-0.05344 +0.03032 -0.07789 -0.09050 +0.07765 -0.00054
-0.04760 +0.01669 -0.08704 -0.07468 +0.07922 -0.05768
-0.03277 +0.00930 -0.05694 -0.09058 +0.04284 -0.03188
-0.03694 +0.02152 -0.03266 -0.10374 +0.03249 -0.03645
-0.04765 +0.02683 -0.05648 -0.08347 +0.04396 -0.04843
-0.04554 +0.02750 -0.03218 -0.09489 -0.01502 -0.00903
-0.03381 +0.03203 -0.01686 -0.07699 +0.00845 +0.03989
-0.03794 +0.02138 -0.02726 -0.07312 +0.03657 +0.01627
-0.02380 +0.01969 -0.02887 -0.10757 +0.04605 +0.01609
-0.02272 +0.02562 -0.01171 -0.10952 +0.05302 +0.01289
-0.03053 +0.02855 -0.01476 -0.09860 +0.06983 +0.00515
-0.06845 +0.05492 +0.01201 -0.11209 +0.04203 -0.06159
-0.16063 +0.08089 +0.02295 -0.06802 -0.00338 -0.04759
-0.07159 -0.04181 -0.03357 -0.11592 +0.06145 -0.04099
-0.06112 -0.05337 -0.03285 -0.10499 +0.00902 -0.00898
-0.06853 -0.05873 -0.08556 -0.05067 -0.02176 +0.00417
-0.05113 -0.06809 -0.03323 -0.11819 +0.07431 -0.05535
-0.02623 -0.07992 -0.04378 -0.07014 +0.04178 -0.01387
+0.04918 -0.10109 -0.08965 -0.20428 +0.05825 +0.00629
-0.04904 +0.04456 -0.06382 -0.09827 +0.01616 -0.01392
-0.03489 +0.02419 -0.05993 -0.13370 -0.04315 +0.03161
-0.04255 +0.03632 -0.05596 -0.08866 -0.04925 -0.01467
-0.03692 +0.02234 -0.05918 -0.07938 -0.01097 -0.03931
-0.03819 +0.02307 -0.04711 -0.09818 +0.00901 -0.04738
-0.04176 +0.03173 -0.03172 -0.08117 -0.01351 -0.00675
-0.04780 +0.02340 -0.09153 -0.01011 +0.01056 -0.02274
-0.03148 +0.03286 +0.00627 -0.07778 -0.00170 +0.00149
-0.03606 +0.02415 -0.02962 -0.08914 -0.02405 -0.03563
-0.04595 +0.04921 -0.00585 -0.09308 -0.04278 +0.00635
-0.07710 +0.06700 +0.00932 -0.09338 +0.02496 -0.05300
-0.15173 +0.05584 +0.00740 -0.02607 -0.07753 -0.03390
-0.07277 -0.04736 -0.04582 -0.11592 -0.00166 -0.06221
-0.07524 -0.03918 -0.07296 -0.08919 +0.00850 -0.05128
-0.06464 -0.03418 -0.04883 -0.08653 -0.01698 -0.00854
-0.06299 -0.05557 -0.07307 -0.13036 -0.02022 -0.04659
-0.08794 -0.04382 -0.07916 -0.00822 +0.01528 -0.04089
-0.07330 -0.05623 -0.08088 -0.05455 -0.02396 -0.04949
-0.07904 -0.05002 -0.09436 -0.04968 -0.02997 -0.07297
+0.00447 -0.07879 -0.04907 -0.10664 -0.03971 +0.01786
+0.00122 -0.03339 -0.07441 -0.08995 +0.03771 +0.02233
-0.04252 +0.00955 -0.06552 -0.01565 -0.01503 -0.01115
-0.02880 +0.01137 -0.08265 -0.09524 +0.04175 -0.01802
-0.04743 +0.02322 -0.10626 -0.03013 -0.01723 -0.01025
-0.04605 +0.04116 -0.02788 -0.03435 -0.00415 +0.03958
-0.04418 +0.01114 -0.14239 +0.01088 +0.05360 +0.00688
-0.04535 +0.02948 -0.05742 -0.08796 -0.07852 +0.00623
-0.05474 +0.04096 -0.07871 -0.05901 -0.03394 -0.00652
-0.03947 +0.05340 +0.01311 -0.08792 -0.06385 +0.05182
-0.04874 +0.04803 -0.02364 -0.10452 -0.06269 -0.00605
-0.04611 +0.05971 -0.01931 -0.08174 -0.01548 +0.04006
-0.05626 +0.04210 -0.04776 -0.05809 -0.03271 -0.01005
-0.03963 +0.04231 -0.01655 -0.08335 -0.06935 +0.00557
-0.05789 +0.04119 -0.06074 -0.06062 -0.05567 -0.04994
-0.16636 +0.04136 -0.04358 +0.03333 -0.06577 -0.07862
-0.10059 -0.05558 +0.03820 -0.06435 -0.04773 -0.06648
-0.08322 -0.06702 +0.01103 -0.07264 -0.03748 -0.03785
-0.09293 -0.06935 -0.03524 -0.05265 +0.00117 -0.10128
-0.03999 -0.10726 -0.03451 -0.00685 +0.03542 +0.03725
+0.07950 -0.05305 +0.02164 -0.06821 +0.12202 +0.09416
+0.00326 +0.06753 +0.03185 -0.11575 +0.03714 +0.01150
-0.03207 +0.12026 +0.08734 -0.03528 +0.07031 +0.01758
-0.03748 +0.10518 +0.02503 +0.03148 +0.05396 +0.03128
-0.01976 +0.08560 +0.00966 -0.06934 +0.00140 -0.01311
-0.02239 +0.09826 +0.04770 -0.03765 +0.03920 -0.02775
-0.03145 +0.10339 +0.02667 +0.03279 +0.03681 +0.00986
-0.02062 +0.08330 +0.01607 -0.05457 +0.00636 -0.03639
-0.03539 +0.10898 +0.05787 +0.00405 -0.00277 -0.02139
-0.02300 +0.09393 +0.04248 -0.03467 -0.03585 -0.03033
-0.02348 +0.09321 +0.00095 -0.02549 -0.01842 -0.02582
-0.02316 +0.11551 +0.06823 -0.07825 -0.08257 +0.02304
-0.04350 +0.11824 +0.02359 -0.02616 -0.02672 -0.03993
-0.03011 +0.11929 +0.09089 -0.04758 -0.00659 -0.02648
-0.02258 +0.11090 +0.08083 -0.05404 -0.01268 -0.03089
-0.02637 +0.10534 +0.02119 -0.04143 -0.00576 -0.03415
-0.03111 +0.08923 -0.02650 -0.03663 +0.01396 -0.07902
-0.01868 +0.10282 +0.04715 -0.09135 -0.07901 +0.00061
-0.05231 +0.09851 -0.05417 +0.05562 +0.03323 -0.07323
-0.02598 +0.09894 +0.03963 -0.05410 +0.09202 -0.08204
-0.02350 +0.10676 +0.03551 -0.03284 +0.04138 -0.02746
-0.03210 +0.10544 +0.02147 -0.04071 +0.01419 -0.06364
-0.21615 +0.11543 +0.06079 +0.11159 -0.01015 -0.11965
-0.09166 -0.06772 +0.05011 -0.02351 +0.07108 -0.05838
-0.07284 -0.09944 +0.03383 -0.04633 -0.00974 -0.07252
-0.07154 -0.09085 +0.04804 -0.04970 -0.07136 -0.04309
-0.07738 -0.08337 +0.06357 -0.05643 +0.04886 -0.06934
-0.07148 -0.09638 +0.04540 -0.04077 -0.01198 -0.07166
-0.02111 -0.10500 +0.00522 -0.08460 +0.03599 -0.04938
+0.00957 -0.06902 +0.01891 -0.05838 -0.00827 +0.06263
-0.03343 -0.01353 +0.00343 -0.00819 +0.03323 +0.01988
-0.04389 -0.00645 +0.01321 +0.02582 +0.09262 +0.00653
-0.14882 +0.04611 +0.02677 +0.04817 +0.06884 -0.07438
-0.08817 -0.05375 +0.01678 -0.02092 +0.04443 -0.02327
-0.07541 -0.07160 +0.05079 -0.00292 +0.03687 -0.02726
-0.05310 -0.08809 -0.01813 -0.08765 +0.02383 -0.03333
-0.08408 -0.05580 +0.04669 -0.02498 +0.06428 -0.02724
-0.00229 -0.07927 +0.04002 -0.09939 -0.03169 +0.07399
+0.00058 -0.05938 +0.00213 -0.06309 +0.10976 +0.01090
-0.02709 -0.00713 +0.04443 -0.05820 +0.06427 +0.03950
-0.05175 +0.00392 +0.02005 -0.02017 +0.07959 +0.00501
-0.12993 +0.07791 -0.08680 -0.00579 -0.05161 +0.03017
+0.01904 +0.02800 -0.15002 -0.02054 -0.15815 +0.05601
+0.02651 +0.05534 -0.04312 -0.11351 -0.04523 +0.02752
+0.01185 +0.05184 -0.06392 -0.00285 -0.07590 +0.01027
+0.02559 +0.03187 -0.09209 -0.02759 -0.01409 -0.03085
+0.03885 +0.01184 +0.00317 -0.07827 -0.05612 -0.03719
-0.14480 +0.01526 +0.15375 +0.07745 -0.05069 +0.06318
-0.06912 -0.09193 +0.13194 -0.03152 +0.02597 -0.00013
-0.06697 -0.12129 +0.06444 -0.00825 +0.03008 -0.03272
+0.01772 -0.13866 +0.07447 -0.08365 +0.03477 +0.03707
+0.01247 -0.07476 +0.05884 -0.04296 +0.09027 +0.07716
-0.02244 -0.03432 +0.05856 -0.02848 +0.07082 +0.03467
-0.01585 -0.04275 +0.05883 -0.06993 +0.07637 +0.02980
-0.02134 -0.03220 +0.06071 -0.05986 +0.06405 +0.00898
-0.03304 -0.02543 +0.04724 -0.04268 +0.10166 +0.00408
-0.03087 -0.02697 +0.05703 -0.02965 +0.01504 +0.05841
-0.09955 -0.00293 -0.07038 -0.00710 -0.00675 -0.00101
+0.00719 +0.04146 -0.04005 -0.07030 -0.08859 +0.09614
+0.03398 +0.03611 +0.00656 -0.09547 -0.01911 +0.09203
+0.02457 +0.04716 +0.01794 -0.05010 -0.00589 +0.09041
+0.02623 +0.04171 -0.00390 +0.00919 +0.01874 +0.07875
-0.02671 +0.01097 +0.08730 +0.01261 +0.03263 +0.07323
-0.11351 -0.02573 +0.11365 +0.08319 +0.01392 +0.07728
-0.05339 -0.11163 +0.07382 -0.00548 -0.01271 -0.00148
+0.01382 -0.12102 +0.09042 -0.10067 -0.03121 +0.07282
+0.01558 -0.08632 +0.12209 -0.08444 -0.05039 +0.03436
-0.02965 -0.04081 +0.08113 -0.03146 -0.08235 +0.01855
-0.04542 -0.04542 +0.05029 +0.04526 +0.00109 -0.02712
-0.03077 -0.04106 +0.13583 -0.03626 -0.00698 -0.04296
-0.14736 -0.03156 +0.08491 -0.03442 -0.04969 -0.09107
-0.09360 -0.09757 +0.04432 +0.00196 -0.04182 -0.09712
+0.02684 -0.15424 -0.02705 -0.01409 +0.03771 -0.01461
+0.00609 -0.09871 +0.03064 -0.04758 +0.05797 -0.06380
-0.03718 -0.03672 +0.08172 -0.01184 +0.01637 -0.01749
-0.02206 -0.03635 +0.04316 -0.10042 -0.05280 +0.03687
-0.05490 -0.01502 +0.03421 -0.00582 -0.07411 -0.03818
-0.06713 -0.02786 +0.06748 -0.02481 +0.04927 -0.07476
-0.05385 +0.08458 -0.08562 +0.01845 -0.16189 +0.02913
+0.06810 -0.01465 +0.00448 -0.09835 -0.06238 +0.01546
+0.00099 +0.03982 -0.00558 +0.05195 +0.00947 -0.03434
+0.00000 +0.00000 +0.00000 +0.00000 +0.00000 +0.00000
-0.12509 -0.01061 +0.13524 +0.01300 +0.02622 +0.02611
-0.05999 -0.10845 +0.02854 -0.03468 -0.05077 +0.01987
-0.00450 -0.12954 +0.03929 -0.03391 +0.00728 +0.02972
+0.04354 -0.12139 +0.05244 -0.06272 -0.11624 +0.08219
-0.02810 -0.03497 +0.08840 -0.02255 -0.02110 -0.00636
-0.13685 -0.01369 +0.01185 +0.03094 -0.08905 -0.06171
-0.09455 -0.07269 +0.03018 -0.04275 -0.08806 -0.03722
+0.05557 -0.17301 -0.05760 +0.05118 -0.00362 +0.01829
-0.02029 -0.02551 +0.09060 -0.00017 -0.09695 +0.03814
-0.01718 -0.04685 +0.03527 -0.01412 -0.00813 -0.06102
-0.11203 -0.00419 -0.01338 +0.00414 +0.00239 -0.11222
-0.11549 -0.04844 -0.03752 +0.07625 -0.07902 -0.04234
-0.02792 -0.12696 -0.10870 +0.08681 -0.01703 -0.02624
+0.06895 -0.14602 -0.01110 -0.09262 +0.01435 -0.00664
-0.02396 -0.02849 -0.00359 +0.01128 -0.01055 -0.02584
-0.02726 -0.01327 +0.06067 -0.00877 -0.06188 -0.04531
-0.02077 -0.01201 +0.05735 -0.01888 -0.03615 -0.03350
-0.05280 +0.01216 +0.08644 +0.00223 -0.02034 -0.05095
-0.15292 -0.01039 -0.06731 +0.07231 -0.08940 -0.10780
-0.08024 -0.08794 -0.02339 +0.08693 -0.04152 -0.08211
-0.06646 -0.10860 +0.01182 +0.06786 -0.03441 -0.08611
+0.01635 -0.12358 +0.04869 -0.10276 -0.08903 -0.01291
+0.01840 -0.09226 -0.06133 +0.00222 -0.02270 -0.02702
-0.03121 -0.02357 -0.03238 +0.02824 +0.00486 -0.06357
-0.03567 -0.02094 -0.04756 +0.05313 -0.04585 -0.04321
-0.02234 -0.03170 -0.07057 +0.01926 -0.09473 -0.04572
-0.03687 +0.02517 +0.05058 -0.01661 -0.07672 +0.00502
-0.05128 -0.00837 -0.07008 +0.11712 -0.03048 -0.04253
-0.03631 +0.00565 +0.01288 +0.05399 -0.07472 +0.00720
-0.06254 +0.02816 +0.05145 -0.05246 -0.02685 -0.06993
-0.16686 +0.01716 +0.12186 +0.09227 +0.12479 +0.05936
-0.05256 -0.00746 -0.22723 +0.02436 -0.36593 +0.19072
+0.06476 -0.05458 -0.05179 -0.09331 -0.12387 +0.07865
+0.00839 +0.01285 -0.09565 +0.02153 -0.13497 +0.03817
+0.01685 +0.02328 -0.03995 -0.00933 -0.11093 +0.02827
+0.00080 +0.02138 -0.07011 +0.04900 -0.09300 -0.00864
+0.02302 +0.02876 -0.01826 -0.05658 -0.07061 -0.00101
-0.00205 +0.03319 -0.04821 +0.01303 -0.08432 -0.07089
+0.02323 -0.00713 +0.02956 -0.04662 -0.08770 -0.03989
+0.00042 +0.00541 +0.03716 -0.01336 -0.05449 -0.06993
-0.00191 +0.01998 +0.06157 -0.00642 -0.01613 -0.03055
-0.13066 +0.03987 +0.15585 +0.00321 +0.07878 -0.00458
-0.11367 -0.08469 +0.02376 +0.14328 -0.06972 +0.02506
-0.06424 -0.12957 +0.08767 +0.03863 -0.07707 +0.04207
-0.06197 -0.11595 +0.00985 +0.01982 -0.05955 +0.04264
-0.07900 -0.09069 +0.14656 -0.00572 -0.19860 +0.05243
-0.02959 -0.15098 -0.01981 +0.07897 -0.09823 +0.06008
+0.03211 -0.10443 +0.04843 -0.12328 +0.01309 +0.08775
-0.04173 -0.00261 +0.10151 -0.00317 -0.02519 +0.10495
-0.03711 -0.04028 -0.00880 +0.01119 -0.03432 +0.04887
-0.05222 -0.01765 +0.01152 +0.04686 -0.03079 +0.05430
-0.03337 -0.01680 +0.03142 -0.04903 -0.00621 +0.05378
-0.03730 +0.00703 +0.09647 -0.04653 -0.03355 +0.08804
-0.04651 -0.02667 -0.02740 +0.02351 -0.00211 +0.01423
-0.05490 -0.01701 -0.01376 +0.02704 +0.05652 +0.01758
-0.04103 -0.00061 +0.08063 +0.01568 -0.04077 +0.10911
-0.04057 +0.00945 +0.07702 +0.00421 +0.00473 +0.09972
-0.05399 -0.00154 +0.01934 +0.01425 -0.01475 +0.04583
-0.03354 -0.01113 +0.00959 -0.01465 -0.04995 +0.08804
-0.06010 +0.00142 +0.01365 +0.03838 -0.01229 +0.03508
-0.05555 +0.00873 +0.06822 +0.02235 -0.00047 +0.08187
-0.04633 -0.00243 +0.02243 +0.03879 -0.01520 +0.06896
-0.04054 -0.00106 +0.03268 -0.02559 -0.05125 +0.05335
-0.05780 -0.01189 -0.04007 +0.02924 -0.01482 +0.00295
-0.03335 -0.00487 +0.04669 -0.06333 -0.11049 +0.08133
-0.06449 +0.01680 +0.06013 +0.03593 -0.04749 +0.05250
-0.04875 -0.01360 -0.00351 +0.00810 -0.03246 +0.01940
-0.05001 -0.02407 -0.06623 +0.02176 -0.03906 +0.00118
-0.05248 +0.00741 +0.02070 +0.03145 +0.02354 +0.05387
-0.04738 +0.00036 -0.00336 -0.00093 +0.00844 +0.03336
-0.04670 -0.00056 +0.01063 +0.04472 -0.00492 +0.07407
-0.05823 -0.01160 -0.04051 +0.07843 +0.00574 +0.00410
-0.04118 -0.00763 +0.00654 +0.03537 +0.01878 +0.05227
-0.03486 +0.01259 +0.02999 -0.01634 -0.04406 +0.09216
-0.04554 +0.01189 +0.02362 -0.01870 -0.13461 +0.06964
-0.07028 +0.02367 +0.03534 +0.06839 +0.03566 +0.03451
-0.04153 -0.00175 +0.00693 +0.05311 -0.02440 +0.07803
-0.04606 -0.01733 -0.05347 +0.03846 -0.01666 -0.00091
-0.04102 +0.00018 +0.00109 +0.01773 -0.00884 +0.05304
-0.05474 +0.00856 +0.00193 +0.07647 +0.00857 +0.06634
-0.04603 +0.00856 +0.01347 +0.04751 -0.00466 +0.07924
-0.03269 +0.01963 +0.05435 -0.04237 -0.04081 +0.09222
-0.05789 +0.01723 -0.00407 +0.04555 -0.03007 +0.03428
-0.04044 +0.01029 +0.01597 -0.02581 -0.03174 +0.05726
-0.05802 +0.00718 -0.02173 +0.07577 +0.01080 +0.03444
-0.04133 +0.01172 +0.01238 +0.03818 +0.01332 +0.07945
-0.09396 +0.04471 +0.00424 +0.00940 +0.00440 +0.06121
-0.14083 +0.01412 -0.05478 +0.07258 +0.06835 +0.04250
-0.06515 -0.08341 -0.06890 +0.06943 +0.07507 +0.08063
-0.07780 -0.07938 -0.04752 +0.10024 +0.08221 +0.06334
-0.05511 -0.07145 -0.05043 +0.01161 -0.01782 +0.13861
-0.09317 -0.07082 -0.09977 +0.04924 +0.07522 +0.00693
-0.07425 -0.07798 -0.08374 +0.06966 +0.10263 +0.03230
-0.00883 -0.10510 -0.07908 -0.00984 -0.00258 +0.07069
+0.01527 -0.05454 -0.02922 -0.00974 +0.12630 +0.14188
-0.02903 +0.02339 +0.02096 -0.04534 +0.06113 +0.12968
-0.03796 +0.01181 -0.02390 +0.00974 +0.02062 +0.12263
-0.03689 +0.01932 +0.01055 +0.00791 +0.02873 +0.10346
-0.03403 +0.01588 -0.02636 -0.03526 +0.02094 +0.10551
-0.04905 +0.02198 -0.02884 +0.01010 +0.05052 +0.08433
-0.03340 +0.00861 -0.03940 -0.01900 -0.01351 +0.10854
-0.04045 -0.00622 -0.10079 +0.01918 +0.05611 +0.05267
-0.04379 +0.01779 -0.03419 -0.00108 -0.00858 +0.08830
-0.04402 +0.03776 -0.00238 -0.04566 -0.00339 +0.08804
-0.04265 +0.02204 -0.03211 -0.02317 +0.01065 +0.06049
-0.04422 +0.01046 -0.03293 -0.02096 +0.00497 +0.07032
-0.04396 +0.04305 +0.01778 -0.04794 +0.04846 +0.10323
-0.04416 +0.00758 -0.13160 +0.04432 +0.02104 +0.10151
-0.05236 +0.02703 -0.03092 +0.03088 -0.01190 +0.09714
-0.03557 +0.01616 -0.03950 -0.02286 +0.03500 +0.07120
-0.04123 +0.04941 +0.03845 -0.05632 +0.02075 +0.12241
-0.04559 +0.02068 -0.04348 +0.00401 +0.04158 +0.05067
-0.05046 +0.00281 -0.10928 +0.03450 +0.09855 +0.00680
-0.03521 +0.01677 -0.03107 -0.01705 -0.00532 +0.08166
-0.04389 +0.02444 -0.02921 +0.00103 +0.04389 +0.07945
-0.04206 +0.01944 -0.04892 -0.00565 +0.04830 +0.06062
-0.03859 +0.02543 -0.04453 -0.00909 +0.03692 +0.09987
-0.04008 +0.03132 -0.03017 -0.05407 +0.03287 +0.08435
-0.04801 +0.04461 -0.01235 -0.03332 +0.03778 +0.08180
-0.03778 +0.05047 +0.01590 -0.05065 +0.00922 +0.12123
-0.04086 +0.05488 +0.05408 -0.06357 -0.00286 +0.10266
-0.04354 +0.05452 +0.03716 -0.07123 -0.02729 +0.09280
-0.05293 +0.04565 -0.01887 +0.01915 -0.00183 +0.10801
-0.04784 +0.03458 -0.03439 -0.02182 +0.01881 +0.07827
-0.03307 +0.01659 -0.04372 -0.04191 +0.01031 +0.06075
-0.07747 +0.06465 -0.02595 -0.03023 +0.08352 -0.01199
-0.16568 +0.05181 -0.02187 +0.12497 +0.01567 +0.03344
-0.07712 -0.06836 -0.06151 +0.01842 +0.06904 +0.01481
-0.07046 -0.07988 -0.10101 -0.00893 +0.09814 -0.01930
-0.06802 -0.08448 -0.12274 +0.04679 +0.04695 +0.02626
-0.06673 -0.07346 -0.09196 -0.02751 +0.02788 -0.01158
+0.00148 -0.06543 -0.01467 -0.08937 +0.04199 +0.12169
+0.00494 -0.02644 +0.00631 -0.02816 +0.07110 +0.15341
-0.04077 -0.00230 -0.08796 +0.02034 +0.11793 +0.03454
-0.02709 +0.03024 +0.04213 -0.02236 +0.07374 +0.14089
-0.04387 +0.01063 -0.06130 +0.07577 +0.10739 +0.08105
-0.02511 -0.00030 -0.03603 +0.01083 +0.07918 +0.08120
-0.03857 +0.01169 -0.04771 -0.00960 +0.10143 +0.03089
-0.03317 +0.00326 -0.03652 +0.02346 +0.03666 +0.07244
