  379.71754 
  379.78738 
  379.48586 
  378.83912 
  379.67205 
  379.08499 
  379.43552 
  380.11769 
  379.67736 
  379.65226 
  378.69151 
  379.41539 
  379.36108 
  379.39367 
  379.13732 
  379.32754 
  379.47274 
  390.83256 
  388.02900 
  386.85347 
  386.58291 
  386.22708 
  385.93310 
  385.71336 
  385.44760 
  385.98803 
  385.78216 
  385.61676 
  385.46115 
  386.05491 
  385.31933 
  385.38317 
  385.45293 
  385.75814 
  385.92228 
  386.33230 
  385.47961 
  385.24467 
  370.83816 
  378.90463 
  377.69705 
  380.00479 
  379.12840 
  379.09292 
  379.28809 
  378.75371 
  379.23023 
  379.58902 
  378.64578 
  379.63211 
  378.93163 
  378.87636 
  378.74498 
  378.98017 
  378.66391 
  378.85730 
  378.96374 
  380.64160 
  390.41240 
  387.85050 
  387.18307 
  386.41150 
  386.65722 
  386.95050 
  386.36478 
  379.28770 
  375.77533 
  379.12349 
  378.29393 
  378.94864 
  378.60254 
  379.11738 
  378.38749 
  378.63590 
  378.97013 
  378.76947 
  379.15879 
  379.09067 
  378.84579 
  379.01970 
  378.09246 
  378.38438 
  377.53259 
  378.46913 
  378.68809 
  378.45424 
  378.43754 
  379.04206 
  387.35114 
  389.15841 
  386.88966 
  386.63362 
  386.57095 
  386.55348 
  387.01006 
  386.30967 
  386.22829 
  386.56986 
  386.19914 
  387.15696 
  387.03477 
  371.99911 
  379.56994 
  379.15007 
  379.59371 
  379.92031 
  379.63365 
  379.64616 
  377.77787 
  378.16498 
  378.36939 
  377.97133 
  378.01030 
  378.16418 
  379.04009 
  378.47048 
  378.47793 
  384.02688 
  387.78323 
  386.17893 
  384.62031 
  384.41433 
  385.35976 
  384.48045 
  386.40862 
  385.73458 
  385.65148 
  385.64964 
  385.57959 
  385.48307 
  385.45690 
  385.64071 
  384.54485 
  371.73423 
  378.55479 
  378.74212 
  378.64236 
  378.40571 
  379.17590 
  379.41238 
  378.32779 
  379.39550 
  379.33740 
  388.66463 
  386.06999 
  385.63830 
  385.75371 
  375.89663 
  380.94748 
  380.70245 
  379.35457 
  379.71531 
  379.19018 
  378.87965 
  380.17348 
  379.67673 
  384.92944 
  388.98954 
  375.03511 
  377.11562 
  378.68083 
  379.34928 
  378.40191 
  378.54739 
  377.97559 
  378.19619 
  383.48048 
  389.32385 
  387.17827 
  386.78613 
  385.95117 
  385.66794 
  385.20162 
  385.51397 
  385.22700 
  385.83121 
  386.28191 
  385.86234 
  381.50530 
  373.17041 
  378.92753 
  378.35080 
  378.63738 
  379.21671 
  379.62085 
  379.14088 
  379.28041 
  378.86000 
  379.43580 
  377.45173 
  381.38574 
  389.26923 
  386.30376 
  386.32845 
  386.13794 
  385.93981 
  387.37083 
  379.79033 
  381.86846 
  381.52086 
  383.04983 
  383.48286 
  381.95589 
  383.28743 
  390.18453 
  387.01340 
  386.26279 
  377.92144 
  383.06079 
  385.11344 
  384.55301 
  385.79651 
  384.59803 
  384.20936 
  384.11907 
  384.34480 
  376.58188 
  379.02297 
  381.02093 
  381.31755 
  380.64474 
  381.32314 
  380.77014 
  380.00951 
  381.21144 
  381.16971 
  385.43655 
  389.46209 
  386.66308 
  386.34021 
  381.57765 
  378.66819 
  380.04054 
  379.45586 
  379.07373 
  379.93588 
  379.07389 
  379.29821 
  379.00297 
  385.22223 
  389.32136 
  370.18928 
  383.57646 
  384.11516 
  384.14292 
  383.70092 
  383.21006 
  383.57778 
  383.24833 
  383.40205 
  383.38337 
  378.76175 
  379.22960 
  381.38484 
  381.65665 
  381.33799 
  379.00045 
  380.04818 
  379.45773 
  380.06730 
  379.80501 
  379.74937 
  379.87330 
  379.94812 
  379.83377 
  380.67681 
  380.09529 
  379.55642 
  380.32041 
  380.27528 
  380.25877 
  380.51810 
  380.46005 
  380.68576 
  389.25722 
  386.90119 
  386.39575 
  386.21327 
  378.02066 
  379.78251 
