-0.00701 +0.01155 +0.04645 +0.05236 -0.00039 -0.02897
-0.00539 +0.01367 +0.13452 +0.04826 -0.08373 -0.05571
+0.01987 -0.01837 +0.03731 +0.07661 -0.05647 -0.06961
-0.01484 +0.02175 +0.05266 -0.01480 +0.07222 -0.08068
-0.01287 +0.01624 +0.12841 +0.04517 +0.00667 -0.09613
-0.00982 +0.00787 +0.05184 +0.02143 +0.03913 -0.07888
-0.01450 +0.03159 +0.06387 -0.04855 +0.04804 -0.05245
-0.00450 +0.01001 +0.04701 +0.02722 +0.04629 -0.01677
-0.02214 +0.04495 +0.12705 -0.02444 -0.01041 -0.04663
-0.00323 +0.02717 +0.06194 -0.01513 +0.00820 -0.07307
-0.00049 +0.02989 +0.03445 +0.00152 -0.05053 -0.01690
+0.02100 -0.00476 +0.03231 +0.09163 -0.07473 -0.03500
+0.02122 -0.00726 +0.00980 +0.09315 -0.07341 -0.06004
-0.00353 +0.01746 +0.06225 +0.07223 -0.05427 -0.01608
+0.00047 +0.01150 -0.01550 +0.09429 +0.03851 -0.03088
-0.01618 +0.02903 +0.05456 +0.02155 +0.00088 -0.11698
+0.01413 +0.00634 +0.10022 +0.05703 -0.11654 -0.09105
+0.05735 -0.17390 +0.12405 -0.06121 -0.01467 +0.04710
-0.06500 -0.06042 +0.07979 -0.05768 -0.05828 -0.00685
-0.09215 -0.03668 +0.06242 +0.02725 -0.08732 +0.03434
-0.09210 -0.06142 +0.04672 +0.04831 +0.00428 -0.07691
-0.11823 -0.02697 +0.03125 +0.02039 -0.04399 -0.00471
-0.11194 -0.02179 +0.00462 -0.08062 -0.00442 +0.03481
-0.11337 -0.02314 -0.01144 -0.06072 +0.01151 +0.00495
-0.11536 -0.02346 -0.02052 -0.05704 +0.00088 +0.01665
-0.11159 -0.03101 +0.00198 -0.03049 -0.00782 -0.00459
-0.11508 -0.01756 -0.03850 -0.06976 +0.00364 +0.01637
-0.10799 -0.02910 -0.02628 -0.04222 -0.01627 +0.02700
-0.11439 -0.02524 -0.03742 -0.02207 +0.02364 -0.01487
-0.10625 -0.02986 -0.06379 -0.04792 +0.00594 +0.01286
-0.10978 -0.02411 -0.06574 +0.01399 -0.01756 +0.00758
-0.11677 -0.02679 -0.02210 -0.02225 +0.02256 -0.03119
-0.12065 -0.02071 -0.05319 -0.04439 +0.02000 +0.01911
-0.11221 -0.03049 -0.03287 -0.03071 +0.00048 +0.00988
-0.11617 -0.02816 -0.03677 -0.04567 -0.00295 +0.00558
-0.10777 -0.03719 -0.02710 -0.01209 -0.02070 +0.01046
-0.11162 -0.03290 -0.05227 +0.03098 -0.01646 -0.00122
-0.11509 -0.03375 -0.05625 -0.01123 +0.00996 -0.01144
-0.19475 +0.24833 +0.09984 -0.05041 -0.09633 -0.02679
-0.00919 +0.02537 +0.05275 -0.03978 +0.04882 -0.07473
+0.01529 +0.01790 -0.01636 -0.02180 -0.00955 -0.01077
+0.01466 -0.00469 +0.06353 +0.05259 -0.06811 -0.08688
-0.02080 +0.04992 +0.09487 -0.08253 -0.01017 -0.07897
+0.01930 -0.00927 +0.00286 +0.04426 -0.04306 -0.02552
+0.00303 +0.00651 +0.06489 +0.02527 -0.06637 -0.04444
-0.00782 +0.02342 +0.00978 -0.04627 +0.03030 -0.04141
+0.00493 +0.01312 -0.01337 -0.01408 -0.00616 +0.02407
+0.01101 +0.00563 +0.05839 +0.03460 -0.12557 -0.04589
-0.00002 +0.01183 +0.04292 +0.01868 -0.08917 +0.01207
+0.00562 +0.00398 +0.07364 +0.01372 -0.05164 -0.07480
-0.02403 +0.04766 +0.12173 -0.05619 -0.02304 -0.09853
+0.02626 -0.01314 -0.05527 +0.03091 -0.04798 -0.00671
-0.00278 -0.00042 -0.01039 +0.03528 +0.08128 -0.08545
-0.00629 +0.02274 +0.08217 +0.02709 -0.13168 -0.04025
-0.00409 +0.00747 +0.06052 -0.00912 -0.03689 -0.11090
+0.02064 -0.02152 -0.02945 +0.06491 -0.06886 -0.01180
-0.01772 +0.04156 +0.05475 -0.01269 -0.01329 -0.06428
+0.03423 -0.04337 -0.06699 +0.02916 -0.05272 +0.04522
+0.03725 -0.14669 +0.17778 -0.02353 -0.10367 -0.04722
-0.06624 -0.05789 +0.06088 -0.01082 -0.04637 +0.06949
-0.06133 -0.05307 +0.08715 +0.08988 -0.08813 -0.07971
-0.09713 -0.04903 +0.04557 -0.03162 +0.07935 -0.07162
-0.05262 -0.06759 -0.04969 +0.09318 -0.04279 -0.02570
-0.09769 -0.04109 +0.09732 -0.05171 +0.05990 -0.11315
-0.06201 -0.05872 -0.06378 +0.04850 -0.06232 +0.01720
-0.10873 +0.05582 +0.02455 +0.04898 -0.11080 +0.06442
-0.11895 +0.13355 -0.04176 +0.02948 +0.05023 -0.07434
-0.02179 +0.01070 +0.11225 -0.04708 +0.02358 -0.10393
-0.01105 +0.00752 +0.04507 -0.06951 +0.03121 -0.05355
-0.00476 +0.00300 +0.04967 -0.05778 +0.01167 -0.05709
-0.01135 +0.00975 +0.04449 -0.04525 +0.00317 -0.05555
-0.00594 +0.00762 +0.02783 -0.03861 +0.00771 -0.05422
-0.01021 +0.00509 +0.02954 -0.03663 +0.01617 -0.06494
-0.00225 -0.00931 +0.01931 -0.02246 +0.00897 -0.05006
-0.01123 -0.00003 +0.01951 -0.01086 +0.01670 -0.07630
-0.00844 -0.00580 +0.02309 -0.00808 +0.00513 -0.05696
-0.01217 -0.00428 +0.03316 -0.03031 +0.03039 -0.08202
-0.00721 -0.00613 -0.01497 -0.01594 +0.04220 -0.03841
-0.01144 -0.00751 +0.01317 +0.00936 +0.03725 -0.05246
-0.01173 +0.00391 +0.03046 -0.00083 +0.01771 -0.07198
-0.01446 +0.01064 +0.03388 -0.03983 +0.02687 -0.06356
-0.00418 -0.00184 +0.01724 -0.01682 +0.02824 -0.06734
-0.00403 -0.00338 +0.00753 -0.00845 +0.02229 -0.03886
-0.00329 -0.00569 +0.01807 +0.00004 +0.00531 -0.02842
-0.00827 +0.00281 +0.00234 -0.01292 +0.02475 -0.05097
-0.00240 -0.00933 +0.00318 +0.00568 +0.01692 -0.05924
-0.00951 +0.00001 -0.00075 +0.02107 +0.00541 -0.05887
-0.00353 -0.00690 -0.01835 +0.04432 +0.01035 -0.05067
+0.04086 -0.11910 +0.04005 -0.09270 +0.03981 -0.00588
-0.00940 -0.10702 +0.00766 -0.07882 +0.04949 +0.02403
-0.06515 -0.05496 -0.01470 -0.01056 +0.00859 +0.02007
-0.06851 -0.04045 -0.04032 +0.00828 +0.00906 -0.01269
-0.06755 -0.03972 -0.02235 +0.00992 -0.01528 -0.01519
-0.06590 -0.04836 -0.02587 +0.02396 -0.02422 -0.01247
-0.07099 -0.05824 +0.03342 -0.05563 +0.08046 -0.08857
-0.07602 -0.02775 -0.03303 -0.04176 -0.01762 +0.02783
-0.06863 -0.03707 -0.04812 -0.01256 -0.00883 +0.00441
-0.06992 -0.04588 -0.02359 +0.00865 +0.00842 -0.03273
-0.07192 -0.03480 -0.02938 +0.00296 -0.01692 -0.02973
-0.06869 -0.05338 -0.03367 -0.04239 +0.03042 -0.01403
-0.07192 -0.03849 -0.05701 -0.03234 +0.02102 +0.02233
-0.14169 +0.15640 +0.04372 -0.04779 -0.12493 -0.00176
-0.01628 +0.00713 +0.02030 -0.06709 +0.01409 -0.03455
-0.00565 -0.00147 +0.01801 -0.06969 -0.00081 -0.01567
-0.00748 -0.00404 +0.01712 -0.04089 +0.00540 -0.01463
-0.00720 -0.00613 +0.00234 -0.04685 +0.01902 -0.01365
-0.01207 -0.00349 -0.00765 -0.03494 +0.01066 +0.00377
-0.00797 -0.00869 +0.01971 -0.02221 -0.00613 -0.02940
-0.01015 +0.01277 -0.00415 -0.08448 +0.01178 -0.02592
-0.00796 +0.01738 +0.03409 -0.05534 -0.02466 -0.03931
+0.00576 +0.00025 -0.00527 -0.03611 -0.01138 -0.03588
+0.00198 +0.00038 +0.00061 -0.04330 -0.00668 -0.02145
-0.00435 -0.00693 +0.03413 -0.03787 -0.00588 -0.04223
+0.00306 -0.01968 -0.04039 +0.01394 +0.06043 -0.00818
-0.00895 +0.01273 +0.01534 -0.07444 +0.01461 -0.01509
-0.00509 -0.00308 +0.00440 -0.04307 +0.02188 -0.00867
-0.00382 +0.00007 -0.00456 -0.03505 +0.00768 -0.00109
+0.03232 -0.09954 +0.03024 -0.05927 -0.01381 -0.05644
+0.01300 -0.15645 -0.04086 -0.07399 +0.05520 +0.02043
-0.06553 -0.06569 -0.10523 +0.00890 +0.01772 +0.01236
-0.07617 -0.06151 -0.09763 +0.06649 -0.03614 -0.01114
-0.09447 -0.03054 -0.10286 -0.05165 +0.00554 -0.00840
-0.08206 -0.05341 -0.09392 +0.01322 -0.02198 -0.00548
-0.08907 -0.04309 -0.11791 +0.05012 -0.02665 -0.02068
-0.08881 -0.04800 -0.01894 +0.00716 -0.03281 -0.04783
-0.09783 -0.03495 -0.08730 -0.05546 -0.00263 +0.01485
-0.09195 -0.05207 -0.06841 +0.01361 -0.02836 +0.00384
-0.09750 -0.04463 -0.08736 +0.04753 -0.03565 -0.01084
-0.09368 -0.04122 -0.09911 -0.04347 +0.02515 -0.01213
-0.11041 -0.03610 -0.08289 +0.03553 -0.00682 -0.02257
-0.09612 -0.05012 -0.09160 +0.06115 -0.03304 -0.02019
-0.10249 -0.04771 -0.06621 -0.00635 -0.02094 -0.02772
-0.10149 -0.03570 -0.06814 -0.01332 -0.04668 +0.00460
-0.18360 +0.24055 +0.00183 +0.00890 -0.08211 +0.05767
+0.00207 +0.01048 +0.00744 -0.02448 +0.01127 +0.00022
+0.00077 +0.00655 -0.00631 +0.00651 +0.01571 +0.00928
+0.00066 +0.00643 -0.00721 +0.03669 +0.00729 +0.00727
+0.00395 -0.00463 -0.00733 +0.02480 +0.03797 -0.02425
-0.00073 +0.00955 -0.01164 +0.01381 +0.03090 -0.00826
+0.00234 +0.00154 +0.04194 +0.01651 -0.02559 -0.01866
+0.00000 +0.00000 +0.00000 +0.00000 +0.00000 +0.00000
+0.00164 +0.00258 +0.01923 -0.01046 -0.02034 +0.00983
+0.00218 -0.00093 +0.00197 +0.01548 -0.02847 +0.02154
+0.05950 -0.15120 +0.01973 -0.02601 -0.04220 +0.07644
-0.02613 -0.05178 -0.03312 -0.02055 -0.01124 +0.05018
-0.03263 -0.04458 -0.04321 +0.00000 -0.02822 +0.05899
-0.03426 -0.04074 -0.05726 +0.00196 -0.03922 +0.06799
-0.09291 +0.08615 +0.00053 -0.00502 -0.00597 +0.01817
-0.00535 -0.01582 +0.03959 -0.00185 -0.01343 +0.00457
-0.00742 -0.02043 +0.01131 +0.01278 -0.01142 -0.00896
-0.01835 +0.01698 +0.02933 -0.00314 -0.05206 -0.00952
-0.00469 -0.00567 +0.00023 +0.00954 -0.01124 +0.00513
-0.00080 -0.01021 -0.00016 -0.00025 -0.00241 +0.01208
-0.00418 +0.00090 -0.00553 -0.03878 +0.01711 +0.01151
-0.00524 -0.00783 +0.01943 +0.00701 +0.00539 +0.00331
-0.00432 -0.00640 +0.00113 +0.00364 -0.00041 +0.01124
+0.03742 -0.08496 +0.02232 -0.08026 -0.01063 +0.02148
+0.01085 -0.11434 -0.00103 -0.03549 -0.00239 +0.04398
-0.07474 +0.06306 +0.01012 -0.06085 -0.14332 +0.23856
-0.04535 +0.07578 +0.04285 -0.06368 -0.02664 +0.10308
+0.02988 -0.01990 -0.04901 +0.01643 +0.01568 +0.06715
+0.00602 +0.01282 +0.02895 +0.00092 -0.03883 +0.02361
-0.00309 +0.02359 +0.02236 -0.02656 +0.00710 +0.03472
+0.00245 +0.01726 +0.02837 -0.02956 +0.02141 +0.04054
+0.01544 -0.00821 -0.05042 +0.03758 +0.05258 +0.07288
-0.01010 +0.03697 +0.06206 -0.05441 +0.02917 -0.00089
+0.03789 -0.04136 +0.09429 -0.13186 +0.00107 +0.09008
+0.07121 -0.19596 +0.08475 -0.03180 +0.01695 -0.00396
-0.07263 -0.04736 +0.09495 +0.02282 -0.08563 -0.03635
-0.09414 -0.03325 -0.00276 -0.07819 +0.02545 +0.02925
-0.09440 -0.03838 -0.02360 -0.06154 +0.03733 +0.02867
-0.09565 -0.04045 -0.02074 -0.05112 +0.04442 +0.02625
-0.09684 -0.03633 -0.02059 -0.03683 -0.00325 +0.06016
-0.09101 -0.03245 -0.07043 -0.06192 +0.00198 +0.05883
-0.09381 -0.04377 -0.03781 +0.01994 -0.04332 +0.03816
-0.10456 -0.02907 -0.03293 -0.02279 +0.02885 -0.00508
-0.09276 -0.03650 -0.05728 +0.00158 -0.00658 +0.00591
-0.10333 -0.03123 -0.03938 -0.04889 +0.02425 +0.02397
-0.10997 +0.00024 +0.00308 +0.01191 -0.06047 +0.00578
-0.16935 +0.24073 +0.01351 -0.04432 -0.08012 +0.10168
+0.00823 +0.00699 +0.03895 -0.05211 +0.01071 +0.02712
+0.00187 +0.01239 +0.02826 -0.04744 +0.01776 +0.03224
-0.00322 +0.02403 +0.01924 -0.04466 +0.00748 +0.04369
+0.00642 +0.00921 -0.00810 -0.00319 +0.02480 +0.02002
-0.00355 +0.02786 +0.01929 -0.02044 -0.03271 +0.04455
-0.00379 +0.01764 +0.02792 -0.02128 +0.02286 +0.00562
-0.00562 +0.01241 +0.02967 +0.00173 +0.01238 +0.02957
-0.00271 +0.00402 +0.03311 +0.03537 +0.02589 +0.01747
-0.00525 +0.00947 +0.01672 +0.01835 +0.01503 +0.01860
-0.01053 +0.04101 +0.06688 -0.09620 -0.02417 -0.01750
+0.02072 -0.01671 -0.00193 -0.08272 +0.00697 +0.04229
+0.05973 -0.14694 +0.06635 -0.09265 -0.02607 +0.10541
-0.03426 -0.04734 +0.02261 -0.05536 +0.01895 +0.04129
-0.03343 -0.04791 +0.01842 -0.00345 -0.02293 +0.04643
-0.03994 -0.04069 +0.01448 -0.04129 -0.00580 +0.06343
-0.03800 -0.04664 -0.03357 -0.02683 -0.00702 +0.08650
-0.02239 -0.06498 +0.07733 +0.04031 -0.11253 -0.00983
-0.07143 +0.05160 -0.01753 +0.04318 -0.07707 +0.05073
-0.03522 +0.01633 +0.03047 +0.06945 -0.07574 -0.06906
-0.01559 -0.00725 +0.01695 +0.04494 -0.12308 +0.06827
+0.01073 -0.04219 +0.01176 +0.08767 -0.12277 -0.00140
-0.00524 -0.02181 +0.02241 +0.09959 -0.10270 -0.06727
-0.01528 -0.01395 -0.05718 +0.04561 +0.05421 -0.01115
-0.00243 -0.02715 +0.00945 +0.07119 -0.20035 +0.06798
+0.04079 -0.19207 -0.01142 +0.12257 +0.07746 -0.02521
-0.09159 -0.06681 +0.00666 -0.04220 +0.13376 -0.09368
-0.08742 -0.04321 -0.00196 +0.04213 -0.05810 -0.03496
-0.13229 +0.05406 -0.01852 +0.16433 +0.22452 -0.08942
-0.08802 -0.11520 +0.12375 +0.02085 +0.10078 -0.07146
-0.05638 -0.14601 +0.13988 +0.03615 +0.03849 +0.00893
-0.06090 -0.11970 +0.01055 -0.04073 -0.00581 +0.07109
-0.07482 -0.09715 +0.18800 +0.04230 -0.12080 -0.01333
-0.06447 -0.12801 +0.01847 +0.16002 -0.06386 -0.00422
-0.09395 -0.10752 +0.08729 +0.13765 -0.03500 -0.06028
-0.08801 -0.08548 -0.06727 -0.00705 +0.04892 +0.06911
-0.06709 -0.13393 +0.14329 +0.16375 -0.08478 -0.01383
-0.04352 -0.01074 -0.02905 +0.20739 -0.02789 +0.05396
-0.11030 +0.12891 +0.09681 +0.01591 +0.07691 +0.04515
+0.01678 -0.02732 -0.01555 +0.08457 +0.00055 +0.14837
-0.00371 -0.02091 +0.06065 +0.09568 +0.05189 +0.12364
-0.03335 -0.00238 +0.11427 +0.02276 +0.15624 +0.02217
-0.02138 -0.00103 +0.12944 +0.00990 +0.09127 +0.04372
-0.01689 +0.00598 +0.07405 -0.02751 +0.11523 +0.08108
-0.00459 +0.00443 +0.05142 -0.01520 +0.01688 +0.08607
-0.02489 +0.00751 +0.11236 -0.00613 +0.09110 +0.03222
+0.00414 +0.00534 -0.00582 +0.07792 +0.08003 +0.06253
+0.01217 -0.01944 +0.15373 -0.06776 -0.01258 +0.00251
+0.04695 -0.13386 +0.10701 +0.10402 -0.05065 +0.08066
-0.02266 -0.05790 -0.03399 +0.19580 +0.07969 +0.05675
-0.08209 +0.01079 +0.12139 +0.06740 +0.12240 -0.05915
-0.05408 +0.04574 -0.00311 +0.11359 -0.03599 +0.06431
-0.09124 +0.09733 +0.08787 +0.04675 +0.12013 -0.04892
+0.01409 -0.01822 -0.02552 +0.09319 +0.00979 +0.09796
-0.03095 +0.05096 +0.22251 +0.05232 -0.10873 +0.11053
+0.00822 +0.01244 +0.03928 +0.09728 -0.05347 +0.19860
-0.01661 +0.02913 +0.11684 +0.05584 +0.10008 +0.01653
-0.00888 +0.03282 +0.08459 -0.02128 +0.12358 +0.01964
-0.00562 +0.02264 +0.08353 +0.01854 +0.10302 +0.04682
+0.01210 -0.00002 +0.01227 +0.10519 +0.07812 +0.09758
+0.04034 -0.07602 +0.07356 +0.00066 +0.07948 +0.09676
+0.04641 -0.13653 -0.02035 +0.01248 +0.10531 +0.15451
-0.10745 +0.05996 -0.02992 +0.38857 +0.25718 -0.10665
-0.07478 -0.13016 +0.07238 -0.00584 +0.12220 -0.04892
-0.07491 -0.09852 +0.08033 -0.02473 -0.06513 +0.13115
-0.09758 -0.07232 +0.14514 -0.02277 +0.01966 -0.03987
-0.08606 -0.09079 +0.03609 -0.07950 +0.05562 +0.00242
-0.09195 -0.07198 +0.01978 -0.07490 +0.04649 +0.04202
-0.06581 -0.09467 +0.11924 +0.14979 -0.16832 +0.01818
-0.09719 -0.06990 +0.07124 -0.03514 +0.08689 -0.09516
-0.10765 -0.06242 +0.04045 -0.08765 +0.04023 +0.01629
-0.09370 -0.08047 +0.01120 -0.09238 +0.05421 +0.02675
-0.08365 +0.01263 +0.08252 -0.00479 -0.02774 +0.07557
-0.11335 +0.16305 +0.12532 -0.04843 -0.00710 +0.19014
+0.00143 +0.01557 +0.09474 -0.04101 +0.07964 +0.10319
-0.00271 +0.01266 +0.07331 -0.02880 +0.10052 +0.09381
-0.00580 +0.01319 +0.05346 +0.00857 +0.08629 +0.11011
-0.01490 +0.06996 +0.08437 -0.07521 +0.03893 +0.09992
+0.00485 +0.02382 +0.08858 +0.01490 +0.09165 +0.06368
+0.00265 +0.02011 +0.06761 +0.03533 +0.07694 +0.09127
+0.00231 +0.02304 +0.04559 +0.04563 +0.06082 +0.08772
+0.00388 +0.02169 +0.05175 +0.04514 +0.04626 +0.08638
-0.00428 +0.02875 +0.05256 +0.03967 +0.05820 +0.07891
+0.00585 +0.02100 +0.03704 +0.01970 +0.05964 +0.08955
-0.00018 +0.02740 +0.02415 +0.05311 +0.03472 +0.09633
+0.00486 +0.01590 +0.01250 +0.07526 +0.04814 +0.07837
+0.00056 +0.02464 -0.00271 +0.06484 +0.05610 +0.07851
-0.00672 +0.03800 +0.03547 +0.00947 +0.07694 +0.07224
+0.00059 +0.02468 +0.03730 +0.03388 +0.07716 +0.07210
+0.00632 +0.01781 +0.01412 +0.05100 +0.07789 +0.08037
-0.00046 +0.01958 -0.00434 +0.10100 +0.06249 +0.07937
-0.00046 +0.03028 +0.06672 -0.01889 +0.07886 +0.04864
-0.00483 +0.02612 +0.02010 +0.05114 +0.09907 +0.03632
+0.00548 +0.01618 +0.01453 +0.05977 +0.07324 +0.03746
-0.00140 +0.02367 +0.01628 +0.09353 +0.05769 +0.02905
+0.05294 -0.11362 +0.10322 -0.03880 +0.00878 +0.11995
-0.01195 -0.04557 +0.00492 +0.04797 +0.02097 +0.10519
-0.02566 -0.03887 +0.05120 +0.03544 +0.03694 +0.08243
-0.02652 -0.03025 +0.01858 +0.06852 -0.00686 +0.09703
-0.07533 +0.08517 +0.02717 +0.02273 +0.00798 +0.09575
-0.03856 +0.05046 +0.04002 +0.10654 +0.07665 +0.04163
