  397.13325 
  396.70623 
  396.71011 
  396.30269 
  396.60859 
  396.27252 
  396.46632 
  396.82771 
  396.31182 
  396.38128 
  400.55159 
  399.21584 
  398.59149 
  398.03898 
  396.39657 
  395.92382 
  395.48834 
  395.94959 
  395.71264 
  396.69470 
  397.31243 
  398.04899 
  397.83456 
  397.89671 
  398.24236 
  397.28930 
  397.52403 
  396.34673 
  396.15228 
  396.60551 
  397.11517 
  397.36671 
  398.03565 
  392.62580 
  386.45639 
  387.94554 
  388.20851 
  387.01178 
  387.70300 
  386.58092 
  395.09852 
  399.81604 
  398.69331 
  399.49241 
  399.18705 
  399.78649 
  399.54158 
  399.83796 
  399.81592 
  400.15098 
  399.85150 
  399.38169 
  399.60261 
  391.34592 
  385.64197 
  386.04014 
  385.47912 
  386.84862 
  386.83419 
  391.95562 
  400.45425 
  399.70376 
  399.86698 
  400.24282 
  400.60438 
  400.36032 
  400.25576 
  401.27191 
  401.31842 
  400.97842 
  400.98549 
  401.19070 
  400.70662 
  400.92932 
  401.46989 
  401.45334 
  401.53043 
  401.69544 
  401.62647 
  401.63483 
  401.86531 
  400.96462 
  400.96409 
  401.14379 
  401.54307 
  401.19439 
  401.18250 
  401.90056 
  401.63404 
  401.54368 
  401.63997 
  401.53855 
  402.46542 
  401.75018 
  401.67515 
  401.07158 
  401.65311 
  401.06715 
  393.62055 
  388.69420 
  390.65645 
  390.47146 
  390.25027 
  390.28224 
  389.03249 
  389.58436 
  389.09400 
  389.48545 
  395.18983 
  398.60163 
  383.77148 
  399.56006 
  399.43666 
  398.88878 
  398.86454 
  398.83431 
  398.19927 
  391.78461 
  389.27329 
  389.89165 
  390.29556 
  389.84675 
  390.61328 
  390.35609 
  390.13623 
  390.49374 
  390.87351 
  390.90941 
  390.87471 
  391.09537 
  391.50639 
  390.85746 
  394.36474 
  401.44725 
  400.50835 
  400.30051 
  400.02026 
  400.08988 
  400.42683 
  399.94484 
  400.39606 
  400.49039 
  400.70818 
  400.15060 
  400.98341 
  400.45006 
  400.85765 
  400.63270 
  400.34880 
  399.98332 
  400.21156 
  399.50723 
  399.96812 
  399.87490 
  400.48751 
  400.02205 
  400.21182 
  400.22877 
  400.21355 
  399.91579 
  400.78780 
  400.28864 
  399.82902 
  399.55770 
  399.47128 
  399.79807 
  399.60545 
  400.72947 
  400.19548 
  400.88489 
  400.18137 
  395.64594 
  390.68603 
  390.52077 
  390.72900 
  390.95765 
  390.78098 
  390.84527 
  391.06025 
  397.97063 
  401.02041 
  400.94654 
  401.32345 
  401.28805 
  401.97051 
  401.78329 
  402.24628 
  402.38520 
  401.31667 
  401.32297 
  400.26628 
  400.40918 
  400.16772 
  400.24275 
  400.05971 
  400.80755 
  400.82652 
  401.09926 
  400.63132 
  401.28174 
  400.50199 
  399.92395 
  400.18457 
  400.89427 
  400.93038 
  400.74353 
  400.38803 
  391.79035 
  389.36298 
  391.14614 
  391.50114 
  391.22038 
  391.08476 
  391.52214 
  391.42324 
  392.13470 
  391.25869 
  391.16162 
  399.93759 
  400.92819 
  398.64727 
  389.00826 
  389.92513 
  389.79948 
  388.66192 
  389.73390 
  389.79498 
  390.10902 
  390.42001 
  390.59543 
  391.32719 
  396.06883 
  401.03410 
  399.44314 
  399.49075 
  391.52795 
  391.78920 
  391.69126 
  391.95205 
  392.74191 
  392.37123 
  392.44581 
  392.40136 
  392.49648 
  393.09271 
  397.84269 
  402.06583 
  400.91225 
  400.89706 
  400.97600 
  400.73448 
  399.58468 
  400.07868 
  400.74805 
  397.87470 
  388.75695 
  390.85984 
  390.64127 
  391.06741 
  391.65513 
  391.65140 
  390.90838 
  391.20401 
  390.73211 
  391.89588 
  391.40627 
  391.45180 
  391.52836 
  391.75629 
  391.18915 
  391.96439 
  392.53462 
  391.99972 
  391.88640 
  392.08795 
  392.25516 
  392.22089 
  392.61025 
  392.51892 
  393.21077 
