-0.00603 -0.04949 +0.06447 -0.06239 +0.01898 -0.07910
+0.02493 -0.04080 +0.00824 -0.09428 -0.07184 -0.01646
+0.02568 -0.03737 +0.01743 -0.04815 -0.03398 -0.00984
-0.01651 -0.04934 +0.03430 -0.02574 -0.00294 -0.00653
+0.00997 -0.04197 +0.03625 -0.00991 -0.05406 +0.01154
+0.00839 -0.04162 +0.05890 -0.00723 -0.05021 -0.06249
+0.02493 -0.04021 +0.06732 -0.02764 +0.02854 -0.07511
+0.01637 -0.02814 +0.13322 -0.00223 -0.06650 -0.01203
+0.01506 -0.04286 -0.00094 -0.02980 -0.03296 -0.05394
+0.05325 -0.03451 -0.09899 -0.05684 -0.15483 -0.01126
+0.10175 +0.00343 +0.06584 -0.02745 -0.17037 -0.02814
+0.00217 -0.02362 +0.01711 -0.01591 -0.08254 -0.11348
-0.02050 -0.00521 +0.05700 -0.00896 +0.03082 +0.03056
-0.03904 -0.01615 +0.02302 +0.01029 -0.05395 -0.04856
-0.05565 -0.01106 +0.14695 +0.05453 -0.08752 -0.02547
-0.06135 -0.01043 +0.16202 +0.12600 -0.03400 -0.01235
-0.01487 -0.00940 +0.05836 +0.03568 -0.02855 -0.03062
+0.01971 -0.00548 +0.00370 +0.01555 -0.11201 -0.00994
+0.03187 -0.00143 +0.01813 -0.00780 -0.07739 -0.01345
+0.05322 +0.00664 +0.04091 -0.01879 -0.01740 -0.03347
+0.02471 +0.00084 +0.03555 +0.03043 -0.04423 -0.00625
+0.02840 +0.00403 +0.08184 +0.00582 -0.02044 -0.04020
-0.01449 -0.00257 +0.08938 +0.02014 -0.10402 -0.01947
-0.01138 -0.00166 +0.08827 -0.00510 -0.09736 -0.03671
-0.01364 -0.01739 -0.01529 -0.04835 -0.05691 -0.13589
-0.03588 -0.01748 +0.00729 -0.00181 -0.10046 -0.10165
-0.00189 +0.00041 +0.06193 +0.02655 -0.03944 +0.00998
-0.03321 -0.01119 +0.01964 +0.05999 -0.00348 +0.00038
+0.00053 -0.00021 +0.05344 +0.01151 -0.04170 -0.05462
+0.01947 -0.01547 -0.01755 -0.03416 -0.10116 -0.05328
+0.02163 -0.01211 -0.02617 -0.03381 -0.10853 -0.06738
+0.02301 +0.00239 +0.00853 -0.03972 -0.09305 -0.01190
+0.00192 -0.01379 +0.00959 -0.01003 -0.07642 -0.05866
-0.06539 -0.07879 -0.06846 +0.01666 -0.19666 +0.06348
-0.02672 -0.10839 +0.05166 +0.01924 -0.00140 +0.02508
+0.00617 -0.08088 +0.05107 +0.03161 -0.02057 +0.07405
+0.01774 -0.07551 +0.03602 -0.03573 -0.05343 +0.00016
+0.01717 -0.07216 +0.02437 -0.00842 -0.04917 -0.04906
+0.01331 -0.09047 +0.04532 -0.07181 +0.00229 -0.15629
+0.01060 -0.08073 +0.03878 -0.05828 -0.02460 -0.08570
+0.17547 +0.01671 -0.02826 -0.06488 -0.06996 +0.02128
+0.06633 +0.02709 +0.10545 -0.04473 -0.00768 -0.06972
-0.05118 +0.01252 +0.19930 +0.03252 -0.05960 -0.07450
-0.00300 +0.01955 +0.07771 -0.08255 +0.01463 -0.00540
-0.03673 +0.00028 +0.05485 -0.05879 -0.04269 -0.05967
+0.00286 +0.01356 +0.02017 -0.07019 -0.01407 -0.03518
-0.00754 +0.01768 +0.01406 -0.06523 -0.00425 +0.01138
-0.02906 +0.00985 +0.07213 +0.02663 -0.03499 -0.00595
-0.01692 +0.01006 +0.10735 +0.02802 -0.03627 -0.00845
-0.01449 +0.00989 +0.05369 -0.02630 -0.06254 -0.03220
-0.00696 +0.02101 +0.07712 -0.03869 +0.01258 +0.01630
-0.01918 +0.00343 +0.02493 -0.02985 -0.04039 -0.05340
-0.03133 +0.02170 +0.16455 +0.05867 -0.03323 -0.00954
-0.15234 -0.07124 +0.03093 -0.01311 -0.08727 -0.07975
-0.11761 -0.08655 -0.01835 -0.04374 -0.04656 -0.02495
-0.00268 -0.06344 +0.06252 -0.07411 +0.04641 +0.01871
+0.01561 -0.04735 +0.16024 -0.08702 +0.09291 -0.02001
+0.00237 -0.06884 +0.03353 -0.12766 +0.02820 -0.04873
+0.00639 -0.08264 +0.01391 -0.11978 +0.02977 -0.12166
+0.12240 -0.00218 +0.05722 -0.09224 -0.07043 -0.14727
+0.15604 +0.09102 +0.17051 -0.13890 +0.05835 +0.01446
-0.02667 +0.05341 +0.05962 -0.13720 -0.06180 +0.03005
-0.05286 +0.04932 +0.02513 -0.10081 +0.04899 +0.01650
-0.06767 +0.05400 +0.03806 -0.05602 -0.05037 +0.00102
-0.02782 +0.07297 +0.06811 -0.08476 +0.03311 -0.00927
-0.05863 +0.04424 -0.07662 -0.10097 -0.04689 -0.06686
-0.02364 +0.06458 +0.01015 -0.00454 -0.02492 +0.00200
-0.05320 +0.06324 +0.12504 +0.07480 -0.02282 -0.02408
-0.03353 +0.06725 +0.07473 +0.02257 -0.02517 -0.03212
-0.02695 +0.05162 -0.00889 +0.00809 -0.05224 -0.08258
-0.02425 +0.05595 -0.00269 +0.00324 -0.03204 -0.05491
-0.01532 +0.06241 +0.02631 -0.02073 -0.02941 -0.06474
-0.03532 +0.04823 +0.03171 +0.02834 +0.02219 -0.05308
-0.03536 +0.06426 +0.06083 +0.00648 +0.03748 -0.03103
-0.01762 +0.07959 +0.06584 -0.03778 -0.04113 +0.03048
-0.04688 +0.06636 +0.00783 -0.02823 -0.00304 -0.05225
-0.03801 +0.07168 +0.13656 +0.03165 -0.01575 -0.03800
-0.03714 +0.07198 +0.03765 -0.00948 -0.02195 -0.01010
-0.03561 +0.05802 +0.05065 -0.00332 -0.01836 -0.04828
-0.01819 +0.06440 -0.05517 -0.04069 -0.06059 -0.02089
-0.02959 +0.07629 +0.09657 -0.01615 +0.03424 -0.01721
-0.04370 +0.07886 +0.06956 -0.04242 -0.02125 +0.00696
-0.06131 +0.06810 +0.04241 -0.07273 -0.00654 +0.01079
-0.05124 +0.06360 +0.01451 -0.10351 -0.05669 -0.00237
-0.04612 +0.06948 +0.06629 -0.04352 -0.12033 +0.01688
-0.07194 +0.05244 +0.00313 -0.06833 -0.05265 +0.00959
-0.03208 +0.05244 +0.00182 -0.05146 -0.02795 -0.02660
-0.04343 +0.07140 +0.02816 -0.07063 -0.01306 -0.01132
-0.02489 +0.06833 -0.01730 -0.09510 -0.00737 +0.02700
-0.05407 +0.07518 +0.06334 -0.03195 -0.04505 +0.05080
-0.06924 +0.05523 -0.03579 -0.07404 +0.02094 +0.02769
-0.03500 +0.06408 -0.02756 -0.07430 -0.01253 +0.02921
-0.06012 +0.06255 +0.08420 -0.01617 +0.06607 +0.00896
-0.04489 +0.06289 +0.01756 -0.04847 +0.01927 +0.02250
-0.03513 +0.06056 +0.00902 -0.09671 +0.04311 +0.03199
-0.03736 +0.06970 -0.02705 -0.09900 -0.07891 +0.07909
-0.05591 +0.05813 -0.03267 -0.04476 -0.02894 +0.02484
-0.03788 +0.06583 -0.06804 -0.09750 -0.05247 +0.02723
-0.23354 -0.05445 +0.01989 +0.05852 -0.07616 -0.03584
-0.17558 -0.12039 -0.03004 +0.04563 -0.13577 -0.02956
+0.03687 -0.06937 +0.06061 -0.03619 -0.15436 -0.04034
+0.00664 -0.06763 +0.03190 +0.01137 -0.00216 -0.01520
+0.01947 -0.06146 +0.02184 +0.00887 -0.02834 +0.05193
+0.03086 -0.08379 +0.03499 -0.00769 -0.05980 -0.11695
+0.01055 -0.05725 +0.25247 +0.04620 -0.05034 -0.00506
+0.02140 -0.07016 +0.02376 +0.03961 -0.08503 +0.02554
+0.01538 -0.06769 +0.21266 +0.04266 +0.06963 -0.06680
+0.01409 -0.07794 +0.05928 -0.01799 -0.06392 -0.05493
+0.12576 -0.01071 +0.08949 +0.02603 -0.06483 +0.01580
+0.07589 -0.00495 +0.03050 +0.00690 -0.08934 +0.06275
-0.23035 +0.06146 -0.08301 -0.25475 +0.03365 +0.29587
+0.06053 +0.11909 +0.02140 -0.11229 +0.00729 +0.15605
+0.02407 +0.12151 +0.08199 -0.06520 -0.05150 +0.17291
+0.00043 +0.09880 -0.01286 -0.09437 -0.08916 +0.14526
+0.02262 +0.10135 -0.02268 -0.08214 -0.00147 +0.15995
+0.01380 +0.10683 +0.01959 -0.11754 -0.03316 +0.16287
+0.00031 +0.11173 +0.04847 -0.05204 -0.08590 +0.14032
-0.11477 -0.06009 +0.08770 -0.07216 -0.02271 +0.14394
-0.05090 -0.04833 +0.06474 -0.03176 -0.08308 +0.09918
+0.00923 -0.04198 +0.02679 -0.03494 +0.02482 +0.10986
+0.02142 -0.04411 +0.06131 -0.04217 -0.02442 +0.07325
+0.00238 -0.06416 +0.01757 -0.04257 +0.04799 +0.04228
+0.03984 -0.06752 -0.00285 -0.06647 +0.02276 +0.04259
+0.04034 -0.06490 -0.01149 -0.08792 +0.04399 +0.02737
+0.01853 -0.04216 +0.02998 -0.02676 +0.06677 +0.10756
+0.01860 -0.04871 +0.03323 -0.01630 +0.06820 +0.10232
+0.02855 -0.06785 +0.01197 +0.00980 -0.00586 +0.06416
+0.00754 -0.05045 +0.12961 -0.00130 +0.04394 +0.05327
+0.02913 -0.06604 -0.01022 -0.04266 +0.05437 +0.00807
+0.03502 -0.06954 +0.01395 -0.03944 +0.04820 -0.02535
+0.03165 -0.04941 +0.01851 -0.00190 +0.05379 +0.05139
+0.02366 -0.05559 +0.05124 -0.02625 +0.06984 +0.02852
+0.11361 -0.03121 -0.05152 -0.03654 -0.01245 -0.02915
+0.11708 +0.02637 +0.04725 -0.03604 -0.03442 +0.04670
+0.00543 +0.00838 +0.03743 -0.05791 +0.02640 +0.03360
-0.00007 +0.01701 +0.06298 -0.02581 +0.05923 +0.03751
-0.01588 +0.00209 -0.04691 -0.05596 +0.01800 +0.02600
+0.00331 +0.01341 -0.01488 -0.09132 +0.03432 +0.01983
-0.00172 -0.00208 -0.01587 -0.03649 +0.02584 -0.01079
-0.01184 +0.00897 +0.01829 -0.01576 +0.03622 +0.00581
+0.00000 +0.00000 +0.00000 +0.00000 +0.00000 +0.00000
-0.01561 -0.00254 +0.00952 -0.00948 +0.03436 +0.02138
+0.01030 -0.00372 -0.03508 -0.01551 -0.00843 -0.01912
-0.00029 +0.00498 +0.01091 +0.01878 -0.02641 +0.02658
-0.00301 +0.02745 +0.13131 +0.04308 +0.05420 +0.06584
-0.03018 +0.00993 +0.11003 +0.05306 +0.01181 +0.02336
+0.00372 +0.00747 +0.00830 -0.01910 +0.05170 -0.01686
-0.02360 +0.00653 +0.02244 -0.03836 +0.00100 -0.01940
-0.00028 +0.01556 -0.06964 -0.06172 -0.08971 +0.09444
-0.01617 +0.01246 +0.03126 -0.06280 -0.02424 +0.00088
-0.01352 -0.00032 -0.03983 -0.06697 -0.06171 -0.02589
-0.00597 +0.00920 -0.00711 -0.05610 +0.00388 -0.07886
-0.01630 +0.03324 +0.14997 -0.02857 -0.09427 +0.04076
-0.01932 +0.01044 +0.01911 -0.05529 -0.00484 -0.02482
-0.00156 +0.00651 -0.01355 -0.04531 -0.03031 -0.04767
-0.01236 +0.00845 +0.00652 -0.02675 +0.00206 -0.04574
+0.00032 +0.01612 +0.01323 -0.07211 -0.00220 -0.04528
-0.01161 +0.01106 -0.02616 -0.07184 -0.02225 -0.04936
+0.00289 +0.02732 +0.03680 -0.06771 +0.04144 +0.00652
-0.02115 +0.02078 +0.07070 -0.05187 +0.02177 -0.01173
-0.00610 +0.01389 +0.01078 -0.04109 +0.02685 -0.04589
-0.04470 +0.02262 +0.12127 +0.02727 -0.02528 +0.02864
-0.02828 +0.01291 +0.04309 -0.02084 -0.05727 -0.03690
+0.00597 +0.01262 -0.02867 -0.07814 +0.02605 -0.05343
-0.02497 +0.02545 +0.05655 -0.03515 -0.00942 +0.00393
-0.00647 +0.02330 +0.02515 -0.05909 -0.02405 +0.02450
-0.04124 +0.02503 +0.09388 +0.01704 -0.09092 +0.04362
-0.01510 +0.00653 -0.02285 -0.01729 -0.06352 -0.00466
-0.00021 +0.01747 +0.05357 -0.00630 -0.02340 -0.01464
-0.01860 +0.01560 +0.01705 +0.02065 -0.11561 +0.01511
-0.02861 +0.01044 +0.05057 +0.00186 +0.01065 +0.00443
-0.12426 -0.05795 -0.02942 -0.00647 -0.16631 +0.12482
-0.12603 -0.07128 +0.09542 -0.03125 -0.06261 +0.10762
+0.01602 -0.07474 -0.02849 -0.02942 -0.01704 +0.03152
+0.02575 -0.06567 +0.04037 -0.01024 -0.08107 +0.05443
+0.03510 -0.06429 +0.03930 +0.01709 +0.00061 +0.02821
+0.04268 -0.06201 +0.02920 -0.00573 -0.03075 +0.02275
+0.02986 -0.07656 -0.04738 +0.04355 -0.09815 -0.01051
+0.04844 -0.06019 +0.09531 +0.02435 +0.03406 +0.01034
+0.14695 +0.00133 -0.00739 +0.03549 -0.03454 +0.07164
+0.08171 +0.00588 +0.05430 +0.05865 +0.09171 +0.02431
+0.00636 -0.01234 +0.04421 +0.05156 -0.01460 -0.04632
+0.01646 -0.01074 -0.02648 +0.04585 +0.02616 +0.04519
+0.02215 -0.00425 +0.03139 +0.01522 -0.03653 -0.01139
+0.01020 -0.00232 -0.00116 +0.00744 -0.04318 +0.01194
+0.00936 -0.00549 -0.01935 +0.03596 -0.01955 -0.02629
+0.01737 +0.00135 +0.00134 +0.03998 -0.06273 +0.04935
+0.01316 -0.00001 +0.01564 +0.04138 -0.04113 -0.03225
+0.03867 +0.03829 -0.00225 -0.12932 -0.11751 -0.03410
-0.00516 +0.03069 -0.00866 -0.10523 -0.02190 -0.05288
-0.01332 +0.02746 -0.02366 -0.04593 -0.08524 -0.03956
-0.00400 +0.04006 -0.00821 -0.10331 -0.07678 -0.08095
-0.00497 +0.05027 +0.03389 -0.07869 -0.00932 -0.06488
-0.02684 +0.04430 -0.01013 -0.09936 -0.10270 -0.10453
-0.01744 +0.04965 -0.01426 -0.08853 -0.02611 -0.08250
-0.03439 +0.03033 -0.04726 -0.04019 -0.07446 -0.12448
+0.00062 +0.04353 -0.02870 -0.04849 -0.07054 -0.07957
-0.01038 +0.04153 -0.00215 -0.04462 -0.02881 -0.07011
-0.03947 +0.03999 +0.00787 -0.02351 -0.03150 -0.08187
-0.01273 +0.05466 +0.02021 -0.03691 -0.01137 -0.05201
-0.03333 +0.03519 -0.03683 -0.00230 -0.13441 -0.08499
-0.01349 +0.05161 +0.00886 +0.02154 -0.09351 +0.00589
-0.01213 +0.05344 +0.02273 +0.02823 -0.06163 +0.00371
-0.03065 +0.04855 +0.01223 +0.01355 -0.08827 -0.01022
-0.02334 +0.05385 -0.03421 +0.04993 -0.11115 +0.05077
-0.05234 +0.04570 +0.06353 +0.05969 -0.00932 -0.02301
-0.03333 +0.05068 +0.08407 +0.00516 -0.01458 -0.03818
-0.22493 -0.09220 +0.10281 +0.03012 +0.04289 -0.02887
-0.10219 -0.10257 +0.00523 -0.01684 -0.08858 +0.10945
+0.04664 -0.06475 +0.03746 -0.04610 -0.05838 +0.07454
+0.04249 -0.07189 +0.03410 -0.02238 +0.02326 +0.02196
+0.01464 -0.07172 +0.00601 +0.00021 -0.08047 +0.04313
+0.04636 -0.07128 -0.04012 +0.01863 -0.01834 +0.08622
+0.03155 -0.06834 +0.03049 +0.01410 -0.02956 +0.01858
+0.04512 -0.08505 -0.05243 -0.00169 -0.06776 -0.03861
+0.05731 -0.07368 +0.03053 -0.01978 +0.00915 -0.04388
+0.01549 -0.08209 -0.04493 +0.00996 -0.00977 +0.02318
+0.02940 -0.07276 +0.02607 -0.00138 +0.07551 +0.02627
+0.17940 +0.01434 +0.07080 +0.02311 -0.05986 +0.04125
+0.03873 +0.00250 +0.12105 +0.01937 +0.03533 +0.04350
-0.03577 -0.03223 +0.05099 +0.04571 +0.07923 +0.00461
-0.18550 -0.15221 -0.09029 +0.02461 -0.15122 +0.21432
+0.05628 -0.08627 -0.01089 -0.01334 +0.01652 +0.05198
+0.01942 -0.07329 +0.09829 -0.05022 -0.02662 +0.07530
+0.03157 -0.08409 -0.07714 -0.02275 +0.02048 +0.09495
+0.01788 -0.09053 -0.01128 +0.01482 -0.08025 +0.02309
+0.06187 -0.07929 -0.03554 -0.02502 -0.08339 +0.07676
+0.04713 -0.06041 +0.12929 +0.01019 -0.01600 +0.07948
+0.01485 -0.08903 -0.00435 +0.02020 -0.07950 +0.03805
+0.05913 -0.08898 -0.01451 -0.03274 +0.00260 -0.00713
+0.02742 -0.08996 -0.00191 -0.03467 -0.03258 -0.01590
+0.11874 +0.00115 +0.09303 +0.00944 -0.06209 +0.11515
+0.11186 +0.03074 +0.09873 -0.02088 -0.05326 +0.05913
+0.00286 -0.01432 -0.00426 -0.00894 -0.05866 -0.03884
+0.00293 -0.00931 +0.00276 -0.01257 -0.08790 -0.03606
-0.21047 -0.12919 +0.05554 +0.09101 +0.09816 +0.08435
+0.02754 -0.06531 +0.03979 +0.04659 -0.06091 +0.12986
+0.03305 -0.06801 +0.03038 +0.06456 -0.03155 +0.10633
+0.03377 -0.06917 +0.08347 +0.01018 +0.02608 +0.05309
+0.04351 -0.07806 -0.04030 +0.03269 -0.06022 +0.03797
+0.01678 -0.05996 +0.13779 +0.07655 -0.02363 +0.07760
+0.02361 -0.06234 +0.02517 +0.03403 -0.07384 +0.05002
+0.03764 -0.06821 -0.01182 +0.05061 -0.03623 +0.05955
+0.01848 -0.08689 -0.06380 -0.02050 -0.08090 +0.01602
+0.06295 -0.08003 -0.03970 -0.01172 -0.07376 +0.01964
+0.18675 +0.01433 -0.00687 -0.03310 -0.08063 +0.05476
+0.14107 +0.08802 +0.02105 -0.14272 +0.01649 +0.04269
-0.03612 +0.05292 +0.02009 -0.04318 +0.05527 +0.03846
-0.02510 +0.05324 +0.00799 -0.06951 +0.00595 -0.00820
-0.04719 +0.06190 -0.00297 -0.08171 +0.00499 +0.00357
-0.04437 +0.06480 +0.04823 -0.06516 +0.00095 -0.00682
-0.07454 +0.06341 +0.05507 -0.04599 +0.15580 +0.02811
-0.07631 +0.06189 +0.09087 -0.01009 -0.02625 +0.00966
-0.06364 +0.05880 +0.04983 -0.06900 +0.05718 -0.00490
-0.13272 -0.00426 +0.06724 -0.05413 +0.09831 -0.02433
-0.33972 -0.18641 -0.04083 -0.02531 +0.05098 -0.06179
+0.03757 -0.08177 +0.06148 -0.10257 +0.13238 -0.00022
-0.00082 -0.09420 +0.00809 -0.12389 +0.04884 -0.03432
-0.00295 -0.08373 +0.00038 -0.09457 +0.00882 +0.02189
+0.02838 -0.07962 +0.04480 -0.09878 +0.04844 +0.00132
+0.00146 -0.10193 -0.04144 -0.11539 +0.02657 -0.04140
+0.03011 -0.07938 +0.05263 -0.09533 +0.05922 -0.00812
-0.01471 -0.08833 -0.01011 -0.10325 -0.05589 +0.03557
+0.01640 -0.09185 -0.02442 -0.13498 -0.07548 -0.01412
+0.01704 -0.09527 -0.02001 -0.11795 +0.01467 -0.03513
+0.00416 -0.09522 +0.00401 -0.08970 +0.04924 -0.06472
+0.02443 -0.08788 -0.01674 -0.10761 +0.00208 -0.01844
+0.00848 -0.07771 +0.01089 -0.07579 +0.03358 +0.03486
+0.01765 -0.08490 -0.02100 -0.10109 +0.00731 -0.00172
+0.01280 -0.08913 +0.01714 -0.11036 +0.04746 -0.03061
+0.01853 -0.08697 -0.02829 -0.08167 +0.01495 +0.00987
-0.00771 -0.09708 +0.04026 -0.06109 +0.07419 -0.04498
-0.02619 -0.08605 +0.01768 -0.05804 +0.04832 +0.03104
+0.01606 -0.08623 +0.03874 -0.11284 +0.03533 -0.03973
+0.01832 -0.08171 +0.06951 -0.11686 +0.04346 -0.02440
+0.00175 -0.09330 -0.03477 -0.14494 +0.04180 -0.04585
+0.00698 -0.09418 -0.01407 -0.09062 +0.00037 -0.02516
+0.01639 -0.07461 +0.03617 -0.05646 +0.02119 +0.03993
-0.02718 -0.09162 +0.04755 -0.07663 +0.11056 -0.00755
-0.01024 -0.08559 +0.03762 -0.11293 -0.01215 -0.01179
