  342.92531 
  342.54595 
  341.92398 
  341.72903 
  341.15284 
  341.66591 
  341.48970 
  341.41551 
  341.43714 
  341.48186 
  341.80928 
  342.07796 
  341.68265 
  341.51457 
  341.43032 
  341.51561 
  342.16842 
  340.89240 
  342.36221 
  342.28385 
  341.55770 
  341.74838 
  342.19913 
  342.20704 
  342.51501 
  342.57968 
  341.94246 
  342.00804 
  342.05473 
  341.88119 
  341.79968 
  342.10167 
  341.83139 
  341.98594 
  341.02189 
  341.87219 
  342.63468 
  342.97835 
  343.61347 
  342.55554 
  342.15955 
  342.68447 
  341.81688 
  342.49485 
  341.89866 
  342.18567 
  342.21105 
  341.80654 
  338.28888 
  343.72399 
  342.07298 
  338.76955 
  339.08695 
  340.23447 
  340.25833 
  342.55579 
  344.70174 
  342.50477 
  341.73466 
  342.15493 
  341.96406 
  341.95315 
  341.88157 
  342.07777 
  342.08983 
  342.09876 
  341.90781 
  336.81764 
  336.33880 
  340.27106 
  339.48582 
  339.89403 
  339.43719 
  343.42395 
  344.17272 
  343.45994 
  342.76020 
  342.88681 
  342.97198 
  343.04905 
  343.05365 
  342.51148 
  342.65130 
  341.90429 
  342.26876 
  337.27442 
  337.89538 
  338.95248 
  338.97681 
  339.16884 
  339.10830 
  339.63656 
  339.01337 
  339.44645 
  340.15652 
  346.50614 
  343.08029 
  342.64249 
  338.14062 
  343.74105 
  342.31096 
  342.30891 
  341.81554 
  342.94771 
  333.84768 
  337.08126 
  340.85883 
  340.82746 
  340.85777 
  340.50708 
  341.14286 
  339.88964 
  340.90634 
  340.70771 
  340.39763 
  340.25715 
  340.26749 
  340.15838 
  340.08055 
  339.91365 
  340.15674 
  340.04205 
  346.28957 
  338.91510 
  338.64800 
  343.18947 
  342.23962 
  342.69672 
  341.74551 
  342.08524 
  337.50210 
  338.26517 
  340.48574 
  340.34955 
  340.36952 
  340.37976 
  339.45482 
  339.98517 
  339.82253 
  339.80432 
  339.52361 
  339.59005 
  339.70975 
  339.00408 
  339.22385 
  338.94388 
  339.04787 
  339.18225 
  339.37184 
  343.72136 
  346.40005 
  343.89739 
  343.87834 
  344.30797 
  343.99538 
  344.35445 
  343.98882 
  344.06264 
  344.02583 
  344.16169 
  343.83309 
  339.93608 
  337.73137 
  340.61345 
  339.84372 
  338.44206 
  342.19198 
  347.18776 
  344.71144 
  343.50049 
  343.60989 
  341.90700 
  341.77644 
  338.24366 
  344.52958 
  342.78545 
  336.83617 
  336.82147 
  340.66669 
  340.28231 
  341.05488 
  340.78440 
  340.28994 
  340.31845 
  340.00322 
  340.37220 
  340.34445 
  340.25868 
  340.47768 
  340.37708 
  340.24478 
  340.43849 
  340.45769 
  340.31967 
  340.29806 
  340.42674 
  340.71906 
  340.55979 
  340.80790 
  345.41583 
  344.27763 
  343.66455 
  343.16236 
  343.55348 
  343.36162 
  343.52419 
  343.53359 
  343.16011 
  344.03054 
  343.68014 
  343.68474 
  343.42705 
  337.97917 
  341.19527 
  342.26134 
  341.40354 
  342.29577 
  341.48835 
  341.57975 
  341.11609 
  343.28954 
  341.78408 
  341.22112 
  341.39233 
  341.18286 
  341.81645 
  341.45901 
  346.36508 
  344.95409 
  343.59953 
  343.62705 
  343.50815 
  343.56064 
  343.02377 
  343.70974 
  339.61256 
  338.64089 
  341.14633 
  340.18398 
  340.46883 
  340.55435 
  340.56927 
  341.53514 
  346.64722 
  344.02286 
  343.11650 
  343.57616 
  343.79468 
  343.35871 
  343.19795 
  343.82643 
  344.11205 
  343.84544 
  335.51441 
  340.70813 
  340.88047 
  340.49606 
  341.09368 
  340.29508 
  341.01562 
  339.59004 
  341.18431 
  340.98343 
  340.07586 
  340.69113 
  340.37555 
  340.24685 
  339.87511 
  344.77153 
  340.90040 
  340.20965 
  341.52114 
  341.17953 
  341.10710 
  340.60977 
  340.21776 
  334.98461 
  339.51606 
  339.99280 
  340.09985 
