-0.01575 +0.01651 +0.14466 -0.02606 +0.10619 -0.06793
+0.00321 -0.03984 +0.04659 +0.23880 +0.10375 -0.11565
-0.02652 +0.01676 +0.09346 -0.02788 +0.17395 -0.01447
-0.01944 +0.01809 +0.04828 -0.06364 +0.14348 -0.10083
-0.01782 +0.02613 -0.01182 -0.13444 +0.12252 -0.11210
-0.01262 +0.01733 -0.00818 -0.08721 +0.09053 -0.12916
-0.01576 +0.01460 +0.01075 -0.06950 +0.11308 -0.07319
-0.01813 +0.02440 -0.02682 -0.06403 +0.09908 -0.07107
-0.02247 +0.01933 +0.00256 -0.07186 +0.12187 -0.05746
-0.01201 +0.00938 -0.00221 -0.04934 +0.12246 -0.05542
-0.01635 +0.02184 -0.01270 -0.04020 +0.11271 -0.08490
-0.01418 +0.01684 -0.01178 -0.01648 +0.10060 -0.09071
-0.01395 +0.01430 +0.01321 +0.02886 +0.07059 -0.11654
-0.02319 +0.03064 +0.01698 +0.00538 +0.06179 -0.08944
-0.01929 +0.01495 +0.02074 +0.03832 +0.07427 -0.07792
-0.02081 +0.01257 +0.04136 +0.02590 +0.07693 -0.08948
-0.01794 +0.02033 +0.05346 +0.01338 +0.06882 -0.08589
-0.02844 +0.04405 -0.02140 -0.06259 +0.09199 -0.03236
-0.00648 +0.01165 +0.02240 -0.03539 +0.10093 -0.01539
-0.00881 +0.01215 +0.02997 +0.03849 +0.06696 -0.04152
-0.02155 +0.03475 -0.01978 -0.05711 +0.01030 -0.05287
-0.02031 +0.04387 +0.03271 +0.00395 +0.05618 -0.03711
-0.00727 +0.01028 +0.00765 +0.03257 +0.05989 -0.05983
-0.01007 +0.01750 +0.00209 +0.03973 +0.07684 -0.05466
-0.01562 +0.02562 -0.04902 +0.00199 +0.10985 +0.00093
-0.02326 +0.04047 +0.01604 +0.01990 +0.03501 -0.09399
-0.02478 +0.03618 -0.01116 -0.00242 +0.10504 +0.00278
-0.01807 +0.03154 +0.00855 +0.04123 +0.07409 -0.01862
-0.02167 +0.03858 -0.00890 +0.03786 +0.06745 -0.02705
-0.01913 +0.03452 -0.05710 +0.05876 +0.06427 -0.03076
-0.02431 +0.04380 -0.02561 +0.02224 +0.07908 -0.00523
-0.01791 +0.03121 -0.00206 +0.06384 +0.04350 -0.07998
-0.01905 +0.03545 +0.04392 +0.06361 +0.04852 -0.05450
-0.01800 +0.02999 +0.00980 +0.08514 +0.06833 -0.01752
-0.02128 +0.05005 -0.05813 -0.01800 +0.07666 -0.03041
-0.00978 +0.04386 -0.04947 +0.05014 +0.05991 -0.08477
+0.02766 -0.02692 +0.06060 +0.07306 -0.01330 -0.09590
+0.00963 +0.00185 +0.01327 +0.03684 +0.06247 -0.07326
+0.01005 +0.00214 +0.01498 +0.07197 +0.00417 -0.10655
-0.01315 +0.02745 -0.02062 +0.09241 +0.04464 -0.10217
-0.01695 +0.03343 -0.00198 +0.05989 +0.06628 -0.05291
-0.02779 +0.04181 +0.03362 +0.06756 +0.05959 -0.08106
-0.03527 +0.04578 -0.01496 +0.03710 +0.11721 -0.05394
-0.02561 +0.04421 +0.04258 +0.04540 +0.06765 -0.06330
-0.02803 +0.04016 +0.00482 +0.04883 +0.04963 -0.09388
-0.02066 +0.03565 +0.05535 +0.04796 +0.02822 -0.13513
-0.01532 +0.02389 -0.03057 +0.09432 +0.05112 -0.07742
-0.01023 +0.01116 +0.00919 +0.12861 +0.02271 -0.08980
-0.00359 -0.01286 -0.03926 -0.08603 -0.10542 -0.10204
-0.01728 -0.04878 -0.10529 +0.01847 +0.00487 -0.03680
-0.04310 +0.00338 -0.02019 +0.08325 -0.03381 +0.04243
-0.08740 +0.10232 -0.07136 -0.03055 -0.00641 +0.06442
-0.05595 +0.08313 -0.00420 +0.00426 -0.07940 +0.04323
-0.02289 +0.00764 -0.01978 +0.05977 -0.04722 +0.03133
-0.01179 -0.01351 -0.01179 +0.05604 -0.08048 -0.01139
+0.00251 -0.05992 -0.08052 +0.04062 -0.02297 +0.00429
+0.01598 -0.13856 -0.11048 +0.02508 -0.01800 -0.10339
-0.07245 +0.01183 -0.04190 +0.08519 +0.02709 +0.00422
-0.08701 +0.03353 -0.01789 +0.07349 +0.01618 +0.00969
-0.08765 +0.03282 -0.00067 +0.06262 +0.01011 +0.01494
-0.07973 +0.02024 -0.12381 +0.12341 +0.03287 +0.04352
-0.09604 +0.04204 -0.05411 +0.02095 +0.04079 +0.04249
-0.09251 +0.03868 -0.02410 +0.01673 +0.05284 +0.06177
-0.07857 +0.02272 -0.07001 +0.05751 -0.00923 -0.00012
-0.09665 +0.04340 -0.10830 +0.01631 +0.05675 +0.06809
-0.08689 +0.02313 -0.08845 +0.00832 +0.00752 -0.02278
-0.09036 +0.03338 -0.01838 +0.05024 +0.00539 -0.01204
-0.08916 +0.06284 -0.02745 -0.03607 -0.06080 +0.01194
-0.11289 +0.18631 +0.00676 +0.17118 -0.09651 -0.06429
-0.01091 +0.02365 +0.04728 -0.01095 -0.07337 -0.00241
-0.00075 +0.01766 +0.02840 +0.01944 -0.08636 -0.03633
-0.00853 +0.01260 -0.01876 +0.00070 -0.04654 +0.02139
-0.01189 +0.01680 +0.00145 -0.01560 -0.06514 -0.00281
+0.00986 -0.06282 -0.05035 -0.00592 -0.05713 -0.02122
-0.01768 -0.06653 -0.07228 +0.01342 -0.03648 -0.05040
-0.06348 +0.00318 -0.06406 +0.05181 +0.00741 -0.02696
-0.07290 +0.01628 -0.02493 +0.03972 -0.01021 -0.03771
-0.07225 +0.01053 -0.03928 +0.05635 -0.02814 -0.06074
-0.07489 +0.01127 -0.09291 +0.09138 +0.01675 -0.01081
-0.07578 +0.02419 +0.00374 +0.06990 -0.03779 -0.04725
-0.07096 +0.01241 -0.03652 +0.04818 -0.00221 +0.04268
-0.07856 +0.02269 +0.02610 +0.04091 -0.03349 -0.03578
-0.07245 +0.01153 -0.10777 +0.05557 -0.01439 -0.03053
-0.07789 +0.02772 -0.05387 +0.05399 -0.06482 -0.06294
-0.07485 +0.01235 -0.02464 +0.05924 -0.03165 -0.05302
-0.10027 +0.12065 -0.19872 -0.03986 -0.00076 +0.07070
-0.07642 +0.12728 +0.01485 -0.00547 -0.06804 +0.04440
-0.01426 +0.01295 +0.00246 +0.01330 -0.02125 +0.04554
-0.01033 +0.01206 -0.00390 +0.04822 -0.11041 -0.02740
-0.01245 +0.00622 -0.07078 +0.02255 -0.03381 +0.05838
-0.01807 +0.02540 -0.01350 +0.03861 -0.04885 +0.02881
-0.01170 +0.01577 +0.01756 +0.03831 -0.09136 +0.00199
-0.01809 +0.02471 -0.02653 +0.02788 -0.09433 +0.00555
-0.01121 +0.00887 -0.02623 +0.08062 -0.09198 -0.02338
-0.01596 -0.00230 -0.04986 +0.02909 -0.08982 -0.01744
+0.03937 -0.17698 -0.12944 +0.01126 -0.09433 -0.10696
-0.07654 -0.00113 -0.12116 -0.01891 -0.01469 +0.00493
-0.07504 -0.00259 -0.03558 -0.00386 -0.05802 -0.06169
-0.11680 +0.06353 -0.10567 +0.01666 +0.04499 -0.04666
-0.07307 -0.15552 +0.03256 +0.02969 +0.05330 -0.01088
-0.10984 -0.10648 +0.10367 -0.00236 +0.00841 -0.06501
-0.10805 -0.10162 +0.08124 +0.05860 +0.03081 -0.04410
-0.10415 -0.07555 +0.12476 +0.10239 -0.00554 -0.09570
-0.05034 -0.10233 -0.00323 +0.07012 +0.06391 +0.09574
-0.12964 +0.00948 +0.02484 -0.00799 -0.09206 +0.14728
-0.15621 +0.26170 -0.00024 -0.16739 -0.05101 -0.05066
-0.01490 +0.00353 -0.09673 -0.05789 +0.01943 -0.00815
-0.01191 +0.00038 -0.03297 -0.00985 -0.02714 -0.03620
-0.01368 +0.00340 -0.10819 +0.00915 +0.01841 -0.00487
-0.01535 -0.00800 -0.03832 +0.03480 -0.00150 -0.00058
-0.01264 -0.00860 -0.05062 +0.03232 -0.03278 -0.04033
-0.02264 +0.02550 -0.07729 -0.00715 -0.03487 +0.00909
-0.01425 +0.02428 -0.07550 +0.00834 -0.03274 +0.00521
-0.00445 +0.00831 -0.07823 +0.00172 -0.04394 +0.02531
-0.01352 +0.01034 -0.07183 -0.00745 -0.00143 +0.04930
-0.00747 +0.00783 -0.06844 -0.01238 +0.00564 +0.04171
-0.00925 +0.01578 -0.08507 +0.03985 -0.09343 -0.03712
-0.00766 +0.00515 -0.05518 +0.03489 -0.02210 +0.04579
-0.00612 +0.00543 -0.09657 +0.02937 -0.00500 +0.07466
-0.01897 +0.00939 -0.06241 -0.00125 +0.00541 +0.07933
-0.01169 +0.01006 -0.00418 +0.00218 -0.02534 +0.02863
-0.01005 +0.00652 -0.06756 +0.04070 +0.01081 +0.07968
+0.03217 -0.15992 -0.10074 +0.00645 +0.03806 -0.04296
-0.04783 -0.08954 -0.19759 -0.10882 +0.05331 +0.01160
-0.12861 +0.01174 +0.31147 -0.00691 +0.04056 +0.11637
-0.06588 -0.19690 -0.02567 -0.08485 -0.03377 -0.00120
-0.11253 -0.12697 +0.04742 -0.08236 -0.03539 +0.00823
-0.11182 -0.12963 +0.13299 -0.04958 -0.06560 -0.00249
-0.12584 -0.11479 +0.04879 -0.05996 -0.00296 +0.03273
-0.11615 -0.10994 +0.08352 -0.01324 -0.04167 -0.01131
-0.10213 -0.03635 -0.07980 -0.06661 -0.00865 -0.07098
-0.13276 +0.16979 +0.15959 -0.14129 -0.01530 -0.14076
-0.01611 +0.00222 -0.00032 -0.06474 +0.00432 -0.04894
-0.00977 -0.01363 -0.00482 -0.01513 +0.00702 -0.06453
-0.01762 -0.00352 -0.01605 -0.03310 -0.01027 -0.04292
-0.01550 -0.00821 -0.03451 -0.00324 +0.00840 -0.01719
-0.01487 +0.03199 +0.00304 -0.10916 +0.03693 +0.06532
+0.00323 +0.00733 -0.04115 -0.01863 -0.07493 -0.05899
+0.00603 -0.00983 -0.04630 +0.12252 +0.02148 -0.00038
-0.00804 +0.02147 +0.02336 -0.04502 +0.00269 +0.03674
+0.00000 +0.00000 +0.00000 +0.00000 +0.00000 +0.00000
+0.00093 +0.00370 -0.02709 -0.01361 -0.03009 -0.00551
-0.00823 +0.00648 +0.01222 +0.00196 +0.04807 +0.06575
-0.00385 +0.00542 -0.00178 +0.02384 -0.02036 -0.02896
-0.00415 +0.00468 -0.04442 +0.03217 +0.01511 +0.03514
-0.00676 +0.01512 -0.03194 +0.03264 -0.04806 -0.02648
+0.00114 +0.00168 -0.00648 +0.05905 -0.03870 -0.02855
-0.01012 +0.00585 +0.00226 +0.04959 +0.01051 +0.02084
-0.00410 -0.00374 -0.00042 +0.04371 -0.00439 -0.01159
+0.01253 -0.07844 -0.05390 -0.00671 -0.03953 -0.04225
+0.01218 -0.16395 -0.10608 -0.01169 +0.04578 -0.06995
-0.08351 -0.02500 -0.06778 -0.04469 +0.05814 +0.01248
-0.08142 -0.02911 -0.05215 -0.03311 +0.07660 +0.04559
-0.07495 -0.02995 -0.05335 -0.01599 +0.03220 +0.00567
-0.07368 -0.02868 -0.01768 +0.02184 +0.02711 -0.00172
-0.08524 -0.03103 -0.04819 -0.04451 +0.04300 +0.01382
-0.07470 -0.03134 -0.03240 +0.00465 +0.01057 -0.03476
-0.07449 -0.03355 -0.02299 +0.04003 -0.01697 -0.04336
-0.07675 -0.02857 +0.04107 +0.01742 -0.05026 -0.04916
-0.08360 -0.02815 -0.00181 +0.04593 +0.01343 +0.00060
-0.07895 -0.03385 -0.04203 +0.05607 -0.01279 -0.00058
-0.09323 +0.01964 +0.02114 -0.00604 -0.06775 -0.00109
-0.11768 +0.16882 +0.06014 +0.00774 -0.05774 +0.01889
-0.00903 -0.02001 -0.00163 +0.08844 -0.03468 +0.00137
-0.02425 -0.00263 +0.00526 +0.06669 -0.03291 -0.02324
+0.00405 +0.00744 -0.05636 -0.13046 -0.06920 -0.09800
+0.01305 -0.03341 -0.05423 -0.18197 -0.08606 -0.02130
+0.05519 -0.20173 -0.00101 +0.06875 +0.11455 +0.01091
-0.06178 -0.03916 +0.03658 +0.00387 +0.06251 -0.06343
-0.07247 -0.02636 -0.04350 +0.06327 +0.10920 -0.04740
-0.08125 -0.00817 +0.05870 +0.10304 -0.02629 -0.20953
-0.09830 +0.01100 +0.07930 +0.11967 +0.04862 -0.05365
-0.09898 +0.01130 +0.03397 +0.14404 +0.05205 -0.06563
-0.13178 +0.00838 -0.01776 +0.00248 +0.03533 -0.12504
-0.11515 -0.17380 +0.07598 -0.14390 -0.13618 +0.06227
-0.13614 -0.14872 +0.02981 -0.06845 -0.10157 -0.00122
-0.13747 -0.01304 -0.07348 -0.12490 +0.00992 -0.06876
-0.12411 +0.15499 +0.07929 -0.02121 +0.11699 +0.09679
-0.01064 -0.00011 -0.00189 -0.07966 -0.03289 -0.06906
-0.00858 -0.01670 -0.01499 -0.06129 +0.05584 -0.00339
-0.00663 +0.00490 +0.03930 -0.08865 -0.08938 -0.04273
-0.00913 -0.00035 -0.05477 -0.02784 -0.04325 -0.07340
-0.01397 +0.01309 -0.01875 -0.06565 -0.01171 -0.00417
-0.00988 -0.00352 -0.01563 -0.03273 -0.01586 -0.02165
-0.01771 -0.00243 -0.00831 -0.02445 +0.00292 -0.00661
-0.00753 -0.01040 -0.07832 +0.02971 -0.07805 -0.07057
-0.01465 +0.00212 -0.03710 -0.01615 -0.01302 -0.01994
-0.01927 +0.00217 -0.00878 -0.01763 -0.02386 -0.00667
-0.01646 -0.00241 -0.03286 +0.04972 -0.07423 -0.06003
-0.02015 -0.00947 +0.00065 +0.00038 -0.00153 +0.03694
-0.02076 -0.00725 -0.01617 +0.02551 -0.03760 -0.02445
-0.03358 +0.00004 -0.03021 -0.01128 +0.09374 +0.07984
-0.01836 +0.00188 +0.02312 +0.02045 -0.04656 +0.01100
-0.01831 -0.00651 -0.03431 +0.03641 -0.01089 +0.00001
-0.02291 +0.00067 +0.02165 +0.00436 -0.02443 +0.04450
-0.02457 -0.00008 -0.05019 +0.01242 +0.01450 +0.04876
-0.01861 -0.00516 -0.00827 +0.03823 -0.03870 +0.01530
-0.02414 +0.00464 -0.05334 +0.04444 -0.02688 +0.01118
-0.01946 -0.00361 -0.00422 +0.02471 -0.03929 -0.00663
+0.00231 -0.12041 -0.09620 -0.01197 +0.03062 +0.02558
-0.03960 -0.06792 -0.05759 +0.01059 +0.01249 -0.02894
-0.06741 -0.03439 -0.03544 -0.00551 +0.00822 -0.02918
-0.07764 -0.01176 -0.01857 -0.02850 -0.01494 -0.00937
-0.06367 -0.03483 -0.09371 +0.01698 +0.03893 +0.02268
-0.06983 -0.02045 -0.06177 +0.00316 -0.00525 -0.00362
-0.06886 -0.02931 -0.06314 +0.00186 -0.01007 -0.02644
-0.07161 -0.03116 -0.07913 -0.00800 +0.04232 +0.00875
-0.07464 -0.02476 -0.05930 -0.02249 +0.02196 -0.00232
-0.07159 -0.02712 -0.08443 -0.00156 +0.03549 +0.01007
-0.07613 -0.01471 -0.00200 -0.03077 -0.04138 -0.07065
-0.07222 -0.02186 -0.06246 +0.00012 -0.00980 -0.02699
-0.07702 -0.02770 -0.02211 +0.02736 -0.00186 -0.02164
-0.11335 +0.10456 -0.11184 -0.08474 -0.06916 +0.06522
-0.03238 -0.01928 +0.07988 +0.20026 -0.06568 +0.03736
-0.04350 +0.01414 +0.06390 -0.03045 +0.01434 +0.10556
-0.03100 -0.02664 +0.07365 +0.04777 +0.01507 +0.09516
-0.03593 -0.00657 +0.08434 -0.02076 -0.03428 +0.03348
-0.00848 -0.06474 +0.03963 +0.13728 -0.14895 +0.00008
-0.03393 -0.02959 +0.00849 +0.11710 +0.13208 +0.30106
-0.04044 -0.01056 +0.07074 +0.08804 -0.11086 -0.01253
-0.02230 -0.02613 +0.11735 +0.05822 -0.16135 -0.03032
-0.07572 +0.01860 +0.10315 -0.03920 +0.06304 +0.03771
-0.02823 -0.04593 +0.04236 +0.11210 -0.06901 -0.04632
-0.05686 -0.00351 +0.06131 -0.05706 -0.01844 +0.01595
-0.03702 -0.03552 +0.02707 +0.07237 +0.00761 -0.00331
-0.04782 -0.02502 +0.03441 -0.01245 +0.10230 +0.09449
-0.04275 -0.02749 +0.02156 -0.03706 +0.08191 +0.07255
-0.00556 -0.16550 -0.02851 -0.06221 +0.05405 -0.03866
-0.06411 -0.06501 -0.00597 -0.03431 -0.02542 -0.05864
-0.08817 -0.04302 -0.03654 -0.02548 +0.02320 -0.03796
-0.09066 -0.03936 +0.00287 -0.05759 +0.00016 -0.02870
-0.08924 -0.04598 -0.09211 -0.00598 +0.03603 -0.03193
-0.09498 -0.03197 +0.00256 -0.03356 +0.04347 +0.03425
-0.08881 -0.04323 -0.01940 -0.01210 +0.02166 -0.03231
-0.09236 -0.03425 +0.00888 -0.03761 +0.01421 +0.00378
-0.11172 +0.05784 +0.01188 -0.04716 -0.07801 +0.01862
-0.11140 +0.13086 +0.03884 +0.02917 -0.00307 +0.10686
-0.02623 -0.00293 -0.03583 +0.04126 +0.01990 +0.03181
-0.03259 +0.00801 -0.04384 +0.04651 +0.02609 +0.06668
-0.02630 -0.00023 -0.01478 +0.05785 +0.00433 +0.06112
-0.01742 -0.00705 -0.00006 +0.07795 -0.06448 +0.07402
-0.03625 +0.00618 -0.00093 +0.06438 +0.00360 +0.06311
-0.02472 -0.01962 -0.03806 +0.07430 +0.00743 +0.04945
+0.00282 -0.17389 -0.07254 +0.00079 +0.03720 -0.06029
-0.06954 -0.04327 +0.00395 +0.04204 -0.03256 -0.03512
-0.08295 -0.02756 +0.00183 +0.06103 -0.03898 -0.00588
-0.08680 -0.03387 +0.02021 +0.02522 +0.01077 +0.02920
-0.07788 -0.03491 -0.02426 +0.05434 -0.03168 +0.00682
-0.08411 -0.02283 -0.00348 +0.08104 -0.05001 -0.02401
-0.07816 -0.02893 +0.00063 +0.08736 -0.05257 -0.01361
-0.09085 -0.02890 -0.03071 +0.03072 +0.02683 +0.04223
-0.07944 -0.03304 +0.00831 +0.02897 -0.02826 +0.01077
-0.09476 -0.01862 -0.03300 -0.00198 +0.06108 +0.06433
-0.13064 +0.18134 -0.01230 -0.08512 -0.07421 +0.03429
-0.03049 +0.01557 -0.04380 +0.03411 -0.01348 +0.06586
-0.01139 -0.01364 -0.04964 +0.06557 -0.04362 +0.02764
-0.02488 -0.00429 -0.01476 +0.07227 -0.02256 +0.03974
-0.02500 -0.00897 -0.00420 +0.04370 +0.00957 +0.07354
-0.03461 -0.00824 -0.02937 +0.03554 +0.06534 +0.13624
-0.02069 -0.00970 -0.03281 +0.06545 -0.02968 +0.08664
-0.02529 -0.00065 -0.08337 -0.02203 +0.02181 +0.02526
-0.01379 +0.00145 -0.03235 -0.05180 -0.02838 -0.01632
-0.00170 -0.01019 -0.03704 -0.00766 -0.02277 +0.04816
-0.00803 -0.00802 -0.03550 -0.00220 -0.04998 +0.02396
-0.00646 -0.00493 -0.02392 +0.00715 -0.08467 +0.00311
-0.01312 +0.00571 -0.01350 -0.00717 -0.07087 +0.00070
-0.00804 -0.01087 -0.05234 +0.03257 -0.04342 +0.03568
-0.00747 -0.00532 -0.00579 +0.00969 -0.06516 +0.04366
+0.01619 -0.10916 +0.00803 -0.06888 +0.00349 -0.07794
-0.02533 -0.04395 -0.10684 +0.03463 +0.24329 +0.16527
-0.09378 -0.15230 +0.12677 -0.04198 -0.01508 +0.01552
-0.12477 -0.12219 +0.04207 -0.10924 -0.04368 +0.01181
-0.13268 -0.11749 +0.13867 -0.08748 +0.02700 +0.04545
-0.12575 -0.09459 +0.08430 -0.03908 +0.00305 +0.03459
-0.13477 -0.10384 +0.04260 -0.05308 +0.10369 +0.10500
-0.11490 -0.03273 +0.17155 +0.00271 -0.02801 +0.05529
-0.08766 +0.11688 -0.12491 -0.14516 -0.08127 -0.07747
-0.05838 +0.10497 -0.00754 -0.06854 +0.01494 -0.05298
-0.00130 +0.01805 +0.02943 -0.05880 -0.01084 -0.09444
+0.01115 +0.01241 +0.00556 +0.00107 -0.08380 -0.09699
