  369.11346 
  368.46849 
  367.77264 
  367.57480 
  367.84404 
  367.34666 
  367.43647 
  367.73535 
  368.60549 
  368.25450 
  367.51593 
  367.65825 
  367.72284 
  368.38010 
  367.81457 
  368.34930 
  368.72395 
  368.40003 
  362.67762 
  358.61267 
  358.31824 
  358.22509 
  358.67954 
  358.39710 
  358.55493 
  358.43655 
  358.12270 
  358.24733 
  356.77163 
  354.67864 
  355.07483 
  354.85014 
  355.29173 
  354.32279 
  354.39892 
  362.51681 
  369.31500 
  368.33638 
  368.87734 
  368.80403 
  369.11821 
  369.50865 
  369.07008 
  369.11151 
  369.45158 
  369.23128 
  369.18927 
  370.12180 
  369.26783 
  369.64715 
  369.29105 
  370.11386 
  369.51534 
  369.34298 
  369.92476 
  369.72951 
  364.41980 
  354.83229 
  356.89078 
  356.61591 
  357.32859 
  357.14010 
  360.51445 
  333.75068 
  349.29744 
  349.99243 
  350.67104 
  350.82616 
  336.07182 
  340.07531 
  340.55342 
  340.80043 
  341.39780 
  341.16187 
  341.27766 
  341.30682 
  340.55514 
  341.66192 
  341.80713 
  341.97504 
  341.96458 
  342.86961 
  342.56574 
  342.51255 
  342.52202 
  342.86317 
  343.26362 
  343.57315 
  351.98826 
  352.34621 
  351.98246 
  351.78186 
  351.92464 
  351.95700 
  352.30154 
  352.28658 
  351.42333 
  352.09301 
  351.94268 
  351.80622 
  352.17078 
  352.52586 
  352.34452 
  352.43605 
  352.10722 
  352.43639 
  352.32842 
  352.26347 
  352.41236 
  351.52445 
  352.20860 
  352.62109 
  352.03972 
  352.80845 
  352.96976 
  352.36129 
  352.08499 
  347.89737 
  343.36597 
  343.94491 
  343.95188 
  344.32327 
  343.66224 
  344.37489 
  344.71210 
  343.45976 
  342.96968 
  342.98194 
  342.92534 
  342.36960 
  343.40299 
  343.23759 
  354.03249 
  352.84244 
  351.92269 
  352.62732 
  352.96208 
  352.82372 
  353.08011 
  353.30457 
  352.50879 
  352.70939 
  352.72037 
  352.58338 
  352.57366 
  352.73893 
  352.76636 
  352.89951 
  353.46142 
  353.27178 
  352.58079 
  351.93617 
  352.53907 
  353.31024 
  352.57879 
  353.00076 
  352.48912 
  352.61328 
  352.93136 
  352.82172 
  352.81890 
  352.94025 
  353.24466 
  352.91895 
  353.38088 
  353.21397 
  343.60969 
  341.75403 
  342.09838 
  340.59954 
  339.95178 
  339.73979 
  340.74468 
  340.96474 
  340.39221 
  350.65143 
  350.39720 
  350.55025 
  350.12960 
  350.29733 
  350.41177 
  351.07321 
  350.70052 
  350.63513 
  350.46693 
  350.99903 
  348.40614 
  337.80067 
  339.91361 
  339.71676 
  339.19334 
  339.91672 
  340.48879 
  340.27555 
  340.04615 
  339.39689 
  340.06296 
  340.70611 
  351.17002 
  351.19103 
  350.54619 
  350.47310 
  351.12957 
  351.19420 
  350.78146 
  350.85834 
  351.07347 
  350.88445 
  350.68487 
  350.83359 
  351.20585 
  350.96406 
  350.77357 
  350.86288 
  351.40195 
  351.31243 
  350.75330 
  351.03134 
  350.44254 
  351.08244 
  351.34754 
  350.96651 
  351.30845 
  351.60441 
  346.66661 
  340.17226 
  340.62069 
  340.29391 
  340.00651 
  341.06643 
  340.68184 
  342.83901 
  351.64048 
  351.43522 
  351.03538 
  350.61152 
  351.38056 
  351.71210 
  351.26185 
  351.32752 
  351.32760 
  351.19040 
  351.58512 
  351.50191 
  350.75331 
  351.58069 
  351.20921 
  351.09052 
  351.37389 
  351.24568 
  351.81793 
  351.56813 
  338.07204 
  340.36343 
  340.60244 
  326.41806 
  348.14481 
  348.89079 
  348.23820 
  349.52629 
  350.82391 
  350.66643 
  351.47971 
  352.16525 
  354.13205 
  334.56768 
  336.85585 
  337.55207 
  337.39054 
  346.87178 
  351.44971 
  350.54093 
  351.08438 
  351.06934 
  351.30767 
  351.28229 
  351.07245 
  351.11878 
  351.40294 
  352.10157 
