-0.12675 -0.06149 +0.00477 -0.02435 -0.02427 +0.15313
-0.12798 -0.06574 -0.01712 -0.03010 -0.01043 +0.07450
-0.12868 -0.06230 -0.02128 -0.01572 -0.00730 +0.06446
-0.12728 -0.04610 +0.01494 -0.02354 -0.06720 +0.06812
-0.12836 -0.04791 -0.00753 -0.02246 -0.06528 +0.00829
-0.12833 -0.04180 -0.00324 -0.08407 -0.06347 +0.01048
-0.12986 -0.04292 -0.03066 -0.06491 -0.07048 +0.04740
-0.12884 -0.06106 -0.02229 -0.01114 -0.06073 +0.01926
-0.12726 -0.04128 +0.01745 -0.03315 -0.05878 -0.05129
-0.12931 -0.04363 -0.00515 -0.02339 -0.01985 +0.04191
-0.12925 -0.05138 -0.01664 -0.03257 -0.00547 +0.04080
-0.12743 -0.05267 +0.02332 -0.01114 -0.02642 +0.02418
-0.12804 -0.04935 -0.00149 -0.04597 -0.06859 -0.00839
-0.12734 -0.04373 +0.00336 -0.04589 -0.05194 +0.03370
-0.12713 -0.04085 +0.03323 -0.01587 -0.05315 -0.10014
-0.12778 -0.05896 -0.00925 -0.03786 -0.09481 -0.00626
-0.12788 -0.04164 +0.00481 -0.05398 -0.08137 -0.04932
-0.12933 -0.06760 -0.02275 -0.00569 -0.00218 -0.09942
-0.11902 +0.00965 +0.11048 -0.00271 -0.10622 +0.05760
-0.11713 +0.08135 +0.09448 -0.00341 -0.08169 +0.08162
-0.12291 +0.08363 -0.02369 -0.00926 +0.00652 -0.00623
-0.12296 +0.08069 -0.00821 -0.03185 +0.02632 -0.02166
-0.12101 +0.05340 +0.00719 +0.03940 -0.01646 +0.02397
-0.12261 +0.03297 -0.00847 +0.09521 +0.09174 +0.03220
-0.12063 +0.05819 +0.02280 +0.03006 +0.00067 +0.00294
-0.12299 +0.07404 -0.01979 -0.03320 +0.04541 +0.06249
-0.12126 +0.04870 +0.00585 +0.04593 -0.01959 +0.02763
-0.12102 +0.04537 +0.01354 +0.06380 +0.03331 -0.05802
-0.12151 +0.07275 -0.00293 +0.05725 +0.03452 -0.02835
-0.11992 +0.09353 -0.00475 +0.22410 +0.02593 +0.04827
-0.12292 +0.12526 -0.02421 +0.06374 +0.04807 +0.11789
-0.12334 +0.13473 -0.01560 +0.06459 +0.06682 +0.05598
-0.12286 +0.10265 -0.01573 +0.07140 +0.00975 +0.12203
-0.12241 +0.09299 -0.00261 +0.14793 +0.08984 -0.00773
-0.12172 +0.14020 +0.02330 +0.02827 +0.01278 +0.01913
-0.12885 +0.00546 -0.11338 +0.15561 +0.01691 +0.11440
-0.12761 -0.05307 -0.07727 +0.10928 -0.04240 -0.03042
-0.12826 -0.00470 -0.02395 -0.01351 +0.02782 -0.04880
-0.12672 -0.01133 +0.00052 -0.00262 -0.02654 -0.06229
-0.12669 -0.04753 -0.02044 +0.03455 +0.01899 -0.07287
-0.12545 -0.04097 +0.01917 +0.00227 -0.05567 +0.00125
-0.12712 -0.02696 +0.00734 +0.02945 -0.01040 -0.00065
-0.12807 -0.02311 +0.00472 +0.00805 +0.03682 -0.08078
-0.12777 +0.00033 +0.00411 -0.05939 -0.01377 -0.09870
-0.12731 +0.00068 -0.00423 -0.07078 -0.07538 -0.03348
-0.12620 -0.02693 -0.00715 -0.01706 -0.08069 -0.03408
-0.12759 -0.00800 -0.00396 -0.04027 -0.04362 -0.05506
-0.12728 -0.03498 -0.00441 +0.03949 +0.03490 -0.06812
-0.12786 -0.01515 +0.00853 -0.02410 +0.06294 -0.05889
-0.12743 -0.01556 -0.00506 -0.05662 +0.02192 +0.00603
-0.12676 -0.02438 +0.01495 -0.03113 +0.01853 -0.12430
-0.12673 -0.00494 +0.02497 -0.04320 -0.04897 -0.10945
-0.12772 -0.04696 +0.01087 +0.07168 +0.05242 -0.04856
-0.12685 -0.03342 +0.01672 -0.01168 -0.00387 -0.06121
-0.12654 -0.03613 +0.00896 -0.07195 -0.00813 -0.06430
-0.12543 -0.03162 +0.02722 -0.04703 -0.05300 -0.03389
-0.12243 -0.01824 +0.09812 +0.01690 -0.00241 +0.04045
-0.11366 +0.05502 +0.17724 +0.02552 +0.01099 -0.00153
-0.12077 +0.05054 +0.01571 +0.05898 +0.00383 +0.14072
-0.12339 +0.07370 -0.02550 -0.00555 +0.06536 -0.08072
-0.12286 +0.08413 -0.00685 +0.01884 +0.09947 +0.02399
-0.12233 +0.06643 -0.00971 +0.01664 +0.08803 +0.05662
-0.12643 +0.05350 -0.08466 -0.01665 +0.06741 -0.11740
-0.07611 +0.15898 +0.07512 -0.43247 +0.29567 +0.19167
-0.02194 -0.11562 -0.19401 +0.00703 +0.32668 -0.03096
-0.01234 -0.09949 -0.06106 -0.14329 +0.09370 +0.28384
-0.01076 -0.10574 -0.01004 -0.05404 +0.12418 +0.10172
-0.00998 -0.11875 -0.01593 -0.06824 +0.14525 +0.17320
+0.00970 +0.10180 +0.08223 -0.03631 +0.09309 -0.09337
+0.00580 +0.07441 -0.01964 +0.08151 -0.00022 -0.02113
+0.00291 +0.06673 -0.08642 +0.07172 +0.02214 +0.02775
+0.00303 +0.06623 -0.05256 +0.11196 +0.03133 -0.04404
+0.00352 +0.07384 -0.06077 +0.08222 +0.01078 -0.04994
+0.00290 +0.08546 -0.04888 +0.02866 -0.00321 +0.07272
+0.00301 +0.09026 -0.05522 +0.03495 -0.01074 -0.10995
+0.00081 +0.09994 -0.07548 -0.01085 +0.03951 -0.06052
+0.00061 +0.06266 -0.10460 +0.00054 +0.04839 +0.07607
+0.00228 +0.09813 -0.02500 -0.00958 +0.03535 -0.05987
+0.00223 +0.09829 -0.05478 +0.00102 -0.00109 -0.02031
-0.00056 +0.08502 -0.09540 +0.02523 +0.09057 +0.00654
+0.00385 +0.09596 -0.04214 -0.00506 -0.02123 +0.05847
+0.00154 +0.07901 -0.07362 +0.01515 +0.08137 -0.01019
+0.00458 +0.08618 -0.02420 +0.00916 -0.02979 -0.02902
+0.00269 +0.08649 -0.06326 -0.00801 -0.01283 -0.02510
+0.00220 +0.07830 -0.05768 +0.02833 +0.06649 +0.00199
+0.00460 +0.08639 -0.03941 -0.04976 -0.03285 -0.00994
+0.00221 +0.07990 -0.07071 -0.01472 +0.03664 +0.00455
+0.00227 +0.11225 -0.03099 -0.07108 -0.00861 +0.04620
-0.01026 -0.00190 -0.25665 +0.01918 +0.09252 -0.00696
+0.00101 +0.00275 -0.03540 -0.02928 -0.04575 +0.01530
-0.00143 -0.00473 -0.03731 +0.04798 +0.03360 -0.04533
-0.00077 +0.02794 -0.02372 -0.06622 -0.04032 -0.01417
-0.00150 -0.01305 -0.05430 +0.06390 +0.02674 +0.02145
+0.00095 +0.00713 -0.00455 +0.00531 -0.05241 -0.05370
+0.00004 +0.01279 -0.02127 -0.01676 -0.05244 +0.00496
+0.00023 -0.00306 -0.03854 +0.00974 -0.02263 -0.02906
-0.00076 +0.01526 -0.01883 +0.00905 -0.01173 -0.01562
-0.00320 +0.01207 -0.06674 -0.05107 +0.03600 -0.07756
+0.00124 +0.00323 +0.00261 +0.00456 -0.03974 -0.02822
-0.00087 -0.02362 -0.03173 +0.07862 +0.04394 +0.04395
-0.00028 +0.00521 -0.01728 -0.00630 -0.00026 -0.02090
-0.00059 -0.00459 -0.04277 +0.01232 -0.02079 +0.01382
+0.00037 +0.01620 -0.00758 -0.03305 -0.06536 -0.10249
-0.00133 -0.00871 -0.04044 +0.03543 +0.00559 -0.01156
-0.00051 -0.00722 -0.01751 +0.01647 +0.01598 -0.04463
+0.00040 +0.01211 -0.01681 -0.05037 -0.02846 -0.02707
+0.00028 +0.00665 -0.00673 +0.01595 -0.00978 -0.07302
-0.00078 +0.02677 -0.03035 -0.06491 -0.04144 +0.00559
-0.00167 -0.01243 -0.03647 +0.03592 +0.02717 -0.04776
+0.00055 +0.00374 +0.00176 +0.00446 -0.03444 -0.03452
-0.00076 -0.00462 -0.04846 -0.05813 +0.01281 -0.00536
-0.00091 +0.00542 -0.02715 -0.01258 -0.01061 -0.00721
+0.00116 -0.00468 +0.00412 +0.01393 -0.04922 -0.06214
-0.00036 -0.00911 -0.02281 +0.02054 -0.00980 -0.00545
-0.00032 +0.01708 -0.03067 -0.06833 -0.04379 -0.03938
-0.00014 +0.00567 -0.02352 -0.04666 -0.01790 +0.00618
-0.00121 +0.02113 -0.03302 -0.08379 -0.00762 +0.01627
+0.00211 +0.04479 +0.01450 -0.06360 +0.00560 -0.03073
+0.00880 +0.12122 +0.10421 -0.01862 -0.01324 -0.07435
+0.00258 +0.07155 -0.04802 +0.01993 +0.06514 +0.01288
+0.00244 +0.08817 -0.03186 -0.01070 +0.03976 -0.01634
+0.00140 +0.12443 -0.04679 -0.11097 -0.03607 +0.06818
+0.00296 +0.07675 -0.04729 -0.02322 +0.01420 -0.00953
+0.00367 +0.08040 -0.01710 +0.03390 +0.01695 -0.02806
+0.00284 +0.08996 -0.02475 +0.01156 +0.03134 -0.11347
+0.00226 +0.10795 -0.04344 -0.08305 -0.02560 -0.02631
+0.00410 +0.09204 -0.01960 +0.03407 -0.05465 +0.02107
+0.00350 +0.10670 -0.03003 -0.00988 -0.05990 -0.02415
+0.00216 +0.07942 -0.06622 -0.01560 +0.02865 +0.01699
+0.00355 +0.11273 -0.02200 -0.03657 -0.00889 -0.01537
+0.00356 +0.09164 -0.03898 -0.03280 -0.00272 +0.05071
+0.00138 +0.09404 -0.06546 -0.08317 +0.02514 -0.05263
-0.00946 -0.01288 -0.22199 +0.05634 +0.05896 -0.03878
+0.00039 -0.00634 -0.02564 +0.02229 -0.03691 -0.08480
+0.00066 -0.01048 -0.01147 +0.04142 -0.02623 -0.00845
-0.00136 +0.00167 -0.03403 +0.02204 +0.00219 -0.00177
-0.00177 +0.00816 -0.03690 -0.05377 +0.04257 -0.04314
+0.00133 +0.00451 +0.00492 -0.01977 -0.05856 -0.03777
-0.00131 -0.00107 -0.04142 -0.01957 -0.02465 +0.03546
-0.00095 -0.00802 -0.00580 +0.03366 +0.01624 +0.02227
+0.00000 +0.00000 +0.00000 +0.00000 +0.00000 +0.00000
-0.00011 +0.00862 -0.01107 -0.02503 -0.04913 -0.08720
-0.00060 -0.01413 -0.03158 +0.02048 +0.00980 -0.07899
+0.00023 +0.00647 -0.01591 -0.05458 -0.03292 -0.09421
+0.00035 -0.01297 -0.01537 -0.00238 -0.02807 -0.08015
-0.00107 -0.01120 -0.03111 -0.00418 +0.02739 -0.07232
+0.00178 +0.00038 +0.02069 -0.01001 -0.04894 -0.09783
-0.00012 +0.01145 -0.01111 -0.05311 -0.02339 -0.11703
-0.00106 +0.00004 -0.03992 -0.02587 -0.00692 -0.02275
-0.00048 -0.00365 -0.00409 -0.02483 +0.02602 -0.01215
+0.00062 -0.01170 +0.00594 +0.00786 -0.03097 -0.01320
-0.00009 -0.02671 -0.01836 +0.01083 +0.00572 -0.05778
+0.00001 +0.00903 -0.00819 -0.09285 -0.04171 -0.11332
-0.00194 -0.00577 -0.04141 -0.05238 -0.00286 +0.06658
-0.00084 +0.00394 +0.00162 -0.04834 +0.00080 -0.03076
-0.00241 -0.01087 -0.05545 -0.08120 +0.02540 +0.01626
-0.00071 +0.01435 -0.01134 -0.12516 -0.02497 -0.05270
-0.00093 -0.00256 -0.02044 -0.05838 -0.03622 -0.07379
-0.00054 -0.00873 -0.00201 -0.00972 -0.01894 -0.10057
-0.00066 -0.02501 -0.01781 +0.01431 +0.01550 -0.00320
-0.00008 -0.01979 -0.00285 -0.00931 +0.01019 -0.06171
-0.00105 -0.01254 -0.01069 -0.04754 +0.01728 -0.11131
-0.00162 +0.00718 -0.01560 -0.11391 +0.00799 +0.05349
-0.00229 +0.00207 -0.02453 -0.06516 +0.02332 -0.01278
-0.00128 -0.00407 -0.01949 -0.04670 -0.00793 +0.00114
-0.00066 +0.01755 +0.00869 -0.06376 -0.04320 -0.04218
+0.00674 +0.06053 +0.09925 -0.00143 -0.06387 +0.06914
+0.00733 +0.13292 +0.04503 -0.07824 -0.07779 -0.05986
+0.00148 +0.10465 -0.05784 +0.02452 +0.03242 -0.01599
+0.00249 +0.10176 -0.06382 -0.00717 -0.01450 -0.01589
+0.00271 +0.09227 -0.04918 +0.01749 +0.03203 -0.01924
+0.00548 +0.08275 -0.02093 +0.03098 -0.00626 +0.06671
+0.00403 +0.10782 -0.03702 -0.04262 -0.02762 -0.04787
+0.00234 +0.08733 -0.05622 -0.02304 +0.01819 +0.03896
+0.00266 +0.10963 -0.03340 -0.02651 +0.01798 -0.01204
-0.00617 +0.00102 -0.20691 +0.04380 -0.01142 -0.08480
-0.00119 +0.01508 -0.06326 -0.00329 -0.04223 -0.00114
+0.00109 +0.00923 -0.02916 +0.03996 -0.07406 -0.04586
-0.00177 +0.03384 -0.06037 -0.06198 -0.07108 -0.01997
-0.00128 -0.00236 -0.06971 +0.02081 -0.00152 -0.03081
+0.00168 -0.00218 -0.00647 +0.04795 -0.04839 -0.03528
-0.00031 +0.01578 -0.04629 -0.01983 -0.02664 -0.01074
+0.00017 +0.00788 -0.02834 +0.00522 +0.00314 +0.05003
-0.00130 +0.02437 -0.03990 -0.04637 -0.00079 -0.07958
-0.00060 +0.01267 -0.04264 -0.03828 -0.04375 -0.00464
-0.00144 +0.01497 -0.05723 -0.03138 +0.04432 -0.04980
+0.00037 +0.00066 +0.00841 +0.04508 +0.00300 +0.06630
+0.01220 +0.13540 +0.13683 -0.02772 -0.10646 +0.06160
+0.00392 +0.09717 -0.06223 +0.02167 -0.04504 +0.02989
+0.00377 +0.07720 -0.06444 +0.07094 -0.01405 +0.07520
+0.00479 +0.07600 -0.04950 +0.03461 -0.04199 +0.04735
+0.00445 +0.06641 -0.05433 +0.08576 -0.01101 +0.04312
+0.00633 +0.09701 -0.01049 +0.02083 -0.07168 -0.03608
+0.00390 +0.09412 -0.02814 +0.08168 -0.00030 +0.04766
+0.00343 +0.09039 -0.04753 +0.02115 +0.04295 -0.09129
+0.00504 +0.06105 -0.03061 +0.10246 +0.00342 -0.01257
+0.00619 +0.09717 -0.01010 +0.03191 -0.03889 +0.04261
+0.00374 +0.09864 -0.05122 -0.01787 -0.00395 -0.03127
-0.00489 -0.01902 -0.19445 +0.10421 +0.00087 +0.06078
+0.00181 +0.01278 -0.02255 +0.01131 -0.08762 +0.00561
+0.00103 -0.01008 -0.05043 +0.02420 -0.06478 +0.02947
-0.00028 -0.00245 -0.05074 +0.02399 +0.02155 -0.07438
+0.00189 -0.00591 -0.01030 +0.03648 -0.04417 +0.05368
+0.00131 +0.00862 -0.02288 -0.01555 -0.03250 +0.05920
-0.00070 +0.00801 -0.04989 -0.02875 +0.00157 -0.04941
+0.00238 +0.01341 -0.01147 -0.02367 -0.06189 -0.01165
+0.00049 +0.01350 -0.02248 -0.02641 -0.05411 +0.00165
-0.00148 +0.02086 -0.05457 -0.06293 -0.01315 -0.05205
-0.00070 +0.00401 -0.04284 -0.03297 -0.01101 -0.00484
-0.00099 +0.01385 -0.05270 -0.09656 -0.04029 +0.08331
+0.00154 +0.01134 -0.01253 -0.04736 -0.05165 +0.01196
-0.00040 +0.01425 -0.04153 -0.05192 -0.04716 -0.00470
-0.00004 +0.00320 -0.04009 -0.03793 -0.03682 +0.00403
+0.00028 -0.00176 -0.03167 -0.02299 -0.02462 -0.02266
-0.00053 +0.01213 -0.04229 -0.06697 -0.01309 -0.02380
-0.00036 +0.00948 -0.01848 -0.03425 +0.00693 -0.00035
-0.00026 +0.00523 -0.04116 -0.07341 -0.02683 -0.03783
-0.00103 +0.01605 -0.04422 -0.06925 -0.06175 +0.02573
+0.00077 -0.00768 -0.02671 -0.01444 -0.04159 -0.00329
-0.00084 +0.01563 -0.04901 -0.10986 -0.04385 -0.00196
+0.00055 +0.00544 -0.01297 -0.05354 -0.06060 +0.02400
-0.00119 +0.00839 -0.04385 -0.06467 -0.01703 -0.02387
+0.00010 +0.00186 -0.01852 -0.02234 -0.02714 -0.01374
-0.00062 -0.00271 -0.02119 -0.00789 -0.02855 -0.08589
+0.00340 +0.03143 +0.03350 -0.02771 -0.03517 +0.02940
+0.01006 +0.12199 +0.09762 -0.06498 -0.08745 +0.09899
+0.00222 +0.09232 -0.04391 +0.02638 +0.03291 -0.02278
+0.00331 +0.11811 -0.05193 -0.08461 -0.08629 +0.12340
+0.00491 +0.07656 -0.03482 +0.03595 -0.04099 +0.03304
+0.00367 +0.11502 -0.04587 -0.09237 -0.06912 +0.00539
+0.00391 +0.09991 -0.03679 -0.04710 -0.05873 -0.01658
-0.00161 +0.06085 -0.15608 -0.08062 -0.00794 +0.01889
-0.00424 +0.00597 -0.15675 +0.01346 -0.06633 +0.00289
-0.00030 -0.01117 -0.06458 +0.01645 -0.02083 -0.01353
+0.00031 +0.00699 -0.04924 -0.05756 -0.07018 +0.01287
+0.00089 +0.00256 -0.02836 -0.00011 -0.07417 -0.02509
-0.00180 -0.01141 -0.07322 +0.01664 +0.01274 +0.06544
+0.00221 -0.01753 +0.00940 +0.05480 -0.05053 +0.02844
+0.00235 -0.01067 -0.00499 +0.03155 -0.07811 -0.00939
-0.00102 +0.00871 -0.04231 -0.05064 -0.02556 -0.07070
-0.00073 +0.00668 -0.03940 -0.04695 -0.04947 -0.06715
-0.00038 +0.00838 -0.04110 -0.06809 -0.05903 -0.06022
-0.00116 -0.02159 -0.04233 +0.00989 +0.02215 -0.04404
+0.00095 -0.01826 +0.00012 +0.00637 -0.02461 +0.07159
+0.00038 -0.01560 -0.01679 -0.00099 -0.05804 +0.01656
+0.00039 -0.01117 -0.02336 -0.02124 -0.02141 +0.00855
+0.00056 -0.02031 +0.00825 +0.05272 -0.01005 +0.04746
-0.00013 -0.01358 -0.01434 +0.00261 +0.00230 -0.03444
+0.00001 -0.01666 -0.02160 +0.00496 -0.01029 +0.05858
+0.00027 -0.00610 -0.03608 -0.08273 -0.04783 +0.02085
-0.00069 -0.00380 -0.03883 -0.06765 -0.01397 -0.06517
-0.00024 +0.00330 -0.01686 -0.08216 -0.02894 +0.10788
+0.01661 +0.10640 +0.15795 -0.05967 -0.11640 +0.15144
+0.00841 +0.09513 -0.04279 +0.03566 -0.06607 +0.05461
+0.00385 +0.07424 -0.09740 +0.09051 -0.01258 +0.09579
+0.00818 +0.06456 -0.03175 -0.21597 +0.06994 -0.02417
-0.00758 -0.08191 -0.15820 -0.16642 +0.13773 -0.03645
-0.00935 -0.10160 -0.13393 -0.09003 +0.06579 +0.01555
-0.00731 -0.11610 -0.06553 +0.03766 +0.06902 -0.06813
-0.00666 -0.10131 -0.07670 -0.05863 +0.00368 +0.04594
-0.00858 -0.08578 -0.10023 -0.10580 -0.02630 +0.07157
-0.00868 -0.10476 -0.05882 -0.02405 +0.04201 +0.04034
-0.00863 -0.10547 -0.07243 -0.04680 +0.02329 -0.00661
-0.01015 -0.09982 -0.10587 -0.07824 +0.01382 +0.02349
-0.00962 -0.08490 -0.08243 +0.00832 -0.03424 +0.00163
+0.01476 +0.09849 +0.06538 -0.10086 -0.05561 -0.15396
+0.00993 +0.03623 -0.01068 +0.10192 -0.07593 +0.02259
+0.00607 +0.06353 -0.09755 -0.01705 -0.09123 -0.01592
+0.00559 +0.07853 -0.11105 -0.06726 -0.10219 +0.00366
+0.00043 -0.02865 -0.21784 +0.05505 -0.08704 +0.11830
+0.00059 -0.04449 -0.17220 +0.00387 -0.12608 +0.02811
+0.00313 -0.03686 -0.09763 +0.01034 -0.12705 -0.00683
+0.00412 -0.03505 -0.06227 +0.01356 -0.10251 +0.02421
+0.00423 -0.03730 -0.07389 -0.01713 -0.16847 +0.02689
+0.00490 -0.04004 -0.06388 +0.01079 -0.18223 +0.03458
+0.00385 -0.04083 -0.09185 -0.02022 -0.14986 +0.05494
+0.00510 -0.04013 -0.06508 -0.00902 -0.15280 +0.07363
+0.00500 -0.04836 -0.05367 +0.03190 -0.15467 +0.01280
+0.00374 -0.04170 -0.07541 +0.01046 -0.15473 +0.03492
+0.00259 -0.05291 -0.08771 +0.03806 -0.11959 +0.12439
