  384.51592 
  388.30600 
  388.92621 
  390.64699 
  395.47564 
  394.48637 
  394.41560 
  394.78538 
  394.99614 
  394.52098 
  395.79829 
  395.51860 
  396.36668 
  395.98081 
  396.46188 
  396.57499 
  396.36975 
  386.60304 
  387.91522 
  387.85002 
  387.84580 
  387.99554 
  394.65957 
  395.02101 
  394.96287 
  395.99229 
  394.63654 
  395.24725 
  394.44415 
  398.20514 
  397.50403 
  397.24577 
  397.79032 
  396.91569 
  397.12548 
  397.16189 
  397.10393 
  397.03761 
  397.04576 
  398.12509 
  397.40867 
  397.04250 
  396.89535 
  397.17813 
  389.13178 
  384.43556 
  385.89629 
  385.81738 
  386.03672 
  386.81142 
  386.71486 
  386.59055 
  386.98245 
  386.95690 
  388.11815 
  386.77691 
  386.61077 
  387.77416 
  387.01526 
  387.40297 
  387.36843 
  398.26276 
  398.46216 
  397.46421 
  395.83893 
  396.93989 
  395.90087 
  395.70774 
  387.55244 
  387.29047 
  387.98770 
  387.80126 
  387.94702 
  388.63678 
  388.87041 
  388.19863 
  389.08691 
  388.86230 
  389.42391 
  398.70630 
  390.46983 
  389.20369 
  396.64683 
  396.46509 
  396.78703 
  396.67424 
  397.16119 
  397.50925 
  388.67699 
  387.51851 
  388.16803 
  387.71742 
  386.77848 
  388.25255 
  387.93073 
  387.99843 
  388.28397 
  388.40588 
  394.92131 
  398.99846 
  397.95390 
  396.71555 
  397.76290 
  397.63990 
  397.21560 
  397.23047 
  398.13046 
  396.91419 
  397.77503 
  397.75881 
  397.75811 
  397.53622 
  397.71192 
  397.70461 
  397.09202 
  382.68820 
  387.42341 
  387.10856 
  387.80349 
  387.90301 
  388.03252 
  388.42571 
  388.24250 
  388.76377 
  388.22948 
  388.77313 
  388.88623 
  388.00050 
  388.90700 
  388.24701 
  388.52860 
  388.95977 
  388.44926 
  388.95557 
  388.09058 
  389.73494 
  389.49879 
  389.07255 
  389.57919 
  389.45783 
  389.57395 
  389.45669 
  389.56290 
  389.14940 
  389.62138 
  390.07865 
  397.05396 
  396.03145 
  395.82381 
  396.26955 
  396.27701 
  396.70437 
  396.44155 
  396.01424 
  396.55127 
  396.61450 
  396.72425 
  396.93040 
  396.83332 
  397.03852 
  396.96360 
  397.47739 
  396.63537 
  396.73645 
  396.99468 
  397.16420 
  396.89053 
  396.93049 
  397.36743 
  397.22795 
  397.08606 
  397.31394 
  397.27727 
  396.97591 
  396.71763 
  396.50696 
  396.97452 
  397.16718 
  396.85777 
  397.12101 
  396.93822 
  397.75841 
  393.87955 
  385.45641 
  387.51020 
  386.78121 
  387.43151 
  386.78999 
  387.32123 
  387.02734 
  387.66379 
  387.50249 
  390.47129 
  396.82818 
  392.73371 
  398.82821 
  398.62566 
  396.63430 
  396.71494 
  396.90116 
  397.28475 
  398.14543 
  397.51824 
  398.02644 
  398.16361 
  399.15551 
  398.82894 
  398.64049 
  398.12542 
  398.44019 
  398.46361 
  398.83609 
  398.69358 
  398.86357 
  398.02723 
  398.19314 
  399.02202 
  398.36418 
  398.19820 
  397.91181 
  398.54968 
  398.61261 
  397.82185 
  398.99496 
  389.62085 
  388.36002 
  388.93320 
  389.12307 
  388.73497 
  388.93424 
  389.23519 
  389.50709 
  393.24439 
  397.98486 
  397.33841 
  395.40848 
  379.26275 
  382.56692 
  382.53184 
  382.90931 
  383.22310 
  383.27084 
  382.94622 
  383.56149 
  383.88255 
  383.46027 
  383.71516 
  382.96192 
  383.88880 
  383.47567 
  383.79211 
  384.32223 
  384.62007 
  384.55289 
  391.24808 
  399.97548 
  389.43847 
  401.41575 
  398.93865 
  398.89916 
  398.59334 
  398.56908 
  389.43545 
  390.86513 
  390.51190 
  390.05764 
  389.82317 
  390.12795 
  384.22342 
  391.94524 
  400.01621 
  393.12861 
  386.50960 
  389.73656 
  391.94823 
  398.49558 
  397.91296 
  396.89061 
  397.28552 
  398.09758 
