-0.01500 -0.01396 -0.01129 -0.01459 -0.01965 -0.05849
-0.00120 -0.02597 +0.03814 -0.05119 -0.10884 -0.08449
-0.01217 -0.02682 -0.06189 -0.04967 +0.04068 -0.09320
+0.00803 -0.04906 +0.00005 -0.01974 -0.01628 -0.05363
+0.05341 -0.13098 -0.03077 -0.01824 +0.06314 -0.21471
-0.03925 -0.05403 -0.01050 -0.00291 -0.01285 -0.14025
-0.02997 -0.06924 -0.00598 +0.02183 -0.09050 -0.16548
-0.03312 -0.05596 +0.01284 +0.01015 -0.04202 -0.08471
-0.01798 -0.05720 +0.10778 +0.06526 -0.08788 -0.13084
-0.03584 -0.05652 +0.01867 -0.00772 -0.05079 -0.07442
-0.01950 -0.07481 +0.00434 -0.01874 -0.00419 -0.13377
-0.04511 -0.05386 -0.00065 -0.02244 -0.08183 -0.08053
-0.02975 -0.06575 -0.00988 -0.00162 -0.07478 -0.08859
-0.04402 -0.04062 +0.02860 -0.01171 +0.02959 -0.05425
-0.02755 -0.05745 +0.01507 +0.00742 -0.03812 -0.07667
-0.03714 -0.04232 +0.03153 +0.03060 +0.00315 -0.07311
-0.04504 -0.05150 -0.05436 -0.02855 +0.01453 -0.04821
-0.17196 +0.09077 -0.01832 +0.02995 +0.00804 -0.02891
-0.00928 -0.02980 -0.01218 -0.01459 +0.03077 -0.02170
-0.01200 -0.03557 -0.03336 -0.03734 +0.00531 -0.00634
-0.01593 -0.02262 +0.08021 -0.05880 +0.02795 -0.01234
-0.00907 -0.03046 +0.02826 -0.00769 +0.03239 -0.02499
+0.07819 -0.12931 +0.07363 +0.04855 -0.03419 -0.02076
-0.03360 -0.07259 -0.04265 -0.00807 -0.03997 -0.05079
-0.03630 -0.06433 +0.00458 -0.01126 -0.04394 -0.02553
-0.02405 -0.07713 +0.03766 -0.03709 -0.00387 -0.02290
-0.05669 -0.05310 -0.00709 +0.01474 +0.04678 -0.06601
-0.02721 -0.05669 +0.05319 +0.05458 +0.08688 -0.06954
-0.02626 -0.06380 +0.06447 +0.05330 +0.00085 -0.03338
+0.00717 -0.10239 -0.03654 +0.06326 +0.03407 +0.08649
-0.05221 -0.08313 -0.00457 +0.02365 +0.06868 +0.01061
-0.09109 -0.04808 +0.02992 +0.00395 -0.01174 +0.00106
-0.08151 -0.06784 -0.01192 +0.00297 +0.07768 +0.03706
-0.08925 -0.04749 +0.07668 +0.01181 +0.11526 +0.04332
-0.09034 -0.05295 +0.01329 -0.00938 +0.05991 +0.07820
-0.08848 -0.05835 +0.04150 +0.02378 -0.00215 -0.02150
-0.10559 -0.04206 +0.04654 +0.10283 -0.01509 +0.02582
-0.09653 -0.05818 -0.03280 -0.02970 +0.11693 +0.05555
-0.09707 -0.04960 +0.01223 -0.01679 +0.08442 +0.04950
-0.07896 -0.05080 +0.09501 +0.07115 +0.01167 +0.04615
-0.09789 -0.03672 +0.04976 +0.07244 +0.08964 +0.06334
-0.09930 -0.04903 +0.00736 +0.00075 +0.06254 +0.05846
-0.12148 -0.04837 -0.05239 +0.01248 -0.11743 +0.04128
-0.11398 -0.04019 +0.04191 +0.04364 -0.00208 +0.02531
-0.15092 +0.04908 +0.06774 +0.05595 +0.11744 -0.01182
-0.17894 +0.13112 -0.08921 +0.12699 +0.01705 -0.00060
+0.00269 -0.00241 -0.04846 +0.06065 -0.04743 +0.04578
+0.01627 -0.00855 +0.03424 +0.05994 -0.00347 -0.02466
-0.01079 -0.00468 -0.08868 +0.06122 -0.04945 +0.03156
-0.00316 -0.01267 -0.09636 +0.01537 +0.01699 +0.02759
-0.01133 +0.00357 -0.07241 +0.02635 +0.06362 +0.07780
-0.01628 -0.01509 -0.12170 +0.02110 +0.00899 +0.00416
-0.00289 -0.00975 -0.01000 +0.00697 -0.04877 +0.02657
-0.01716 +0.00021 -0.05972 +0.07316 -0.06939 +0.01132
-0.00320 -0.01788 -0.07442 +0.04003 +0.09112 -0.03725
-0.01081 +0.00542 +0.02264 +0.01025 +0.01124 -0.00943
+0.00232 -0.01492 -0.00059 +0.03537 +0.09816 -0.04658
-0.01056 -0.00872 -0.02614 +0.03291 -0.01453 -0.02123
-0.01862 -0.01079 -0.10210 -0.00415 -0.01697 +0.05172
-0.00109 -0.01185 +0.03858 +0.03750 +0.00816 -0.05654
-0.00007 -0.01869 -0.04635 +0.01324 +0.03782 +0.00751
+0.10046 -0.16252 -0.07991 +0.12268 -0.00409 +0.02334
-0.00489 -0.10922 -0.04220 +0.02385 -0.03786 +0.02151
-0.09232 -0.04542 +0.00758 -0.00142 +0.06711 -0.00470
-0.07943 -0.04316 +0.12936 +0.03247 +0.07388 -0.04404
-0.11351 -0.04939 -0.01891 -0.03507 -0.02534 -0.02026
-0.12800 -0.04869 -0.07722 -0.03388 -0.00059 -0.00450
-0.11988 -0.03539 -0.04349 -0.00998 +0.10018 +0.02411
-0.20827 +0.13709 +0.03015 -0.02699 -0.07359 +0.07496
-0.13229 +0.11339 -0.05198 -0.01817 -0.03760 -0.02802
-0.00702 +0.01530 -0.04934 -0.05321 +0.02498 -0.00100
-0.00476 +0.01345 -0.02511 -0.06838 -0.02206 -0.00347
+0.00305 +0.00639 -0.02043 -0.08815 -0.03201 +0.03663
-0.01897 +0.01308 -0.09346 -0.08620 +0.01733 +0.02442
-0.01644 +0.01739 -0.09630 -0.08999 +0.03346 +0.07813
-0.02193 +0.01627 -0.06194 -0.06695 +0.02306 -0.01726
-0.01101 +0.00714 -0.03541 -0.06068 -0.03254 -0.02973
-0.03629 +0.02360 -0.11417 -0.07143 +0.08252 -0.02283
+0.02883 -0.01531 +0.00889 -0.03216 +0.09112 -0.02804
+0.10328 -0.19941 -0.05579 -0.11600 +0.05698 +0.05616
-0.16118 +0.05929 +0.10578 -0.16837 -0.04144 -0.02169
-0.11979 -0.07479 +0.06410 -0.20589 +0.02785 -0.06440
-0.00937 -0.12566 +0.11427 -0.09965 -0.15217 +0.12118
-0.03011 -0.13053 +0.03186 -0.14825 -0.05283 +0.06059
-0.04573 -0.12864 +0.03742 -0.07800 -0.02495 -0.01699
-0.06377 -0.12453 +0.02204 -0.10312 +0.05484 -0.01132
-0.04512 -0.12306 +0.06097 -0.01430 -0.00043 +0.00243
-0.06353 -0.12082 +0.02718 -0.06411 -0.00702 -0.00199
-0.08337 -0.00228 +0.01720 +0.06217 +0.07646 -0.16766
-0.06797 +0.04200 -0.02658 -0.00422 +0.00960 -0.12654
+0.00975 -0.02025 -0.07341 -0.01948 +0.02201 -0.09688
+0.00670 -0.01043 -0.00124 -0.03644 -0.07580 -0.05680
+0.01081 +0.00613 +0.05372 -0.00377 -0.06321 -0.01519
+0.02334 -0.02190 -0.01549 -0.06157 +0.01448 +0.00743
-0.00631 -0.00164 -0.08255 -0.07667 -0.00508 +0.06038
+0.01052 -0.01268 -0.04483 -0.04714 -0.02004 -0.00526
-0.00840 -0.00533 -0.05752 -0.02521 +0.04443 -0.08972
-0.02183 -0.00569 -0.15699 -0.01771 -0.00985 -0.06398
+0.11367 -0.13028 -0.05720 +0.03015 -0.02237 +0.00587
+0.00944 -0.11737 +0.00002 -0.00547 -0.02043 -0.00597
-0.05317 -0.05675 +0.07624 -0.05207 -0.06401 +0.06222
-0.08336 -0.05673 -0.05630 -0.09930 +0.05323 +0.06987
-0.08973 -0.06997 -0.05375 -0.03162 -0.02899 -0.01870
-0.06685 -0.04793 +0.10216 -0.02542 +0.01453 +0.10001
-0.08687 -0.04400 -0.00293 +0.02886 +0.07833 +0.05911
-0.09681 -0.04419 -0.02419 +0.00525 +0.07806 +0.02726
-0.07422 -0.06375 +0.01649 -0.09450 +0.07830 +0.03393
-0.10744 -0.04225 -0.06514 -0.02165 -0.03656 +0.04290
-0.09954 -0.05523 -0.00065 -0.06758 -0.02514 -0.04834
-0.08557 -0.06010 -0.02608 -0.03380 -0.08265 +0.08895
-0.10588 -0.04355 -0.02255 +0.00417 -0.06806 +0.03723
-0.07892 -0.03984 +0.07048 -0.01882 +0.04260 +0.06236
-0.09217 -0.03010 -0.00819 +0.00686 +0.05156 +0.07938
-0.07809 -0.04058 +0.12034 +0.00217 -0.04876 +0.02841
-0.06842 -0.04284 +0.12607 +0.00069 -0.02328 +0.05380
-0.22485 +0.17783 +0.03083 +0.01057 -0.03474 -0.01470
-0.01813 +0.01755 -0.07706 +0.03987 +0.06668 -0.01325
+0.00336 -0.00089 -0.05968 +0.00486 +0.00030 -0.00199
-0.01454 -0.01537 -0.14632 +0.01618 +0.00883 -0.12248
-0.01656 -0.00129 -0.08120 +0.00184 -0.03101 -0.06331
-0.00095 -0.00572 -0.04675 -0.00212 -0.02285 -0.02479
-0.01537 +0.00290 -0.10576 +0.00662 +0.06034 -0.00498
+0.01550 -0.01057 +0.01660 -0.04574 +0.05269 +0.01917
-0.00579 +0.00175 -0.03224 +0.03820 -0.02262 -0.05350
+0.00426 -0.01063 -0.06022 -0.02687 -0.06970 +0.00673
-0.00245 +0.00460 -0.01659 +0.03499 +0.05394 -0.01363
-0.00845 -0.01778 -0.12845 -0.01103 -0.04961 -0.04645
-0.00607 +0.00540 -0.01648 +0.01768 +0.05069 -0.00412
+0.00454 -0.00848 -0.06746 -0.02663 -0.04131 +0.06377
-0.01504 -0.00781 -0.13792 -0.03449 -0.08246 +0.03978
-0.00871 +0.00146 -0.06005 +0.02995 +0.09936 -0.01678
+0.01363 -0.00310 +0.03577 -0.03921 +0.03691 +0.02913
-0.00382 +0.00330 -0.06143 -0.01899 -0.09143 +0.06854
-0.00149 -0.00379 -0.06568 -0.03182 +0.00693 +0.00659
-0.00636 +0.00179 -0.05950 -0.01287 +0.08486 +0.02587
+0.02045 -0.00465 +0.05629 -0.02247 +0.01330 +0.10474
-0.00245 +0.00357 -0.02844 +0.03345 +0.04982 +0.01330
-0.01384 -0.00424 -0.15193 -0.00541 -0.03027 +0.04336
-0.00365 -0.00375 -0.06043 +0.01998 -0.09190 +0.00156
+0.00647 -0.00163 -0.02245 -0.02378 -0.00848 +0.09682
+0.00000 +0.00000 +0.00000 +0.00000 +0.00000 +0.00000
+0.01544 -0.00323 +0.02316 +0.02857 +0.07212 +0.02673
+0.00982 -0.01150 -0.01135 -0.02398 +0.04493 -0.01815
-0.00372 -0.00115 +0.00030 +0.00401 +0.02547 +0.02399
+0.00801 -0.00535 -0.01363 +0.00889 +0.04528 +0.04533
+0.01908 -0.03594 -0.03299 +0.02282 +0.03214 -0.04139
+0.09499 -0.13699 +0.07467 -0.02025 -0.09717 -0.01017
-0.01793 -0.07018 +0.00148 +0.02135 -0.00857 -0.04916
-0.02641 -0.06278 -0.06434 +0.06147 +0.04068 -0.01686
-0.02976 -0.05258 +0.04851 +0.00646 -0.02589 -0.01330
-0.01218 -0.05344 +0.03542 +0.00559 +0.06958 +0.04120
-0.03132 -0.05315 -0.00223 +0.11020 +0.11212 -0.08937
-0.03542 -0.04595 -0.05867 +0.05553 +0.03649 +0.02532
-0.03973 -0.05000 -0.07882 +0.05176 -0.07998 +0.04240
-0.00666 -0.05696 +0.08146 +0.06269 -0.06100 -0.00567
-0.03572 -0.04759 +0.01084 +0.02929 -0.08746 -0.01523
-0.01107 -0.05395 +0.08087 +0.08601 -0.00532 -0.02316
-0.04437 -0.04369 -0.11549 +0.05169 -0.09552 +0.06598
-0.03276 -0.06946 -0.08877 +0.03182 +0.04197 -0.03694
-0.03559 -0.05000 +0.00089 +0.07730 +0.06214 -0.02575
-0.03719 -0.04592 -0.00176 +0.07471 -0.02842 -0.03039
-0.03328 -0.06565 -0.07590 +0.02018 -0.11665 +0.06427
-0.04128 -0.05137 -0.05839 +0.06575 +0.04921 +0.00829
-0.03819 -0.05566 -0.05606 -0.01879 +0.01390 +0.05023
-0.02888 -0.04246 +0.05490 +0.08828 +0.01449 +0.01329
-0.04745 -0.04534 -0.09699 +0.08682 +0.04358 +0.05023
-0.04595 -0.04021 -0.01608 +0.07987 -0.05554 +0.01947
-0.02311 -0.05214 +0.02517 +0.10361 +0.03986 -0.00872
-0.05256 -0.04818 -0.09561 +0.05741 +0.01627 +0.03510
-0.03592 -0.04601 -0.01726 +0.09564 +0.06280 +0.02514
-0.04527 -0.07268 -0.13169 +0.04974 -0.14284 -0.01585
-0.03724 -0.04282 +0.05273 +0.12506 +0.00505 -0.00865
-0.01671 -0.06210 +0.03229 +0.03209 +0.10080 +0.00320
-0.04037 -0.05622 -0.02988 +0.05512 -0.10747 +0.03014
-0.02979 -0.05307 +0.01670 +0.01996 -0.02879 +0.03732
-0.03201 -0.04801 +0.00385 +0.03479 +0.01718 -0.02708
-0.03816 -0.05374 -0.06410 +0.09044 +0.04954 +0.00022
-0.02867 -0.04604 +0.00874 +0.10418 +0.00771 +0.02570
-0.04851 -0.04223 -0.09046 +0.11142 +0.09241 +0.04331
-0.04075 -0.03969 -0.05625 +0.04960 +0.02721 +0.07540
-0.01820 -0.05149 +0.06814 +0.07193 +0.07295 +0.03030
-0.04331 -0.06778 -0.09163 +0.12616 +0.04532 -0.07500
-0.08950 -0.01217 -0.07519 -0.00679 +0.01310 +0.05903
-0.13821 +0.10528 +0.03800 +0.12653 -0.02210 -0.06725
+0.00873 -0.01350 +0.02452 +0.06328 -0.05151 -0.01322
+0.00806 -0.01161 +0.00881 +0.05687 -0.07543 +0.03132
+0.01630 -0.02757 +0.02656 +0.02354 -0.03016 -0.02950
-0.00239 -0.00376 +0.01182 +0.05440 +0.01191 -0.00632
-0.00368 -0.01717 -0.00375 +0.02422 -0.00839 -0.02281
+0.01189 -0.01408 +0.07920 -0.00683 -0.00862 +0.04465
-0.00518 -0.01319 -0.03627 +0.02042 +0.02918 +0.00685
-0.02026 -0.01389 -0.12090 +0.02145 +0.01273 -0.01527
+0.04695 -0.08229 +0.03158 +0.09160 -0.00389 -0.03307
+0.06111 -0.13910 +0.03332 +0.07483 -0.03592 -0.11229
-0.05059 -0.01912 -0.00020 -0.00806 +0.08571 +0.03404
+0.01551 -0.06905 -0.04956 +0.00675 +0.09640 +0.02779
-0.00279 -0.06831 -0.03793 +0.01867 +0.06127 -0.05266
-0.03464 -0.03709 -0.03304 -0.02862 +0.00474 +0.05509
-0.04242 -0.03557 -0.11802 -0.02410 -0.11554 +0.16070
-0.03583 -0.03449 -0.02105 +0.03869 +0.07849 +0.01401
-0.02731 -0.04184 +0.03331 -0.08046 +0.09590 +0.03249
-0.04983 -0.02926 -0.00567 -0.06597 +0.05038 +0.05377
-0.02130 -0.04044 +0.09507 -0.02056 -0.01117 -0.01529
-0.05336 -0.02622 -0.04206 -0.01534 -0.16381 +0.04659
-0.03004 -0.02808 +0.11062 +0.03595 +0.07592 -0.05138
-0.04178 -0.05047 -0.00589 -0.08708 -0.05391 -0.04889
-0.05654 -0.03502 -0.04948 -0.08233 -0.03592 +0.05278
-0.04912 -0.03702 -0.00190 -0.03322 -0.06350 +0.01824
-0.05038 -0.02176 +0.05873 -0.01584 +0.03095 -0.05403
-0.03451 -0.02831 +0.07705 +0.03996 +0.06294 -0.04390
-0.03312 -0.02686 +0.16199 +0.01639 -0.06571 -0.01815
-0.03999 -0.03290 +0.09857 +0.02873 -0.02292 -0.03548
-0.03686 -0.03879 +0.04142 -0.05282 -0.05270 -0.02594
-0.06625 -0.02029 -0.02594 -0.05384 +0.04590 +0.01658
-0.05074 -0.02997 +0.01814 -0.07319 +0.03149 +0.01652
-0.04822 -0.03564 +0.03365 -0.08640 -0.05697 +0.04705
-0.06957 -0.02185 -0.06486 -0.06131 -0.04523 +0.06551
-0.05240 -0.02174 -0.01437 +0.02297 -0.08075 +0.05034
-0.07251 -0.03530 -0.10023 -0.07878 -0.06412 +0.03671
-0.06733 -0.02424 -0.03100 -0.08520 -0.10683 +0.11395
-0.05229 -0.03967 -0.00158 -0.03619 +0.04366 -0.03256
-0.05307 -0.03275 +0.01880 -0.07647 -0.03224 +0.03325
-0.05804 -0.01824 +0.00251 -0.04824 -0.02662 +0.09450
-0.05984 -0.03151 -0.02894 -0.02937 +0.09476 -0.00370
-0.08671 +0.04079 -0.01871 -0.08153 +0.11164 +0.01673
-0.11279 +0.12965 -0.01029 +0.09594 -0.09580 -0.01107
+0.02731 -0.00553 -0.07823 +0.01241 -0.03733 +0.02825
+0.01807 +0.01036 -0.06093 +0.08243 +0.01025 -0.07801
+0.01788 -0.00525 -0.08358 -0.00226 -0.02662 +0.00704
+0.01563 +0.00441 -0.01266 +0.00673 -0.01842 +0.02597
+0.00753 +0.00743 -0.01337 -0.00215 -0.00811 -0.00378
+0.01282 +0.00059 +0.00283 +0.00334 +0.06227 -0.02157
+0.06602 -0.05390 +0.01890 +0.01127 +0.02666 +0.06888
+0.05978 -0.09852 -0.00614 +0.03003 -0.03383 -0.02270
-0.01324 -0.05420 -0.04621 +0.05214 +0.05020 +0.01244
-0.02109 -0.03946 -0.04934 +0.07016 -0.07867 +0.02345
-0.19222 +0.18794 -0.06404 +0.11919 -0.00818 -0.14791
+0.05386 -0.00175 -0.04082 +0.06597 +0.05249 -0.15448
+0.01364 +0.01222 -0.06183 -0.01724 +0.04295 -0.15919
+0.00918 +0.02533 -0.07080 -0.04381 -0.02133 -0.08041
+0.02716 +0.01565 -0.00819 -0.06152 -0.00208 -0.04163
+0.02097 +0.01758 +0.01226 -0.06030 -0.00805 -0.09468
+0.01024 +0.01911 -0.01465 -0.07805 -0.05554 -0.06490
+0.00917 +0.02087 -0.02868 -0.08661 +0.02564 -0.08086
+0.02504 +0.02217 +0.03417 -0.06910 +0.01296 -0.02211
+0.00432 +0.02845 -0.02641 -0.07557 +0.04489 -0.04493
+0.01091 +0.01888 -0.05742 -0.04938 -0.04640 -0.07851
+0.00707 +0.02717 -0.01336 -0.04484 -0.05411 -0.03834
+0.01701 +0.02432 +0.01520 -0.07614 +0.00987 -0.09648
+0.01155 +0.02130 -0.00550 -0.09324 -0.04038 -0.04221
+0.00668 +0.02461 -0.03822 -0.06050 +0.07336 -0.08984
+0.01990 +0.01435 -0.02297 -0.09835 -0.07806 -0.01952
+0.00598 +0.02837 -0.02303 -0.02656 -0.04272 -0.05121
+0.00926 +0.02397 -0.04941 -0.08142 -0.01656 +0.00590
+0.08091 -0.06141 -0.06695 -0.06495 -0.09257 -0.06631
+0.06568 -0.08116 -0.09017 -0.07608 +0.05901 -0.07910
-0.10595 -0.05165 +0.13113 -0.24297 -0.01943 -0.25592
-0.00190 -0.16286 +0.03265 +0.11613 -0.08527 +0.01008
-0.04950 -0.12847 +0.05202 +0.08334 -0.07287 -0.04639
-0.05274 -0.14041 +0.02749 +0.07901 -0.10575 -0.04072
-0.07273 -0.11424 -0.05376 +0.09266 -0.00692 +0.01594
-0.06272 -0.12904 +0.03704 +0.05525 -0.14085 -0.00274
-0.13004 +0.02768 -0.01037 +0.08577 -0.16146 -0.08242
-0.07996 +0.04680 -0.08060 +0.05928 -0.13410 -0.10447
+0.00985 -0.01217 -0.04828 +0.09333 -0.08867 -0.15898
+0.00762 -0.00978 -0.06978 +0.05365 -0.07593 -0.09065
+0.01089 +0.01263 -0.03889 +0.00938 -0.03024 +0.01723
+0.02020 -0.00255 +0.01715 +0.01445 +0.05165 -0.01596
+0.03086 +0.03220 +0.00266 -0.08605 -0.02346 -0.05025
+0.09779 -0.08896 -0.00958 +0.07557 +0.04171 +0.10392
+0.01228 -0.11311 -0.04103 -0.07785 +0.11063 -0.12099
-0.10099 -0.00591 -0.09657 -0.12049 +0.03110 -0.05644
-0.16632 +0.16793 -0.05777 +0.01625 +0.00264 -0.07596
+0.01413 +0.01030 -0.09768 -0.06420 +0.07403 -0.00437
+0.05768 -0.05197 -0.09483 +0.02185 +0.06761 +0.04749
+0.05845 -0.18184 -0.19785 -0.09945 +0.01633 -0.06537
-0.05391 -0.07432 +0.00418 -0.08236 +0.08771 -0.02291
-0.08756 -0.05111 -0.05496 -0.05700 +0.12421 -0.02778
-0.07802 -0.04060 +0.04189 -0.02530 +0.10667 +0.03538
-0.08930 -0.04860 +0.00127 -0.11082 -0.06295 -0.02590
