  336.00701 
  339.96488 
  342.91695 
  340.49533 
  340.51441 
  340.83059 
  340.51119 
  340.34779 
  340.50985 
  340.73723 
  340.98422 
  341.37916 
  340.79407 
  340.78814 
  340.93217 
  335.66261 
  333.83569 
  335.07412 
  334.86402 
  334.79386 
  334.52368 
  334.87978 
  334.53904 
  335.94087 
  344.59905 
  341.68915 
  341.36688 
  341.34883 
  341.38078 
  333.14190 
  341.78522 
  339.92406 
  339.52785 
  339.55416 
  339.91928 
  339.85963 
  339.91493 
  339.85816 
  338.41345 
  330.02077 
  333.78949 
  334.59293 
  334.21389 
  334.66225 
  334.08070 
  338.63145 
  342.01675 
  340.92382 
  341.10448 
  340.40653 
  340.52568 
  340.91776 
  341.15712 
  340.99449 
  341.36462 
  340.68281 
  341.40099 
  340.80302 
  341.33470 
  336.98601 
  333.02256 
  335.53746 
  335.88464 
  334.10197 
  334.09758 
  334.55571 
  334.46347 
  335.01773 
  335.39827 
  334.66980 
  334.68536 
  334.53166 
  334.72693 
  334.88737 
  334.69366 
  334.54230 
  335.04859 
  342.06003 
  344.01669 
  332.87007 
  343.39995 
  341.27952 
  340.66472 
  341.18641 
  339.89943 
  332.06121 
  334.79660 
  335.06073 
  333.73271 
  336.62359 
  335.64328 
  335.39333 
  335.46538 
  335.09982 
  335.29123 
  335.24141 
  334.86358 
  334.04783 
  334.60493 
  334.78619 
  335.25985 
  339.83223 
  343.31830 
  342.17281 
  341.47974 
  342.12722 
  342.62125 
  342.83157 
  342.30427 
  342.29926 
  341.94905 
  332.92246 
  335.85823 
  335.62937 
  335.81820 
  335.73734 
  335.69346 
  336.08256 
  337.96993 
  338.62779 
  342.04823 
  341.09407 
  341.06516 
  340.74502 
  343.04586 
  341.46165 
  339.72678 
  336.03077 
  341.07501 
  341.85913 
  333.63858 
  335.61551 
  336.82747 
  337.34579 
  335.95463 
  340.98051 
  338.10397 
  342.56340 
  340.96750 
  340.86687 
  340.34254 
  340.75812 
  340.50929 
  340.82680 
  339.66050 
  340.62094 
  335.70122 
  332.76240 
  336.05154 
  335.91053 
  336.22098 
  335.42296 
  335.92060 
  335.52798 
  335.55450 
  335.77889 
  335.66042 
  335.45189 
  335.74759 
  341.08922 
  343.72460 
  342.01976 
  341.61336 
  342.42160 
  342.24325 
  342.12016 
  342.39886 
  342.29510 
  342.11624 
  342.16372 
  342.35366 
  342.41335 
  342.79052 
  342.29315 
  332.02158 
  336.85553 
  336.77725 
  339.53427 
  344.32575 
  342.80901 
  341.42029 
  343.06124 
  343.38895 
  342.48522 
  343.04839 
  342.96903 
  342.93808 
  342.78723 
  342.57008 
  335.21830 
  333.30281 
  342.04755 
  340.94035 
  339.47500 
  339.30762 
  337.99941 
  337.35736 
  337.34645 
  336.42535 
  336.87555 
  336.56696 
  336.30640 
  336.48618 
  336.23661 
  327.97575 
  332.26713 
  333.42559 
  333.48767 
  333.02567 
  333.70086 
  333.81260 
  333.49819 
  333.29330 
  334.42099 
  333.99904 
  335.03255 
  333.89856 
  334.16591 
  333.97322 
  334.81802 
  335.32362 
  339.75919 
  342.80232 
  341.42611 
  340.34248 
  343.74946 
  340.84530 
  340.61795 
  340.91624 
  339.59332 
  335.83131 
  327.59192 
  335.68816 
  334.12068 
  334.42088 
  333.52261 
  333.66746 
  333.36526 
  333.49422 
  335.74701 
  344.84532 
  340.75493 
  341.06126 
  341.35120 
  341.44412 
  343.14350 
  342.90546 
  342.49991 
  340.67444 
  335.35206 
  331.49259 
  337.02425 
  335.94094 
  336.29182 
  336.25491 
  336.21429 
  336.33033 
  336.11254 
  336.73829 
  339.74475 
  344.24995 
  331.24843 
  342.35958 
  343.15734 
  342.95581 
  343.00815 
  342.83182 
  343.07763 
  343.20013 
  342.70703 
  330.32808 
  336.54247 
  336.61041 
  336.00041 
  335.73558 
  341.33652 
  342.74097 
  341.74570 
  341.86897 
  342.10372 
