-0.06067 +0.00635 +0.13796 +0.10044 -0.05680 -0.12026
-0.05637 -0.04756 +0.14318 +0.21259 -0.02570 -0.13778
-0.04634 -0.03423 +0.05630 +0.00041 +0.01822 -0.09527
-0.03882 +0.04139 +0.06493 +0.00608 -0.00714 -0.09276
-0.03965 +0.04419 +0.02287 -0.01962 +0.01189 -0.10607
-0.04077 +0.04687 +0.03371 -0.03925 -0.01999 -0.05409
-0.04167 +0.04292 +0.03749 -0.03593 -0.03502 -0.01494
-0.04163 +0.04339 +0.03854 -0.03872 -0.03789 +0.00567
-0.04095 +0.04033 +0.03067 -0.04622 -0.02421 +0.00716
-0.04294 +0.04252 +0.03292 -0.03633 -0.03102 -0.01101
-0.04324 +0.03661 +0.04512 -0.03663 -0.04081 +0.00758
-0.04078 +0.04319 +0.02087 -0.02697 -0.01877 -0.02726
-0.04194 +0.03948 +0.04117 -0.02273 -0.03885 +0.00483
-0.04094 +0.03970 +0.01868 -0.03893 -0.02764 +0.00844
-0.04085 +0.04845 +0.01976 -0.02270 -0.01895 -0.03433
-0.04939 +0.10401 -0.06649 -0.11175 +0.00264 -0.05666
-0.07106 +0.07401 -0.08390 -0.07295 -0.04348 -0.04067
-0.07444 -0.01701 +0.01194 +0.04229 -0.07883 -0.01521
-0.07491 -0.02131 -0.01417 +0.00556 -0.05922 -0.05543
-0.07718 -0.02103 -0.04140 -0.01131 -0.07438 +0.00492
-0.07307 -0.00787 -0.02460 -0.03391 -0.04190 -0.07765
-0.07413 -0.01415 +0.00405 -0.01947 -0.06222 -0.05215
-0.07375 -0.01369 +0.00090 -0.02092 -0.06045 -0.05268
-0.07275 -0.02214 +0.00777 -0.05237 -0.05699 -0.01480
-0.05885 -0.14682 +0.03606 -0.05556 -0.00716 +0.03316
-0.04492 +0.01845 +0.06596 -0.00846 -0.05484 -0.01167
-0.04170 +0.03081 +0.06315 -0.04108 -0.06092 +0.02045
-0.04084 +0.02945 +0.05941 -0.05823 -0.03799 +0.00150
-0.03983 +0.03221 +0.04619 -0.04490 -0.02702 -0.03393
-0.02291 +0.14112 +0.07588 +0.07319 +0.03282 -0.12809
-0.02368 -0.11547 +0.10297 -0.01185 -0.00527 +0.07853
-0.01234 +0.01625 +0.03276 -0.04314 +0.01520 +0.03209
-0.01465 +0.01870 +0.06602 -0.05123 -0.00155 +0.04549
-0.01318 +0.02412 +0.05611 -0.04259 -0.00103 +0.02816
-0.01473 +0.01313 +0.08010 -0.05179 -0.00868 +0.05521
-0.00991 +0.02732 +0.07410 -0.04612 +0.00125 +0.04837
-0.01362 +0.02235 +0.06217 -0.04665 +0.00059 +0.01713
-0.01110 +0.02272 +0.07666 -0.01636 +0.00478 +0.01424
-0.02075 +0.05625 +0.05698 -0.03523 -0.06264 +0.08246
-0.04853 +0.09190 -0.10218 -0.13751 +0.02651 +0.10961
-0.06971 +0.07943 -0.09764 -0.01708 -0.03534 +0.03549
-0.08078 -0.02944 -0.02706 -0.00390 -0.05009 +0.00452
-0.07802 -0.01415 -0.02064 -0.01696 -0.06907 +0.00959
-0.08019 -0.01785 +0.01184 -0.03171 -0.09609 +0.07570
-0.07869 -0.01309 -0.01055 -0.01504 -0.07162 +0.00951
-0.08196 -0.07929 +0.00602 +0.07800 -0.06405 +0.05515
-0.07293 -0.05059 -0.02417 +0.02433 +0.01063 +0.03935
-0.06635 -0.00030 -0.00106 +0.02775 -0.02007 +0.02684
-0.06358 +0.01067 +0.03248 +0.03905 -0.04138 +0.06160
-0.06047 +0.01682 +0.03360 +0.02817 -0.02631 +0.03370
-0.06000 +0.00878 +0.03523 +0.02652 -0.01868 +0.03810
-0.05833 +0.02080 +0.01149 -0.01902 -0.00045 +0.02526
-0.06042 +0.01210 +0.01093 -0.00657 -0.01250 +0.01017
-0.05754 +0.03092 +0.01794 +0.01074 -0.02191 +0.00265
-0.06086 +0.02202 -0.00629 -0.03078 -0.04855 +0.06775
-0.05902 +0.02778 +0.00055 -0.00580 -0.01118 +0.03177
-0.06053 +0.01282 +0.02200 -0.01571 -0.03021 +0.07275
-0.05817 +0.02189 +0.01170 -0.01059 -0.01318 +0.03811
-0.05608 +0.01531 +0.01499 +0.03031 -0.03335 +0.03350
-0.05793 +0.02323 -0.02794 -0.00677 -0.05778 +0.04143
-0.06889 +0.13229 -0.08470 +0.03930 -0.04565 -0.01616
-0.07266 -0.02405 -0.04708 +0.00650 +0.00679 -0.04751
-0.07859 -0.02515 -0.00331 +0.04604 -0.06267 +0.00087
-0.07669 -0.02783 -0.06121 -0.01539 -0.03290 -0.00366
-0.07673 -0.00392 +0.00595 +0.07494 -0.10776 +0.01553
-0.07662 -0.03172 -0.01437 +0.01964 -0.07979 -0.00042
-0.07511 -0.02165 -0.01677 +0.04089 -0.03253 -0.07575
-0.07935 -0.02288 -0.04572 -0.05329 -0.03827 -0.06099
-0.07728 -0.01779 +0.02536 +0.02241 -0.08711 -0.01290
-0.07821 -0.02338 +0.00454 -0.00282 -0.08582 +0.00411
-0.07301 -0.00500 +0.01366 +0.02324 -0.08006 -0.01955
-0.07573 -0.01833 -0.02149 +0.00376 -0.05935 -0.04003
-0.07624 -0.01955 +0.00930 +0.00164 -0.07619 -0.00867
-0.07574 -0.02738 -0.03507 -0.04070 -0.04564 -0.06832
-0.07738 -0.01078 -0.02168 -0.01845 -0.05493 -0.03312
-0.07753 -0.02018 +0.01253 +0.01598 -0.10546 +0.01886
-0.07568 -0.01802 +0.01686 -0.00987 -0.08504 -0.00674
-0.06238 -0.16091 -0.00861 -0.01720 -0.02968 +0.09720
-0.03939 -0.03829 +0.01398 -0.04168 +0.00807 +0.01979
-0.03535 +0.09347 -0.11067 -0.09367 +0.00578 -0.01899
-0.01891 -0.04815 +0.01395 -0.02435 -0.00871 -0.08436
-0.01860 -0.01287 +0.04509 -0.02904 -0.05244 +0.02314
-0.01304 +0.02038 +0.04277 -0.02280 -0.02760 -0.02294
-0.01815 +0.00884 +0.06795 -0.05001 -0.05694 +0.01477
-0.02368 +0.00411 +0.05584 -0.10769 -0.02556 +0.03176
-0.05065 +0.13325 -0.11564 +0.02531 -0.00415 +0.04193
-0.06761 +0.07450 -0.01290 +0.02278 -0.01359 +0.00218
-0.07968 -0.02741 -0.01789 -0.00422 -0.02861 +0.02537
-0.07903 -0.03637 -0.01500 +0.05044 +0.13450 -0.18068
-0.07601 -0.01042 +0.00100 +0.05692 -0.00270 -0.09411
-0.07146 -0.07184 +0.17708 +0.11774 +0.02768 -0.10276
-0.07714 -0.00943 -0.03887 +0.08526 -0.00799 -0.12439
-0.07869 -0.02161 -0.03631 +0.09192 -0.03071 -0.08755
-0.08097 -0.02896 -0.06878 +0.01634 -0.02033 -0.05011
-0.08055 -0.01795 -0.06022 +0.00501 -0.04096 +0.01267
-0.07886 -0.01460 -0.03605 +0.04146 -0.02285 -0.04744
-0.08274 -0.02036 -0.01887 +0.00568 -0.08328 +0.01699
-0.07899 -0.02364 +0.01645 +0.04515 -0.06725 -0.03735
-0.07591 -0.01400 +0.00588 +0.03546 -0.05484 -0.01669
-0.08061 -0.02833 -0.00200 +0.02408 -0.05581 -0.02668
-0.07855 +0.00035 -0.04544 -0.02786 -0.02870 -0.03587
-0.07410 -0.09227 +0.00986 +0.07985 -0.06964 +0.07439
-0.06002 -0.08778 +0.06939 +0.03045 -0.02837 +0.06967
-0.04789 +0.01630 +0.04190 +0.00402 -0.02723 +0.02159
-0.04174 +0.02736 +0.01915 -0.00768 +0.04283 -0.08100
-0.04713 +0.02353 +0.01272 -0.03046 +0.01461 +0.01387
-0.04165 +0.03687 +0.06265 +0.02343 -0.00190 -0.04422
-0.04301 +0.05524 -0.02946 +0.02128 -0.05299 +0.04839
-0.04196 +0.04977 +0.02194 +0.00878 -0.00017 +0.01173
-0.04379 +0.03238 +0.04671 +0.01706 +0.01248 -0.01836
-0.04451 +0.02934 +0.03655 -0.04621 +0.01165 -0.00815
-0.05088 +0.10958 +0.04205 -0.04316 +0.03504 -0.09186
-0.06629 +0.04335 -0.03548 +0.01399 -0.01700 -0.09657
-0.07386 -0.01445 -0.07456 -0.01157 -0.03603 -0.06268
-0.07258 -0.01414 -0.08008 -0.01410 +0.00110 -0.08596
-0.07607 -0.02482 -0.02147 -0.05391 -0.05453 +0.01438
-0.07459 -0.01155 -0.05111 -0.02503 -0.04547 -0.00664
-0.07270 -0.01913 -0.05885 -0.00235 -0.01801 -0.06590
-0.07213 -0.14583 -0.03958 -0.05133 +0.13027 -0.02813
-0.01557 -0.04303 +0.05289 +0.00810 +0.04657 -0.14964
-0.01967 -0.03954 +0.04725 +0.00518 -0.01989 -0.01465
-0.01889 -0.01061 +0.06925 +0.03980 -0.03071 -0.01451
-0.01869 +0.00281 +0.05215 -0.00715 -0.02988 +0.01607
-0.03713 +0.00535 +0.06948 -0.02001 +0.05030 -0.01967
-0.04981 +0.02948 +0.00223 -0.01253 -0.01840 -0.07905
-0.03679 -0.04131 +0.04312 -0.00153 +0.01764 +0.01843
-0.02447 +0.02078 +0.07104 +0.01681 +0.05128 -0.02387
-0.02302 +0.06657 +0.06716 -0.05244 +0.02147 -0.00074
-0.00133 -0.01371 +0.01072 -0.02652 -0.13251 -0.08457
-0.00716 -0.01902 +0.05852 -0.02552 -0.15407 -0.03000
-0.03754 +0.09933 -0.03895 +0.03746 -0.08894 +0.04546
-0.05907 +0.05914 +0.10275 +0.12081 -0.14032 -0.01065
-0.06316 -0.00189 +0.03234 +0.10120 -0.06125 -0.09862
-0.06279 -0.00446 +0.00824 +0.07481 -0.01882 -0.15721
-0.06544 -0.01443 +0.01872 +0.06379 -0.06926 -0.08858
-0.05548 -0.15172 -0.02638 -0.03018 +0.04342 -0.04300
-0.00745 +0.04491 +0.08938 +0.13079 -0.00390 -0.02888
-0.00861 -0.11620 +0.09167 -0.00440 +0.05576 -0.03612
-0.00087 +0.00417 +0.03155 +0.03486 -0.04945 +0.01960
-0.00381 -0.00570 +0.03839 -0.00639 -0.04395 +0.05366
+0.00000 +0.00000 +0.00000 +0.00000 +0.00000 +0.00000
-0.00169 -0.00383 +0.03257 +0.02656 -0.00787 -0.02839
-0.00132 +0.01249 +0.02674 +0.04904 -0.03074 +0.01305
-0.00409 +0.00128 +0.00100 +0.00836 -0.05294 +0.03081
-0.00363 +0.01225 +0.02349 -0.03636 -0.04461 +0.05811
-0.00394 -0.00082 +0.04198 -0.02602 -0.06287 +0.04619
-0.02305 +0.04436 -0.00300 -0.01470 -0.01904 +0.05151
-0.05626 +0.19716 -0.09031 +0.06212 +0.00678 -0.08275
-0.07233 -0.00447 -0.09581 +0.01243 +0.03036 -0.10849
-0.07319 -0.02314 -0.01470 +0.06580 -0.02905 -0.02322
-0.07206 -0.01199 -0.01788 +0.02756 -0.04126 +0.05220
-0.07413 -0.00323 -0.04236 +0.00290 -0.02137 -0.07650
-0.07777 -0.01780 -0.01945 -0.02925 -0.05226 -0.00128
-0.07855 -0.01753 -0.04117 -0.02880 -0.05093 -0.02474
-0.07522 -0.00471 -0.04866 -0.04681 -0.01208 -0.08012
-0.07466 -0.02227 -0.00982 -0.03877 -0.01107 -0.05342
-0.07775 -0.00101 -0.04542 -0.08709 -0.03240 -0.03900
-0.07618 -0.00493 -0.03855 -0.02879 -0.03673 -0.05304
-0.07591 -0.01177 -0.03150 -0.07337 -0.02708 -0.04929
-0.06436 -0.09801 +0.00462 -0.04821 +0.03647 -0.02121
-0.05162 -0.04371 +0.05101 -0.00932 +0.01564 +0.00092
-0.04181 +0.04565 +0.04340 -0.05237 +0.00037 +0.03471
-0.03770 +0.02760 +0.08126 -0.15609 +0.10206 -0.05410
-0.03781 +0.06702 -0.00235 -0.02464 +0.02437 -0.05542
-0.03563 +0.04711 +0.03411 -0.03674 +0.04707 -0.05207
-0.03864 +0.04074 +0.04491 -0.01056 +0.01759 -0.01493
-0.03545 +0.04844 +0.05023 -0.02938 +0.05850 -0.04497
-0.03705 +0.05158 +0.03954 +0.00527 +0.02691 -0.02966
-0.04034 +0.04186 +0.04319 -0.02948 +0.03078 -0.02656
-0.04009 +0.04210 +0.04011 -0.05340 -0.00617 +0.04461
-0.04031 +0.03402 +0.06858 -0.03960 +0.00063 +0.01754
-0.03757 +0.05234 +0.01763 -0.05044 +0.02580 -0.00867
-0.03925 +0.04301 +0.02456 -0.05062 +0.01160 -0.00720
-0.03692 +0.05008 +0.06345 -0.03989 +0.02124 +0.01421
-0.05951 +0.21520 -0.05329 -0.07247 -0.07744 -0.10786
-0.07445 -0.01459 +0.03857 -0.01688 -0.05660 -0.05837
-0.07161 -0.00341 +0.03072 -0.02606 -0.04368 -0.05813
-0.06620 -0.07113 -0.02051 -0.02674 -0.01524 -0.06216
-0.05169 -0.09098 +0.00765 +0.01327 +0.02696 -0.06580
-0.04548 +0.00366 +0.03124 -0.02833 -0.05084 +0.01344
-0.04003 +0.01889 -0.00389 -0.06085 +0.01493 -0.05317
-0.03972 +0.02887 +0.01913 -0.02974 -0.02808 +0.02373
-0.03871 +0.02209 +0.01595 -0.01950 -0.02496 -0.01602
-0.03761 +0.03166 +0.04585 -0.02312 -0.01972 +0.02719
-0.03527 +0.02720 +0.04661 -0.03666 +0.00726 -0.03539
-0.03934 +0.02984 -0.00738 -0.07096 -0.02346 -0.01328
-0.03561 +0.02427 +0.02289 -0.02524 -0.02983 -0.01374
-0.03662 +0.02573 +0.02239 -0.09765 +0.00348 -0.01760
-0.03688 +0.02784 +0.05313 -0.01095 -0.04500 +0.02980
-0.04404 +0.12654 +0.09027 -0.01696 +0.05122 -0.20682
-0.05965 -0.04084 -0.24549 -0.18730 +0.04702 -0.10402
-0.05376 -0.11085 +0.02255 +0.02223 -0.00566 +0.06766
-0.03846 -0.00159 +0.07370 -0.02588 +0.09973 -0.12190
-0.04157 +0.04360 +0.06726 -0.04709 +0.03247 +0.01460
-0.04298 +0.03468 +0.11620 -0.06188 +0.03841 +0.01388
-0.04016 +0.05623 +0.08464 -0.03975 +0.04835 +0.01845
-0.04202 +0.05495 +0.10001 -0.06354 +0.02220 +0.02471
-0.04376 +0.06041 +0.13180 -0.08906 +0.00881 +0.04464
-0.04332 +0.07142 +0.09456 -0.07777 -0.01274 +0.02457
-0.04269 +0.06764 +0.12810 -0.13484 +0.01191 +0.07321
-0.04416 +0.05090 +0.13663 -0.11993 +0.02691 +0.00449
-0.04149 +0.05888 +0.13723 -0.10456 +0.02197 +0.00620
-0.04435 +0.05822 +0.11587 -0.09081 -0.04105 +0.09025
-0.03741 +0.07108 +0.06384 -0.13901 +0.03404 +0.05074
-0.03862 +0.19426 +0.03336 +0.00711 +0.19546 +0.13716
-0.07377 +0.12284 +0.08133 +0.16573 +0.10759 +0.04187
-0.09732 -0.02414 -0.08582 +0.07383 +0.09690 +0.02111
-0.09988 -0.04721 -0.04793 +0.10311 +0.05430 +0.04719
-0.10219 -0.03377 -0.04795 +0.01524 +0.02063 +0.11629
-0.09723 -0.03221 -0.02770 +0.08250 +0.06278 -0.00665
-0.09683 -0.02273 -0.04816 +0.08694 +0.06234 +0.02891
-0.09880 -0.03629 +0.00008 +0.09173 +0.06580 -0.00424
-0.09736 -0.04189 +0.05899 +0.04132 +0.08007 +0.05530
-0.09605 -0.06528 +0.13741 +0.12600 -0.07078 +0.18898
-0.08654 -0.01747 +0.07115 +0.07404 +0.12567 +0.04712
-0.08774 +0.02084 -0.04142 +0.05494 +0.04392 +0.03551
-0.09330 -0.01845 -0.02542 +0.02229 +0.10679 +0.08153
-0.09791 -0.03613 -0.02081 +0.04479 +0.06406 +0.14191
-0.10022 -0.02774 -0.07863 -0.02998 +0.08677 +0.08457
-0.09877 -0.02600 -0.04858 +0.00771 +0.05956 +0.10072
-0.09496 -0.00571 -0.00808 +0.05281 +0.08657 +0.02477
-0.09395 -0.07652 +0.07047 +0.10967 +0.07385 +0.10494
-0.08069 -0.04204 +0.03504 -0.03038 +0.18023 +0.03606
-0.07246 +0.05655 +0.01631 -0.00922 +0.14438 +0.10168
-0.06599 +0.07713 -0.04459 -0.00447 +0.23053 +0.05863
-0.01475 -0.06494 +0.05794 -0.00527 +0.04988 -0.07840
-0.02896 -0.02618 +0.01175 -0.04793 +0.01722 +0.04113
-0.02468 -0.01791 +0.12025 -0.04186 +0.12610 -0.01180
-0.02565 +0.02918 +0.09020 +0.02531 +0.16321 -0.14317
-0.02999 +0.03768 +0.07524 -0.00842 +0.10026 -0.07472
-0.03856 +0.06997 +0.06619 -0.02360 +0.07814 -0.01911
-0.05962 +0.31537 +0.03012 +0.32502 -0.00370 +0.14997
-0.09117 +0.00201 -0.08231 +0.16745 +0.15397 -0.02267
-0.09701 -0.04505 +0.02335 +0.11346 +0.14945 +0.00284
-0.09900 -0.03341 -0.02748 +0.09416 +0.02864 +0.08457
-0.10213 -0.03938 -0.08900 +0.00188 +0.08619 +0.05406
-0.10783 -0.04628 -0.14366 -0.06173 +0.04439 +0.10415
-0.10668 -0.02795 -0.13910 -0.07266 +0.06962 +0.08656
-0.10098 -0.02766 -0.11929 +0.01481 +0.07495 +0.05272
-0.10118 -0.05278 -0.09077 -0.04461 +0.05269 +0.09658
-0.08960 -0.17512 +0.02914 -0.00467 +0.16878 +0.00222
-0.06757 +0.07497 -0.04684 +0.03575 +0.19936 +0.04778
-0.01212 -0.07256 +0.10604 -0.05520 +0.02897 -0.05687
-0.00963 -0.00902 +0.04570 -0.01762 -0.04303 +0.04708
-0.00884 -0.00980 +0.04751 -0.04124 -0.05808 +0.06709
+0.00016 -0.01280 +0.00793 +0.00464 -0.02221 +0.01126
+0.00004 -0.00239 -0.00228 +0.00390 -0.03301 +0.04540
+0.00001 -0.03004 +0.11370 -0.03776 +0.01166 +0.03241
+0.00267 -0.03937 +0.06828 +0.07423 -0.03281 +0.05401
+0.00088 +0.04842 +0.06862 -0.03990 -0.01139 +0.11410
-0.04034 +0.31620 -0.12692 +0.08455 -0.02344 +0.02006
-0.06866 -0.00600 -0.04025 -0.03538 +0.02057 +0.07482
-0.07161 -0.02659 +0.00817 +0.00269 +0.01522 -0.04976
-0.07530 -0.00308 +0.01608 -0.03442 -0.06908 +0.04483
-0.07547 -0.01679 +0.01702 -0.05274 -0.03860 +0.02651
-0.07182 -0.00216 +0.02289 -0.02803 -0.04364 -0.01311
-0.07164 -0.00401 +0.01204 -0.04987 -0.00428 -0.03942
-0.07124 -0.00264 +0.07853 +0.00971 -0.06943 +0.03976
-0.07099 -0.00581 +0.04824 -0.03422 -0.04023 +0.00987
-0.06320 -0.06436 +0.01407 -0.11777 +0.02966 -0.00424
-0.04887 -0.09076 +0.08013 -0.04774 +0.07178 -0.00101
-0.05094 +0.06407 -0.17094 -0.19618 +0.10061 -0.05756
-0.03065 +0.02004 +0.04005 +0.03493 +0.02198 +0.05020
-0.01282 -0.07031 +0.03064 -0.05281 -0.05193 +0.10600
-0.00232 -0.03702 +0.02818 -0.01694 -0.05281 +0.03192
-0.00187 +0.00048 -0.04749 -0.04278 -0.06812 +0.03661
+0.00059 -0.02270 -0.01182 +0.01582 -0.06527 -0.01673
-0.00078 -0.00421 -0.04198 +0.00422 -0.08585 +0.01756
-0.00122 -0.01184 -0.05810 -0.02859 -0.10553 +0.10699
-0.00048 -0.00926 -0.05546 -0.03570 -0.10078 +0.07745
-0.05831 +0.15630 -0.09471 +0.11288 -0.06812 +0.10226
-0.07026 +0.06391 -0.04276 +0.01637 -0.00193 -0.01923
-0.07700 +0.00238 -0.02437 -0.04004 -0.00572 -0.01946
-0.08146 -0.01095 +0.01869 -0.03693 -0.01897 +0.00117
-0.07828 +0.01436 -0.02176 -0.05192 -0.02258 -0.02185
-0.06954 -0.07050 +0.03003 -0.02331 +0.01560 +0.04478
-0.05817 -0.03268 +0.05384 -0.03299 +0.03344 +0.03783
-0.05019 +0.04416 +0.02708 -0.04466 +0.01075 +0.02693
-0.05213 +0.03983 +0.03817 -0.13528 +0.01992 +0.05083
-0.04623 +0.03804 +0.12890 -0.10742 +0.07679 +0.02116
