  402.75348 
  402.08510 
  402.24522 
  406.48504 
  408.23393 
  406.95956 
  406.50731 
  406.91641 
  407.55193 
  406.04119 
  406.91626 
  406.77768 
  406.58208 
  406.44025 
  406.67377 
  407.17429 
  405.68818 
  406.95376 
  406.80122 
  406.46549 
  406.87145 
  405.68262 
  405.30897 
  406.80605 
  406.80736 
  406.58329 
  406.84569 
  408.08644 
  407.08668 
  405.51850 
  399.52514 
  398.03248 
  399.82055 
  399.35696 
  400.01703 
  400.09630 
  399.64090 
  400.70963 
  399.39545 
  400.84917 
  402.64000 
  408.12632 
  406.99122 
  406.55984 
  406.37375 
  406.88147 
  406.17545 
  407.03989 
  407.20442 
  407.56781 
  407.32283 
  407.54466 
  407.59469 
  398.05874 
  400.08104 
  399.87328 
  399.71582 
  400.35374 
  399.94261 
  400.02423 
  400.77021 
  399.82326 
  406.95076 
  409.98887 
  408.20119 
  408.21687 
  408.57220 
  408.79565 
  407.86311 
  393.57769 
  399.94705 
  399.68050 
  399.10230 
  398.88515 
  399.31993 
  399.21880 
  400.62734 
  398.84958 
  399.81084 
  400.68108 
  399.61736 
  410.06470 
  410.20019 
  409.10036 
  409.22959 
  408.04801 
  408.59365 
  408.78636 
  407.77347 
  409.71330 
  408.05814 
  409.02581 
  394.54759 
  402.03093 
  401.80202 
  401.30809 
  401.93362 
  401.92158 
  401.47135 
  403.21810 
  401.70257 
  402.56118 
  402.35360 
  401.62411 
  408.40021 
  409.07127 
  407.71830 
  407.41046 
  407.28195 
  396.21857 
  391.21750 
  393.86772 
  392.22399 
  404.19044 
  409.59046 
  410.11279 
  409.68891 
  407.93294 
  407.93507 
  396.06112 
  388.79850 
  392.92330 
  392.96321 
  392.98017 
  393.53268 
  384.90204 
  393.74174 
  391.83523 
  392.62441 
  392.57957 
  392.73903 
  393.19122 
  393.53671 
  392.59995 
  393.79026 
  393.59165 
  398.45016 
  407.46660 
  406.69754 
  407.78584 
  407.34305 
  407.38724 
  408.64470 
  407.24439 
  407.48913 
  408.12941 
  408.85219 
  408.77201 
  408.41788 
  407.56025 
  400.22786 
  395.36868 
  396.55396 
  397.24496 
  397.48166 
  397.54838 
  396.11156 
  397.78508 
  397.32558 
  397.16797 
  398.10427 
  397.93156 
  397.26778 
  397.94773 
  398.12832 
  397.85963 
  396.69391 
  402.44962 
  411.01332 
  410.10306 
  409.31122 
  409.53648 
  409.62248 
  410.32086 
  410.04152 
  409.50472 
  389.60111 
  395.60556 
  396.42765 
  395.89079 
  396.67879 
  396.48306 
  396.79080 
  396.20603 
  396.69218 
  397.50593 
  396.12382 
  396.95296 
  397.26256 
  403.49408 
  410.85270 
  408.80921 
  409.40011 
  408.65393 
  409.60949 
  389.10670 
  396.17677 
  395.90046 
  396.60282 
  396.59506 
  397.12433 
  398.43262 
  412.85638 
  410.45748 
  409.58325 
  398.38102 
  394.59895 
  395.73701 
  396.10907 
  396.99149 
  396.63431 
  396.64875 
  396.90108 
  403.96072 
  411.73963 
  410.19684 
  408.70637 
  409.50692 
  408.66875 
  409.33929 
  409.16269 
  408.13878 
  388.82647 
  395.91215 
  395.80998 
  396.12390 
  396.14155 
  405.36376 
  411.39166 
  408.78533 
  408.73911 
  408.23937 
  408.85609 
  398.24274 
  401.29182 
  401.41413 
  402.61690 
  403.79337 
  402.57575 
  403.75505 
  396.40458 
  403.12795 
  400.07695 
  412.54590 
  410.20602 
  408.56413 
  408.45683 
  408.63211 
  405.78310 
  389.45926 
  395.39891 
  396.30061 
  395.53668 
  396.37952 
  407.29582 
  408.85078 
  407.12176 
  407.35827 
  409.17845 
  409.12626 
  408.49298 
  396.22572 
  402.14739 
  402.24465 
  402.18548 
  402.77768 
  403.02375 
  403.46940 
  403.47600 
  403.30086 
  404.65284 
  402.02857 
  403.45452 
  403.31775 
  402.75609 
  403.83639 
  403.18715 
  404.65049 
  404.47675 
  404.47922 
