+0.02306 +0.00096 -0.19553 -0.04206 +0.04769 +0.01994
+0.02532 -0.00628 -0.06945 -0.02812 +0.02789 -0.08915
-0.00025 -0.00066 -0.07506 -0.04836 +0.06855 -0.04658
+0.11429 -0.05026 -0.05503 -0.06378 +0.00891 +0.09591
+0.03256 -0.07087 -0.06813 -0.05349 -0.03219 +0.11474
+0.00497 -0.07165 -0.04565 -0.05621 -0.08496 -0.04368
+0.01248 -0.07387 -0.00670 -0.03985 -0.03432 +0.00641
-0.00889 -0.07754 -0.03409 -0.05313 -0.03208 +0.06129
+0.00770 -0.08254 +0.01979 -0.02273 -0.00825 +0.02520
-0.02049 -0.07883 +0.04068 -0.04363 +0.02543 +0.06516
+0.00922 -0.07947 +0.00353 -0.01335 -0.02706 -0.02436
-0.00886 -0.07823 -0.03246 -0.03466 -0.03692 -0.00744
+0.00317 -0.08264 +0.00052 -0.02900 -0.04100 -0.00263
-0.00508 -0.07693 -0.02481 -0.02456 -0.01704 -0.00184
-0.01867 -0.08911 +0.06432 -0.01672 +0.02318 +0.01218
-0.00347 -0.09343 -0.00303 -0.02032 -0.06041 +0.03976
-0.02100 -0.09002 +0.08265 -0.02134 +0.01263 +0.02216
-0.00944 -0.09360 +0.00835 -0.02532 -0.07528 +0.01521
-0.01953 -0.09346 +0.03220 -0.03449 -0.06472 +0.04002
-0.03254 -0.09424 +0.06035 -0.03094 -0.03811 -0.01800
-0.02177 -0.08866 +0.02240 -0.02334 -0.05244 +0.01010
-0.01343 -0.08271 -0.05697 -0.00216 -0.04765 -0.06726
-0.00534 -0.09116 +0.00323 -0.00876 -0.07563 -0.08959
-0.01532 -0.09461 -0.00754 -0.01296 -0.02982 +0.04569
-0.01802 -0.08923 -0.01369 -0.02096 -0.06791 -0.05736
-0.00322 -0.08608 -0.02448 -0.00289 +0.02386 +0.00677
-0.02285 -0.09425 +0.05614 -0.06298 -0.05792 +0.04803
-0.01342 -0.09435 +0.04329 -0.02556 -0.06197 -0.04490
-0.01926 -0.07956 -0.01175 -0.00897 +0.05505 -0.03156
-0.01457 -0.08049 +0.00892 -0.03207 +0.00072 -0.04011
-0.08743 -0.04093 +0.00028 -0.07451 +0.12293 +0.05209
-0.07344 -0.03293 +0.07604 -0.05876 +0.07391 +0.01697
+0.01439 -0.01740 -0.06315 -0.06873 +0.05789 +0.07394
+0.00444 -0.01325 -0.02034 -0.08173 +0.03254 -0.05490
+0.00274 -0.01556 -0.06911 -0.04847 +0.07867 +0.01959
+0.00667 -0.01994 -0.01316 -0.05147 +0.03467 -0.03574
-0.01470 -0.02160 +0.01831 -0.06371 +0.05927 -0.01740
-0.00531 -0.02212 -0.00291 -0.08326 +0.00960 +0.04943
-0.00267 -0.01950 -0.03748 -0.03133 +0.11113 -0.02130
-0.01432 -0.01928 -0.00222 -0.04979 +0.10875 +0.02638
+0.05520 -0.03593 -0.10137 -0.06336 +0.00121 +0.04076
+0.06265 -0.07067 -0.02113 -0.05992 -0.05548 -0.03043
+0.00182 -0.07015 -0.01303 -0.05783 +0.02265 +0.03115
-0.01205 -0.08311 +0.11875 -0.08060 +0.07017 +0.12978
-0.00263 -0.06812 -0.03357 -0.04397 +0.02816 -0.02848
+0.01688 -0.07195 -0.03419 -0.04457 -0.01159 -0.04604
-0.00392 -0.07567 -0.03326 -0.03712 -0.00874 +0.00294
-0.00984 -0.07684 +0.05383 -0.05554 +0.06501 +0.03663
-0.00569 -0.07932 -0.00215 -0.06927 -0.05039 +0.04606
-0.00647 -0.07275 +0.02454 -0.05349 +0.00889 +0.04441
-0.01137 -0.07065 -0.02792 -0.03797 +0.00839 -0.07928
+0.00282 -0.06114 -0.05172 -0.03595 +0.10129 +0.00142
-0.00208 -0.07870 +0.03034 -0.02129 +0.07709 +0.00226
-0.12080 -0.02706 -0.06395 -0.08318 +0.09874 +0.02826
+0.01651 -0.01596 -0.04558 -0.04937 +0.07114 -0.08359
+0.01032 -0.01518 -0.08130 -0.05170 +0.10101 -0.05061
-0.00756 -0.01755 +0.00599 -0.06831 +0.13071 -0.02435
+0.00797 -0.02210 -0.03992 -0.06351 +0.04407 -0.04005
+0.01267 -0.02575 +0.00483 -0.04153 +0.10328 -0.04931
-0.00858 -0.02582 +0.01905 -0.04559 +0.09624 -0.01669
+0.01050 -0.02202 -0.12094 -0.02723 +0.11712 +0.01470
+0.00846 -0.01876 -0.07848 -0.04104 +0.08321 -0.02557
+0.13777 -0.06767 +0.03083 -0.08495 +0.02002 +0.08665
+0.05591 -0.09008 -0.09461 -0.00852 +0.06311 -0.01714
+0.00104 -0.10774 -0.01834 -0.03166 +0.07170 +0.03895
-0.01649 -0.10803 -0.06998 -0.00430 +0.08804 +0.06797
-0.01405 -0.10692 -0.05560 +0.00200 +0.06984 -0.06062
-0.01278 -0.11963 -0.10892 +0.03135 +0.10256 +0.03492
-0.01559 -0.11995 -0.07041 +0.00214 +0.04404 -0.00252
-0.23977 -0.01537 -0.03049 -0.10409 -0.00366 -0.02029
+0.03115 +0.01642 -0.04803 -0.08656 +0.07357 -0.01971
+0.03163 +0.01054 -0.01388 -0.06930 +0.07322 -0.08530
+0.01213 +0.00097 +0.00601 -0.06902 +0.07624 -0.03353
+0.00995 +0.00516 -0.02357 -0.08732 +0.09409 +0.03657
+0.02049 +0.00921 -0.02293 -0.10476 +0.03804 -0.07302
+0.00671 +0.00572 -0.04498 -0.07621 +0.03308 -0.08048
+0.01850 -0.00175 -0.00251 -0.05929 +0.08883 -0.04157
+0.00591 -0.00616 +0.00071 -0.06446 +0.06775 -0.02754
+0.02589 +0.00199 -0.01750 -0.06353 +0.06023 -0.05135
+0.00161 -0.00335 +0.00423 -0.05473 +0.06838 -0.06042
+0.02947 +0.00332 -0.10573 -0.07009 +0.09720 +0.03778
+0.16311 -0.07450 +0.10366 -0.07725 +0.04339 +0.04046
+0.04250 -0.09325 -0.08277 -0.00653 +0.01080 -0.02616
-0.00867 -0.10777 -0.01385 +0.01033 +0.01647 -0.11656
-0.02024 -0.10539 -0.08233 -0.00903 +0.06555 +0.05830
-0.01366 -0.09390 -0.12717 -0.00892 +0.04773 -0.00031
-0.02988 -0.11777 -0.00744 +0.01514 +0.08849 +0.03573
-0.04035 -0.11741 -0.02583 -0.00344 +0.04850 +0.04773
-0.02203 -0.11734 -0.10548 +0.00440 +0.04307 +0.03544
-0.01478 -0.10249 -0.12494 -0.02286 +0.02222 -0.02014
-0.04353 -0.12615 -0.05203 -0.00393 +0.00665 +0.03536
-0.02988 -0.11979 -0.01657 +0.01801 +0.08878 +0.04239
-0.23024 -0.01331 -0.04586 -0.09470 +0.00534 -0.08419
-0.01046 +0.00187 +0.01182 -0.07365 +0.07650 -0.07032
+0.01027 +0.00279 -0.02211 -0.06234 +0.05758 -0.04765
-0.00399 +0.00139 -0.00212 -0.07995 +0.06191 -0.03357
+0.01175 -0.00238 +0.00326 -0.04455 +0.06742 -0.10983
+0.00451 +0.00534 -0.06166 -0.04116 +0.07890 -0.15141
+0.00880 -0.00542 -0.01477 -0.03473 +0.05894 -0.11843
-0.00908 -0.00979 +0.00893 -0.05326 +0.03343 -0.09238
+0.00921 +0.00576 -0.12893 -0.04256 +0.07714 -0.10880
-0.00122 -0.00140 -0.04035 -0.04881 +0.07830 -0.05709
+0.00354 -0.00208 -0.07667 -0.05600 +0.00771 -0.11089
+0.00371 -0.00021 -0.07776 -0.05708 +0.11249 -0.04743
+0.04419 -0.01596 +0.11926 -0.04630 +0.02050 +0.00571
+0.01715 -0.02342 +0.06785 -0.03489 -0.03184 -0.13142
+0.00221 -0.02207 +0.04598 -0.02347 +0.07829 +0.01001
+0.00031 -0.01732 -0.02979 -0.02630 -0.07591 -0.18110
-0.02282 -0.03329 +0.08005 -0.02467 +0.07374 -0.01270
-0.05782 +0.00615 -0.04312 -0.05620 -0.00634 -0.05454
-0.05734 +0.03011 -0.03471 -0.17511 -0.07366 +0.02818
+0.03825 +0.02974 +0.03771 -0.12358 +0.03716 +0.10689
+0.01165 +0.02850 +0.02049 -0.12447 -0.05355 +0.08911
+0.16763 -0.02924 +0.07589 +0.04848 -0.07598 +0.12548
+0.08308 -0.07430 +0.03391 +0.00376 +0.09154 +0.04593
-0.01123 -0.07236 +0.01432 -0.02152 +0.03006 -0.14571
-0.01205 -0.07811 +0.01211 +0.01592 +0.05437 -0.13735
-0.03958 -0.08181 +0.01640 +0.01073 -0.01897 -0.14225
-0.03414 -0.08222 -0.01528 +0.00451 +0.00699 -0.05048
-0.13208 -0.01740 -0.12151 -0.05112 -0.13532 -0.16011
-0.15350 +0.01938 +0.01168 -0.13121 -0.14913 +0.02979
+0.01944 +0.03639 +0.01876 -0.06349 -0.08656 -0.01756
+0.02476 +0.03438 +0.00717 -0.04021 -0.00117 +0.01647
+0.00704 +0.04199 +0.00803 -0.07731 -0.06281 -0.05797
+0.02106 +0.03226 +0.02332 -0.06002 -0.00003 +0.05642
+0.05256 +0.03621 -0.11249 +0.10691 -0.08821 +0.06069
-0.01451 +0.04985 +0.03419 -0.08986 +0.01213 +0.12266
+0.01699 +0.04791 +0.07054 -0.06478 -0.05748 -0.07030
+0.02196 +0.04768 +0.02748 -0.04794 +0.02814 +0.07887
+0.00412 +0.04637 -0.00123 -0.09196 -0.07239 +0.08586
-0.00335 +0.03384 +0.16536 -0.03422 -0.01370 -0.01781
-0.00349 +0.04842 -0.00332 -0.03798 +0.01151 +0.04674
-0.00466 +0.04854 +0.05284 -0.06534 -0.07998 +0.00958
-0.01430 +0.03146 +0.26052 -0.04025 +0.04856 -0.01106
-0.00850 +0.04152 +0.07033 -0.06656 -0.04552 +0.03138
+0.00591 +0.04707 -0.01575 -0.03897 +0.04440 +0.07351
+0.07273 +0.03833 +0.06690 -0.03714 -0.03065 -0.03526
+0.07563 +0.01144 +0.03983 -0.01225 +0.00090 +0.00403
+0.01590 +0.00519 -0.03928 -0.01027 -0.05564 -0.02588
+0.02648 +0.00349 -0.00402 +0.01714 +0.02783 -0.02561
+0.00000 +0.00000 +0.00000 +0.00000 +0.00000 +0.00000
-0.00144 -0.00396 +0.02849 -0.00728 -0.05070 -0.02280
-0.00967 -0.01139 +0.09592 -0.01697 -0.07589 -0.05473
-0.00256 -0.00430 +0.02393 -0.00361 -0.03311 -0.02670
+0.02232 +0.01277 -0.14550 +0.01492 -0.06937 -0.10112
-0.01911 -0.01047 +0.08645 -0.01201 -0.05994 -0.02355
-0.00025 -0.00738 -0.00174 +0.02512 +0.00704 -0.01619
+0.00531 -0.01091 +0.03201 +0.02839 -0.00504 -0.03661
-0.00385 +0.00275 -0.01397 +0.01455 +0.01098 -0.11075
+0.00143 +0.00554 -0.04160 +0.00071 -0.01932 -0.06061
-0.07393 +0.00910 +0.15310 -0.05044 +0.05720 +0.06422
-0.08155 +0.04655 -0.00229 -0.06419 -0.04111 +0.00901
+0.01664 +0.04912 +0.03728 -0.04589 -0.00522 +0.01041
+0.01932 +0.05057 +0.00946 -0.01839 +0.00717 -0.05995
+0.01495 +0.05003 -0.00812 -0.02312 +0.03639 -0.04082
+0.01603 +0.05163 -0.00599 -0.00941 +0.05155 -0.06785
+0.00543 +0.05792 -0.07336 -0.05834 -0.03572 -0.02363
+0.00828 +0.04271 +0.04031 -0.03374 +0.02103 -0.00884
+0.00772 +0.05065 -0.03929 -0.02077 -0.00031 -0.03906
+0.01881 +0.04682 +0.00868 -0.01274 +0.04439 -0.04713
-0.00059 +0.05155 -0.00869 -0.04148 +0.02739 -0.03563
+0.00990 +0.04310 +0.01546 -0.02042 +0.02480 -0.03151
-0.00371 +0.05009 -0.02809 -0.06706 -0.05644 -0.06275
-0.00614 +0.04568 +0.04343 -0.03364 +0.07380 +0.05103
+0.00479 +0.05037 -0.02903 -0.03416 +0.03513 +0.01704
+0.00679 +0.04598 -0.00499 -0.01895 +0.04300 -0.02669
+0.01001 +0.03594 +0.04040 -0.03620 -0.02326 -0.02347
+0.05357 +0.02629 +0.03370 -0.03394 -0.01084 +0.04915
+0.09916 -0.00791 +0.01313 +0.02097 -0.03791 +0.05109
+0.01948 -0.01339 -0.02750 +0.04267 -0.03882 -0.05727
-0.01795 -0.01998 -0.03277 +0.02037 -0.08960 -0.03840
-0.01020 -0.02375 -0.00517 +0.02589 -0.07973 -0.05048
-0.00447 -0.02294 +0.00784 +0.04480 +0.02779 -0.00579
-0.00953 -0.03413 +0.06200 +0.05073 -0.03047 -0.08792
-0.02343 -0.02559 +0.03842 +0.02134 -0.03888 -0.04125
-0.01206 -0.02878 +0.02534 +0.04038 -0.06619 -0.08052
-0.18857 +0.03219 -0.03247 -0.08577 -0.00752 +0.05963
+0.04893 +0.04864 -0.02962 -0.07563 +0.04818 +0.03235
+0.01825 +0.04927 -0.04009 -0.07569 +0.03979 +0.02499
+0.01886 +0.03704 +0.12375 -0.06301 +0.08691 +0.02201
+0.02641 +0.05048 -0.04617 -0.04932 +0.02067 -0.04655
+0.01747 +0.04164 +0.01793 -0.03474 +0.06113 -0.06085
+0.02596 +0.04181 -0.02438 -0.03397 +0.07286 +0.02333
+0.00033 +0.03589 -0.03483 -0.05302 -0.06144 -0.01276
+0.00609 +0.04628 +0.03243 -0.06417 +0.04865 -0.08189
+0.00822 +0.03611 +0.01828 -0.04048 +0.03732 +0.03506
+0.00628 +0.04811 -0.09660 -0.06065 -0.00973 +0.00027
+0.00394 +0.03030 +0.16636 -0.02813 +0.06356 -0.11076
+0.00020 +0.04209 -0.04718 -0.08987 -0.06877 +0.01841
+0.11006 +0.02363 -0.05846 -0.01539 +0.03849 +0.01694
+0.07527 -0.01294 +0.06976 -0.03598 -0.02547 +0.01168
+0.01037 -0.01586 -0.03751 +0.00221 -0.00375 +0.00666
+0.00517 -0.02142 +0.00640 +0.00851 +0.01126 +0.01831
-0.01106 -0.02136 +0.03638 -0.01717 +0.02685 -0.01428
+0.02477 -0.02190 +0.00384 +0.02556 -0.00104 -0.09647
-0.18523 +0.04569 -0.07391 -0.13243 -0.09447 +0.09329
+0.04920 +0.05923 -0.07612 -0.07605 +0.00396 +0.04481
+0.03458 +0.05047 -0.03205 -0.05501 +0.06106 +0.01805
+0.02359 +0.04200 +0.04383 -0.04581 -0.00534 -0.02522
+0.01364 +0.06442 -0.09269 -0.10076 -0.12504 -0.13561
+0.01424 +0.04402 +0.05631 -0.06787 -0.03635 -0.07440
+0.02848 +0.04773 -0.03008 -0.05222 +0.02991 +0.01553
+0.16252 -0.01657 +0.02970 -0.01005 -0.13998 -0.00293
+0.01933 -0.02585 -0.01400 -0.00867 -0.09251 -0.01849
-0.01291 -0.03993 +0.02781 +0.00170 -0.13119 +0.00245
-0.06874 +0.00224 -0.00747 -0.04280 -0.15934 -0.03104
-0.07472 +0.05012 -0.07972 -0.10620 -0.10907 +0.06288
+0.03508 +0.05272 -0.03548 -0.08090 -0.04259 +0.03704
+0.03313 +0.04780 +0.06717 -0.08057 -0.05542 -0.07447
+0.02652 +0.05075 -0.00308 -0.06503 +0.02057 -0.01664
+0.02037 +0.05462 +0.00638 -0.09728 -0.03728 +0.00624
+0.01013 +0.04780 +0.00297 -0.07920 -0.02178 -0.02130
+0.02591 +0.04914 -0.01460 -0.07097 -0.02173 +0.01137
+0.10620 +0.00839 +0.10671 -0.09597 -0.06491 +0.03714
+0.12384 -0.04011 +0.01146 -0.01639 -0.06322 +0.02464
+0.01143 -0.05997 +0.03750 -0.00977 -0.06257 -0.01434
+0.00631 -0.06283 +0.01746 +0.00543 +0.00343 +0.06379
-0.03384 -0.07025 +0.11064 +0.00111 +0.01265 +0.02911
-0.01292 -0.07169 +0.04488 +0.00712 +0.03261 +0.07202
-0.00340 -0.07125 +0.03619 +0.02322 -0.01236 -0.03124
-0.02137 -0.06817 +0.01131 -0.02503 -0.10353 -0.06730
-0.02475 -0.07562 +0.08261 +0.03208 -0.03648 -0.07814
-0.23153 +0.04199 -0.02441 -0.11507 -0.09430 +0.03742
+0.03843 +0.04869 +0.03447 -0.05835 -0.01607 -0.05360
+0.02775 +0.04583 -0.01225 -0.06248 +0.02669 +0.08048
+0.02812 +0.04127 -0.02587 -0.03108 -0.02534 +0.00852
+0.02750 +0.05516 -0.05702 -0.06377 -0.00367 +0.00998
+0.18575 -0.08373 -0.11643 +0.02796 -0.17669 -0.04766
+0.10805 -0.14429 -0.02324 -0.05043 -0.05552 +0.03402
-0.00948 -0.15710 +0.04422 -0.04921 -0.02082 +0.03031
-0.02237 -0.16791 -0.02126 -0.06610 -0.11659 +0.04183
-0.01100 -0.14512 -0.11137 -0.04415 -0.13292 -0.00587
-0.04185 -0.15917 +0.06936 -0.01304 -0.04211 -0.01049
-0.19664 -0.04482 +0.06926 -0.08319 -0.01437 +0.02904
-0.06584 -0.02672 -0.02493 -0.06825 -0.00167 +0.12529
+0.01173 -0.01680 -0.02660 -0.07944 -0.01073 +0.06234
+0.01104 -0.01607 +0.00899 -0.05051 +0.03785 -0.00945
-0.01498 -0.02310 +0.02986 -0.07816 -0.00683 +0.03139
-0.00098 -0.02582 +0.07352 -0.05131 +0.03030 -0.02912
-0.00068 -0.02220 +0.03815 -0.08721 -0.01342 +0.04926
+0.02670 +0.04821 -0.09880 -0.13262 -0.12073 +0.04877
+0.05155 +0.00081 +0.03775 -0.07463 +0.02521 -0.00515
+0.07653 +0.01612 -0.04639 -0.10250 -0.01126 +0.08499
+0.15299 -0.02462 +0.08680 +0.02512 +0.00489 -0.06939
+0.02924 -0.04482 +0.03681 +0.05397 +0.06755 +0.04885
-0.02240 -0.03763 +0.02828 +0.03561 +0.08957 -0.13949
-0.04255 -0.04835 +0.08670 +0.04206 +0.10026 -0.05500
-0.04181 -0.05886 -0.00526 +0.01936 +0.02205 +0.02120
-0.06479 -0.06047 +0.13172 +0.04818 -0.00117 -0.24769
-0.29812 +0.00502 +0.18017 -0.08903 +0.03958 +0.02376
+0.06358 +0.05876 -0.01973 -0.12871 -0.01251 +0.04394
+0.06245 +0.04872 +0.06219 -0.07888 -0.01958 -0.06172
+0.05032 +0.04769 +0.00485 -0.05353 +0.06490 -0.03637
+0.08561 +0.01561 -0.01777 -0.00689 +0.03277 -0.05510
+0.21242 -0.12089 +0.01238 -0.03764 +0.03845 +0.08401
+0.08620 -0.16312 +0.09727 -0.06613 -0.08489 +0.03023
+0.04689 -0.15992 +0.07831 -0.04365 -0.08789 -0.09003
+0.02726 -0.13878 +0.05181 -0.11944 -0.08500 +0.04036
+0.07341 -0.14954 +0.02504 -0.08616 -0.06651 -0.05896
+0.03190 -0.14673 +0.05164 -0.03547 +0.03216 +0.00744
+0.00862 -0.12419 -0.01416 -0.01902 +0.04659 +0.00012
-0.20499 -0.00467 +0.01124 -0.12397 -0.00091 +0.00488
+0.05586 +0.01282 +0.05528 -0.12188 -0.04271 -0.08003
+0.07114 +0.01488 +0.00014 -0.10234 +0.00947 -0.02250
+0.03965 -0.00294 +0.19300 -0.08344 +0.10828 -0.00702
+0.06788 +0.01680 -0.01986 -0.08374 +0.07374 -0.04651
+0.04374 +0.01096 -0.00270 -0.10866 +0.00033 +0.02885
+0.05285 +0.01047 -0.04392 -0.08709 -0.03123 -0.06974
+0.05544 +0.00777 -0.02743 -0.08629 -0.00372 -0.01514
+0.08067 +0.01124 -0.01155 -0.08151 -0.01482 -0.13891
+0.01995 -0.00216 +0.09083 -0.11167 -0.01373 -0.01176
+0.05934 +0.04443 -0.03941 -0.14369 -0.07699 +0.01302
+0.07829 +0.02949 +0.00757 -0.08874 -0.02140 -0.06973
+0.05650 +0.02400 +0.05147 -0.08360 +0.03463 -0.03477
+0.04714 +0.02717 +0.02771 -0.08237 +0.04060 -0.02468
+0.05496 +0.01560 +0.11001 -0.07884 +0.02070 -0.08144
+0.05969 +0.02633 -0.03550 -0.11489 -0.02232 +0.01798
+0.05829 +0.02305 +0.01771 -0.08621 -0.00282 -0.07998
+0.05533 +0.01863 +0.02139 -0.08791 +0.00202 -0.06640
+0.04980 +0.01370 +0.00668 -0.10690 -0.04331 +0.00779
