  308.74497 
  302.79218 
  296.66710 
  297.15180 
  298.06564 
  298.83236 
  297.73082 
  296.38894 
  300.65267 
  296.57927 
  292.80302 
  292.41960 
  295.50600 
  306.01529 
  294.38927 
  293.92655 
  293.16045 
  292.78510 
  300.47392 
  306.43520 
  305.51559 
  304.52407 
  301.30239 
  293.96053 
  295.64369 
  295.48307 
  295.51776 
  294.17135 
  298.55767 
  309.25862 
  306.91880 
  306.57812 
  306.92851 
  306.71781 
  296.07560 
  295.29524 
  296.04156 
  295.55775 
  295.35071 
  294.58138 
  296.02957 
  294.34941 
  294.25625 
  294.05079 
  294.69457 
  307.68632 
  305.95435 
  306.56287 
  305.92816 
  306.08618 
  296.49627 
  295.67822 
  295.89621 
  294.35541 
  295.06572 
  304.45173 
  308.13403 
  304.61596 
  296.48904 
  296.70463 
  295.89176 
  297.36424 
  296.49595 
  299.21319 
  311.26016 
  309.76155 
  310.11882 
  308.83467 
  309.17654 
  309.15115 
  309.17522 
  308.99766 
  308.57293 
  297.78930 
  297.14858 
  296.57785 
  297.05667 
  300.01495 
  301.18619 
  301.45688 
  302.37586 
  303.32738 
  304.01290 
  298.58159 
  298.57552 
  299.07054 
  298.18784 
  302.51268 
  307.73411 
  307.49688 
  307.67183 
  306.69357 
  298.34565 
  297.13609 
  297.39038 
  297.62037 
  296.82769 
  296.77674 
  296.58704 
  296.83376 
  297.35407 
  311.24473 
  310.30370 
  309.46078 
  297.30778 
  298.48563 
  298.03314 
  297.58858 
  297.18456 
  297.50450 
  297.35888 
  312.13835 
  310.05698 
  309.55485 
  309.90848 
  310.19413 
  309.61779 
  310.01325 
  301.61270 
  298.06476 
  298.54101 
  297.93921 
  297.61182 
  296.98208 
  303.99762 
  310.04473 
  309.60171 
  310.17392 
  309.43080 
  309.62398 
  307.69060 
  299.61400 
  298.82820 
  297.73568 
  296.26861 
  300.29940 
  313.14803 
  310.76216 
  310.59567 
  310.85110 
  310.60008 
  310.70293 
  311.35080 
  299.15531 
  298.35768 
  298.45930 
  301.16961 
  313.66961 
  310.89279 
  310.57416 
  312.81201 
  311.99216 
  311.10461 
  310.43745 
  310.71217 
  311.26494 
  306.98264 
  301.52024 
  301.19084 
  299.86798 
  298.91216 
  298.95859 
  298.78751 
  306.48477 
  312.90257 
  311.30936 
  311.08547 
  310.89283 
  311.11177 
  311.97308 
  312.14272 
  312.18351 
  312.61889 
  310.55356 
  300.80385 
  300.59447 
  299.55305 
  300.33179 
  299.04333 
  307.33282 
  313.32809 
  312.11959 
  311.33728 
  311.48769 
  311.61635 
  312.23429 
  311.10499 
  311.95696 
  312.18227 
  311.59207 
  311.84699 
  310.06318 
  299.80722 
  300.32716 
  299.79003 
  299.30076 
  298.56819 
  297.49701 
  297.39909 
  297.98940 
  297.25484 
  297.16361 
  303.03070 
  311.50466 
  302.85793 
  304.44812 
  304.80828 
  306.15680 
  306.10608 
  305.74233 
  305.75247 
  306.56692 
  299.20338 
  300.01919 
  299.26166 
  298.90546 
  299.52801 
  308.30493 
  310.21974 
  309.52383 
  309.48145 
  309.51137 
  309.63617 
  309.47354 
  309.49359 
  299.49732 
  298.86725 
  298.71096 
  299.06791 
  298.24311 
  298.14728 
  299.98969 
  311.91658 
  309.56271 
  309.27794 
  309.43265 
  310.31022 
  310.30841 
  310.00650 
  310.01144 
  309.68965 
  309.50759 
  309.65601 
  309.86846 
  310.62017 
  309.59248 
  301.20058 
  302.07792 
  300.79280 
  301.27796 
  300.41584 
  300.97525 
  300.97040 
  299.97442 
  300.19263 
  299.72581 
  311.49712 
  309.66237 
  310.22380 
  309.55982 
  309.14427 
  309.41426 
  297.07605 
  299.44484 
  298.28501 
  297.69419 
  297.67037 
  298.60541 
  298.54810 
  299.11267 
  298.73688 
  302.15429 
  310.57792 
  309.40594 
  309.33699 
  309.68784 
  309.12646 
  309.22671 
  309.04053 
  308.54700 
