+0.00689 +0.02193 -0.07283 -0.04384 +0.02951 -0.04076
-0.07768 +0.01471 -0.00940 -0.09694 +0.12172 -0.13768
-0.13193 -0.00906 -0.12979 -0.05962 -0.05308 -0.04798
-0.00526 -0.08528 -0.09833 -0.09378 -0.12990 -0.04713
-0.02227 -0.05065 -0.11475 -0.04864 -0.10630 +0.05782
-0.03260 -0.05096 -0.07677 +0.04611 -0.14194 +0.02116
-0.07238 -0.02590 -0.16089 +0.04224 -0.03676 +0.08631
-0.01026 +0.02883 -0.13757 +0.00544 -0.06483 -0.03106
+0.08029 +0.01405 -0.00169 +0.03014 -0.10187 -0.21160
+0.02831 +0.07470 +0.02209 +0.05249 -0.02713 -0.08069
+0.04636 +0.09466 +0.00671 +0.05565 -0.01399 -0.03942
+0.07652 +0.05282 +0.06272 +0.07406 -0.02642 -0.08197
+0.06221 +0.06519 +0.00427 -0.00209 -0.02612 -0.01752
+0.12459 -0.02657 -0.11356 -0.00253 +0.02892 +0.01062
-0.06185 +0.14759 -0.05856 +0.02953 +0.00547 -0.02680
+0.04559 +0.05420 -0.01334 +0.01318 +0.01300 -0.05139
+0.04071 +0.07113 +0.01095 +0.06327 -0.03222 -0.00494
+0.05289 +0.04144 +0.05252 +0.02987 -0.03737 -0.04714
+0.07906 -0.00490 +0.02820 +0.04613 -0.04124 -0.10396
+0.07374 -0.00861 -0.09742 +0.04231 +0.06255 -0.01159
+0.02456 +0.01325 -0.00987 -0.00722 +0.02522 -0.02917
+0.00962 +0.04152 -0.11562 +0.05522 -0.00390 -0.00072
+0.00068 +0.03496 +0.00224 +0.03353 +0.09202 -0.04387
-0.03789 +0.12171 +0.02771 +0.07892 -0.08552 -0.13482
+0.06006 +0.05334 -0.00798 +0.07139 -0.04277 -0.11093
+0.03449 +0.06312 +0.04020 +0.10572 +0.01442 -0.09109
+0.04376 +0.06128 +0.00515 +0.11626 -0.01186 -0.06426
+0.06684 +0.04878 +0.03658 +0.03693 +0.03734 -0.05399
+0.07040 +0.06262 -0.11061 +0.02135 -0.03680 -0.00591
+0.11791 -0.05433 -0.08572 +0.02220 +0.02247 -0.11289
+0.01246 +0.00996 -0.04105 +0.07177 -0.00904 -0.02720
+0.01415 +0.03179 -0.10462 +0.10409 +0.08097 +0.00230
+0.02375 +0.00505 -0.00967 +0.10001 +0.01038 -0.00482
+0.00422 +0.02821 -0.04918 +0.14161 +0.02456 +0.01076
-0.05285 +0.15581 -0.02780 +0.03616 +0.01012 -0.03131
+0.06580 +0.07406 -0.09320 +0.07799 +0.02629 +0.04762
+0.06023 +0.06524 +0.01094 +0.13701 -0.02451 -0.01059
+0.04703 +0.06742 -0.02822 +0.12331 -0.03456 -0.01718
+0.06813 +0.05478 +0.01075 +0.08311 -0.00903 +0.02531
+0.06471 +0.06051 -0.03057 +0.04599 +0.04693 -0.01192
+0.04531 +0.07164 -0.03828 +0.12306 -0.10469 -0.01218
+0.06733 +0.06150 -0.00622 +0.05174 +0.02086 +0.01387
+0.06700 +0.06858 -0.01190 +0.11538 -0.02490 +0.00004
+0.06149 +0.06893 -0.05901 +0.05368 +0.03106 -0.01983
+0.05986 +0.06566 -0.01634 +0.05987 -0.02959 -0.02756
+0.13393 -0.06191 -0.05470 +0.02351 +0.01410 -0.00637
+0.03344 +0.02790 -0.15221 +0.06003 +0.02435 +0.05409
+0.02070 +0.01337 -0.01338 +0.05460 +0.05317 -0.02203
+0.01943 +0.03277 -0.08250 +0.05341 +0.00886 -0.00912
+0.02351 +0.00841 -0.01029 +0.05370 -0.00685 +0.03316
-0.04919 +0.14135 -0.09646 +0.07618 +0.00099 +0.08298
-0.00155 +0.09854 -0.07429 +0.08455 +0.07741 +0.02131
+0.07071 +0.05104 +0.02793 +0.04398 +0.05805 +0.00457
+0.06343 +0.07695 -0.12047 +0.05485 +0.05506 +0.08793
+0.06813 +0.06268 -0.05952 +0.07709 +0.07734 +0.06809
+0.09246 -0.03952 +0.05357 +0.07754 +0.04221 -0.05625
+0.05965 -0.03261 -0.02680 +0.09248 +0.07050 +0.03574
-0.02147 +0.05429 -0.08270 +0.10514 -0.03597 +0.02536
-0.05918 +0.14186 +0.00708 +0.06787 -0.02952 +0.04071
+0.04709 +0.04711 +0.04590 +0.04623 -0.02384 +0.06104
+0.04769 +0.07473 -0.10617 +0.01946 +0.10263 +0.08246
+0.03815 +0.04173 +0.02181 +0.04511 -0.02162 +0.06690
+0.03587 +0.05662 +0.03736 +0.02970 -0.05668 +0.07835
+0.03469 +0.04974 -0.06890 +0.04274 +0.01552 +0.05859
+0.13651 -0.09073 -0.04169 +0.03386 -0.00614 -0.05254
-0.00738 +0.00162 -0.08696 -0.00373 +0.00476 -0.04943
-0.00536 -0.00148 -0.04306 +0.09314 +0.05495 +0.01691
-0.02092 +0.01718 -0.08905 +0.01247 +0.07939 -0.00064
-0.00001 -0.00208 -0.05626 +0.05335 +0.02977 +0.07266
-0.01094 +0.00402 -0.07878 +0.03450 +0.08245 +0.02482
-0.00633 -0.01678 -0.02152 -0.00899 +0.10558 -0.01233
-0.01834 +0.00760 -0.04106 +0.04470 +0.06349 +0.04074
-0.01832 +0.01181 -0.04714 -0.00324 +0.00059 +0.04207
-0.12380 +0.16202 +0.01348 +0.03150 -0.00270 +0.00673
+0.02716 +0.07359 -0.03980 -0.01267 +0.04066 +0.08742
+0.04214 +0.05513 +0.00909 -0.06329 +0.06200 +0.07036
+0.03598 +0.04598 +0.03021 -0.10267 +0.04151 -0.03775
+0.03537 -0.02004 -0.16299 -0.01406 +0.06640 -0.02633
-0.02155 -0.09016 -0.11241 -0.05226 -0.06981 -0.19823
-0.01896 -0.07896 -0.08138 +0.02806 -0.09022 -0.09614
-0.00178 -0.08714 -0.07674 -0.02083 -0.06019 -0.08106
-0.00897 -0.07203 -0.02027 -0.02270 -0.02468 -0.13183
-0.01014 -0.04606 +0.00487 -0.04200 -0.01140 -0.15771
+0.01528 +0.08491 -0.08225 -0.02335 -0.01573 -0.15694
+0.05727 +0.04187 -0.01852 -0.03806 +0.09162 -0.12070
+0.05852 +0.03645 +0.01526 -0.02040 -0.00483 -0.13105
+0.04890 +0.06450 -0.11888 +0.03544 -0.02774 -0.04848
+0.10089 -0.01671 +0.06359 +0.03746 +0.00348 -0.08157
+0.10617 -0.02960 -0.05941 -0.02581 +0.08960 +0.01549
+0.04175 +0.01656 -0.01679 +0.04222 -0.01312 +0.02310
+0.03382 +0.02179 -0.05827 +0.01749 +0.06928 -0.02312
+0.04411 +0.02789 -0.06272 +0.02686 +0.08399 +0.04137
+0.00037 +0.07727 +0.02370 -0.00657 -0.01499 +0.05445
+0.00265 +0.09372 -0.02469 -0.02322 +0.11253 -0.01329
+0.06207 +0.04014 -0.01692 -0.03370 +0.17967 -0.01770
+0.03747 +0.04713 -0.00045 +0.00994 +0.07179 -0.06066
+0.08074 +0.03116 +0.03949 -0.01579 +0.02665 +0.00038
+0.06530 +0.04223 +0.06043 -0.02875 +0.06576 -0.01100
+0.06857 +0.04638 -0.01697 +0.00355 +0.02794 +0.04309
+0.05956 +0.04802 -0.02629 -0.00548 +0.02488 -0.02327
+0.06308 +0.02985 +0.02508 -0.02435 +0.03274 +0.02759
+0.13766 -0.09034 -0.05636 +0.00539 +0.08344 -0.07946
+0.02783 -0.01325 +0.03160 +0.04896 +0.08688 -0.00930
+0.01493 +0.00544 +0.00499 +0.06603 +0.02112 +0.02733
-0.08533 +0.10472 +0.01949 +0.00374 +0.01683 -0.06844
+0.02465 +0.04857 +0.02571 +0.00549 +0.08305 -0.06588
+0.06129 +0.03963 -0.04512 -0.05819 +0.11490 -0.05712
+0.06106 +0.02719 +0.06443 -0.00429 +0.02566 +0.01945
+0.05177 +0.04800 +0.01457 +0.01657 +0.05432 +0.01688
+0.06153 +0.04025 +0.01953 -0.00265 +0.08256 -0.00165
+0.05314 +0.03908 +0.06482 +0.01595 +0.02650 -0.02396
+0.15198 -0.09560 -0.03530 -0.02341 +0.09318 -0.01091
+0.02506 -0.01609 +0.00301 -0.02139 +0.04882 +0.00794
+0.01122 +0.00812 -0.10989 +0.01520 +0.04249 +0.00007
+0.01402 -0.00311 -0.04564 +0.01341 +0.06627 -0.01127
+0.02106 -0.00580 -0.01920 +0.00353 -0.01853 +0.01255
+0.00519 -0.00463 -0.03346 +0.03775 +0.00321 +0.02959
+0.00740 +0.00280 -0.07598 +0.00300 +0.13724 -0.01387
-0.06758 +0.09130 -0.03952 +0.03521 +0.01995 +0.00873
-0.01221 +0.08709 +0.01414 -0.06371 +0.02889 -0.03876
+0.04870 +0.05909 -0.06079 -0.11068 +0.11055 +0.01037
+0.04500 +0.04680 +0.04452 -0.00913 +0.00152 +0.02787
+0.06279 +0.03988 +0.06578 -0.02134 +0.00943 +0.06311
+0.06937 +0.04479 +0.04052 -0.03647 +0.01320 +0.08555
+0.09813 -0.01753 +0.02024 +0.01594 +0.02542 +0.05385
+0.09813 -0.05390 -0.06951 -0.03055 +0.06739 -0.00854
+0.01952 -0.00641 -0.01812 -0.01568 +0.03660 -0.00866
+0.00889 +0.00231 -0.04972 -0.00626 -0.00680 +0.01036
+0.01448 -0.00162 -0.00905 +0.01870 +0.00265 +0.07773
+0.01375 +0.01129 -0.06613 +0.00806 +0.03417 +0.03053
+0.00916 -0.00320 -0.00384 +0.00232 +0.04293 -0.04654
-0.09510 +0.16182 -0.06003 -0.02268 +0.07785 +0.04011
+0.06898 +0.04830 -0.01256 -0.08978 +0.11468 +0.02447
+0.05626 +0.05485 -0.02445 -0.02805 +0.07304 +0.02501
+0.06213 +0.04934 +0.05272 -0.00091 +0.03248 +0.04377
+0.08671 +0.02076 +0.00889 -0.02402 +0.06123 +0.05330
+0.11782 -0.09478 -0.04027 +0.03570 +0.01414 -0.03948
-0.00619 +0.00435 -0.09802 +0.03529 -0.07686 +0.02717
+0.00212 -0.00536 -0.00380 +0.01855 +0.08512 -0.01361
+0.00095 -0.00551 -0.02771 +0.01248 -0.00116 -0.03525
+0.00000 +0.00000 -0.00000 +0.00000 +0.00000 +0.00000
-0.01339 +0.01034 +0.00712 +0.01104 -0.02516 -0.02421
-0.02656 +0.00788 -0.07074 +0.05209 +0.02409 -0.02808
-0.09147 +0.14825 -0.04960 -0.06350 +0.02542 -0.04634
+0.03818 +0.04761 -0.01598 -0.05759 +0.04157 -0.01832
+0.06038 +0.04116 +0.00330 -0.04772 -0.01145 -0.01311
+0.07082 +0.03929 -0.03127 -0.03719 -0.02447 +0.03314
+0.15984 -0.16596 -0.03684 +0.05127 -0.01157 -0.01634
-0.02129 -0.03783 -0.04675 -0.03166 -0.05720 +0.03822
-0.03758 -0.01985 -0.04814 -0.02560 -0.05943 +0.09347
-0.02149 -0.05366 -0.08707 -0.12583 +0.06910 -0.03620
-0.07471 -0.02285 -0.19322 +0.00849 -0.01975 +0.01587
-0.05849 -0.02085 -0.20802 +0.01776 -0.05918 +0.05731
-0.03293 -0.03446 -0.12681 -0.03489 -0.04493 +0.04499
-0.04546 -0.03060 -0.08013 -0.00620 -0.15215 +0.07932
-0.03983 -0.03644 -0.08043 -0.04220 -0.06860 +0.10061
-0.07783 -0.00078 -0.04469 +0.02398 -0.08524 +0.06873
-0.19163 +0.16426 +0.00631 -0.10156 -0.13044 +0.00724
+0.00615 +0.04111 -0.02217 -0.26256 +0.04450 -0.01555
+0.00129 +0.03511 +0.05063 -0.16507 -0.02224 +0.01542
+0.02373 +0.03477 +0.04522 -0.17954 -0.01372 +0.00928
+0.02651 +0.04263 +0.05058 -0.13534 -0.06000 +0.04547
+0.01785 +0.05834 -0.00083 -0.14260 -0.02365 +0.05807
+0.08688 -0.05744 +0.04506 -0.05913 -0.06262 +0.02235
+0.07373 -0.08083 -0.09840 -0.10052 +0.00567 -0.00114
-0.02113 -0.01687 -0.06919 -0.09468 -0.01396 -0.01720
-0.01381 -0.03099 -0.05479 -0.07135 +0.02903 +0.01880
-0.01877 -0.03227 -0.04777 -0.08483 +0.03801 +0.02501
-0.02072 -0.02128 -0.03452 -0.03114 +0.00061 +0.04851
-0.02327 -0.01413 -0.02050 +0.00991 -0.04405 +0.07978
-0.02378 -0.00721 -0.03147 -0.00739 -0.01914 +0.08787
-0.02514 +0.00502 -0.08815 -0.04697 +0.01648 +0.04781
-0.02908 -0.00827 -0.10815 -0.05074 +0.01167 +0.04195
-0.07145 -0.00749 -0.02115 +0.01962 -0.08667 +0.00802
-0.18203 +0.15483 -0.05412 -0.14225 -0.03217 -0.04012
+0.01584 +0.04055 +0.00822 -0.20788 +0.00736 -0.01932
+0.02572 +0.04114 +0.01338 -0.14514 +0.03187 +0.02829
+0.00604 +0.02090 +0.04807 -0.11526 -0.02661 +0.03547
+0.03194 +0.02621 +0.04687 -0.12679 +0.00081 +0.08465
+0.06711 -0.04004 +0.00975 -0.06584 -0.02671 +0.04764
+0.05920 -0.06152 -0.03462 -0.07851 -0.00877 +0.01633
-0.01212 -0.00329 -0.08726 -0.06573 -0.00934 +0.06591
-0.01176 -0.01933 -0.04464 -0.07047 -0.03931 +0.01846
-0.01800 -0.00240 -0.05638 -0.04463 -0.00281 +0.04050
-0.01105 -0.00992 -0.01422 -0.01844 -0.04725 +0.09126
-0.02039 -0.01469 -0.02747 -0.05337 +0.03558 +0.01546
-0.01626 -0.00224 -0.05981 -0.02452 -0.01883 -0.00035
-0.01451 -0.00902 -0.08792 -0.06061 -0.00307 +0.07472
-0.00699 -0.01668 -0.03674 -0.06209 +0.04330 -0.04544
-0.01711 -0.00335 -0.07371 -0.02379 -0.02788 +0.05288
-0.00968 -0.01809 -0.01781 -0.04094 -0.05326 +0.08491
-0.03976 -0.00575 -0.02637 +0.01655 -0.04277 +0.10679
-0.15556 +0.20148 -0.00476 +0.03766 -0.04786 -0.04138
+0.03131 +0.06672 -0.01477 -0.04300 +0.03050 -0.00775
+0.06576 +0.07234 +0.02964 -0.04003 -0.08688 +0.03250
+0.04797 +0.06516 +0.01698 -0.03044 -0.01256 +0.04485
+0.06218 +0.04590 +0.06391 -0.05438 -0.03992 +0.05114
+0.05951 +0.05990 +0.00759 -0.02233 -0.05250 +0.09454
+0.07141 +0.05147 +0.03017 -0.04530 +0.01126 +0.05582
+0.05047 +0.06800 -0.04513 -0.00451 +0.01064 +0.09656
+0.07863 +0.04684 +0.00274 -0.05886 -0.09336 +0.08862
+0.06150 +0.03783 +0.05612 -0.03095 -0.07748 +0.08548
+0.10630 +0.01322 -0.00487 -0.00104 -0.09874 +0.15419
+0.10626 -0.03542 -0.04956 +0.03846 -0.14754 +0.07110
-0.02502 +0.06266 -0.05319 -0.11790 +0.08458 -0.05985
-0.04954 -0.06165 -0.13673 -0.08924 +0.08620 -0.07270
+0.00311 -0.09406 -0.13612 -0.04360 +0.00197 -0.05141
-0.01536 -0.08846 -0.02743 +0.00226 -0.09413 -0.04350
-0.03432 -0.05487 -0.07999 -0.01049 -0.04284 -0.04363
-0.01976 -0.07288 -0.05592 -0.01151 -0.08279 -0.11056
-0.02762 -0.07342 -0.10564 -0.03842 -0.04948 -0.08248
+0.00452 -0.02946 -0.13107 -0.06071 -0.02707 -0.13039
-0.02339 +0.10728 -0.01682 +0.03660 +0.00048 -0.21156
+0.05025 +0.04801 +0.07586 -0.06099 -0.04378 -0.14760
+0.05690 +0.05973 +0.06093 -0.02615 -0.11832 -0.09775
+0.03581 +0.05601 +0.01667 -0.01978 -0.10595 -0.08599
+0.04994 +0.07655 -0.08682 -0.02757 -0.14516 -0.09770
+0.11618 -0.02578 -0.02777 -0.01419 -0.15592 -0.07429
+0.07615 -0.01017 -0.08192 -0.05464 -0.04805 -0.08880
+0.02887 -0.00110 +0.01236 -0.01645 -0.07829 -0.07917
+0.02953 +0.02182 -0.00974 -0.00435 -0.09947 -0.03573
+0.02855 +0.02416 -0.01296 -0.05123 -0.05096 -0.06124
+0.01869 +0.03207 -0.08927 -0.03982 -0.05564 -0.09338
+0.02330 +0.01734 -0.02340 +0.02539 -0.07013 -0.10087
+0.03703 +0.01763 -0.05610 -0.00453 +0.01554 -0.06749
-0.07794 +0.15476 -0.01115 +0.06191 -0.13418 -0.07635
+0.08108 +0.04071 +0.01692 -0.16079 +0.04133 -0.05740
+0.06087 +0.05582 +0.03609 -0.05472 -0.06573 -0.07019
+0.06987 +0.06283 -0.00599 +0.00138 -0.08582 +0.00017
+0.06955 +0.05399 +0.02544 -0.01884 -0.08270 +0.00029
+0.07323 +0.05054 +0.00570 -0.06000 -0.07216 -0.00653
+0.06438 +0.06156 -0.03880 -0.01056 -0.07357 -0.00373
+0.15514 -0.06368 -0.05271 +0.00319 -0.13149 -0.02712
+0.04039 +0.01299 -0.06709 -0.01992 -0.04958 +0.03983
+0.02710 +0.01433 -0.02335 -0.02432 -0.08844 +0.03782
+0.01837 +0.00996 -0.03241 -0.03100 -0.04361 -0.01671
+0.01550 +0.02097 -0.10859 -0.00127 +0.05457 -0.03874
+0.01382 +0.02730 -0.04398 +0.05093 -0.04671 -0.01517
+0.03611 +0.01755 -0.06760 -0.05753 +0.01878 -0.01555
+0.02050 +0.02914 -0.10296 +0.00336 -0.03961 +0.06361
+0.03159 +0.00930 -0.02745 -0.01294 -0.01239 -0.02198
+0.02026 +0.01198 -0.01081 +0.00674 -0.02652 +0.05693
+0.02738 +0.00265 -0.01790 -0.00402 -0.05518 +0.04189
+0.03030 +0.00949 -0.03631 -0.03584 -0.00757 +0.01023
+0.02471 +0.02070 -0.05790 +0.03190 -0.01784 -0.00793
+0.02716 +0.01002 +0.00103 +0.00709 -0.03417 +0.06284
-0.06354 +0.15593 -0.03087 -0.04703 +0.06105 -0.00004
+0.02496 +0.09350 -0.05461 -0.13644 +0.02850 -0.01893
+0.06491 +0.06115 +0.06783 -0.12797 -0.01944 -0.07339
+0.06359 +0.06768 +0.05204 -0.07971 -0.08449 +0.01277
+0.04381 +0.06661 +0.04797 -0.09006 -0.07494 +0.01181
+0.05576 +0.07477 -0.05149 -0.05355 -0.03350 +0.03042
+0.07002 +0.05614 +0.03153 -0.07912 +0.02665 +0.02314
+0.05873 +0.07999 -0.05194 -0.03503 +0.01494 +0.02848
+0.05835 +0.04226 +0.05967 -0.00401 -0.08478 +0.05299
+0.07567 +0.04874 +0.05397 -0.06542 -0.03198 +0.08942
+0.14759 -0.05168 -0.02168 -0.01516 -0.10350 +0.14170
+0.03903 +0.03131 -0.07674 -0.03112 +0.02333 +0.03234
+0.04339 +0.03942 -0.08889 -0.00747 +0.00112 +0.07228
+0.03374 +0.01979 -0.02383 -0.01431 +0.00191 +0.06530
+0.04175 +0.01046 -0.04289 -0.04687 +0.07030 +0.03386
+0.03481 +0.02562 -0.02186 -0.00625 -0.04079 +0.07366
-0.05336 +0.17939 -0.09109 -0.00893 +0.04203 -0.04381
+0.07583 +0.07792 -0.05737 -0.01218 +0.02512 -0.01565
+0.08726 +0.08060 +0.01220 +0.00482 -0.00949 -0.03663
+0.08203 +0.07532 -0.01322 -0.02728 -0.02722 -0.03672
+0.09147 +0.07680 -0.01012 -0.05034 -0.04303 -0.00173
+0.07755 +0.08647 -0.03075 -0.00083 -0.14748 -0.01372
+0.08602 +0.06976 -0.02266 -0.02919 -0.00968 +0.01764
+0.07329 +0.07647 -0.03091 -0.01890 -0.07982 +0.02250
+0.08482 +0.06520 -0.01781 -0.03297 -0.06627 +0.00370
+0.07922 +0.06200 -0.03714 -0.00021 -0.07245 +0.02916
+0.14654 -0.04618 -0.01875 -0.06540 -0.01763 +0.00977
+0.03931 +0.03789 -0.04186 +0.02602 -0.06141 -0.01763
+0.04432 +0.02724 -0.01665 -0.01633 -0.01162 -0.01613
+0.03325 +0.05627 -0.07430 +0.00658 -0.11190 +0.02447
+0.03906 +0.01514 +0.01229 -0.03945 -0.00757 -0.05148
+0.03324 +0.03755 -0.09189 -0.01691 -0.00625 +0.00566
+0.04475 +0.02918 -0.07514 -0.03298 +0.07161 -0.00396
+0.04829 +0.01569 -0.01633 +0.00570 -0.00190 +0.03178
