  347.86259 
  348.41041 
  347.98397 
  347.98209 
  347.52554 
  347.52332 
  333.94243 
  333.33459 
  332.80181 
  333.00049 
  335.58347 
  347.99416 
  347.20965 
  347.16094 
  347.06919 
  347.52090 
  347.27842 
  348.22764 
  347.65095 
  334.90311 
  332.92617 
  332.80545 
  332.92943 
  333.81909 
  334.70849 
  335.06579 
  335.06017 
  335.42862 
  335.52288 
  335.89210 
  335.35103 
  336.10872 
  335.67202 
  342.30439 
  350.57463 
  349.64334 
  349.31646 
  349.74778 
  349.90857 
  350.43143 
  350.37910 
  349.87287 
  349.94387 
  350.38848 
  349.79678 
  349.86374 
  349.73594 
  349.75424 
  350.19337 
  350.22397 
  350.14596 
  350.22364 
  340.78641 
  333.63263 
  334.60261 
  334.58758 
  335.32899 
  335.28453 
  336.89857 
  349.10128 
  348.83266 
  349.08228 
  349.59647 
  349.48162 
  349.53454 
  349.04811 
  349.18100 
  349.79482 
  336.90453 
  337.20692 
  337.43159 
  337.76710 
  337.80597 
  337.29567 
  347.04698 
  349.28039 
  348.81895 
  348.89677 
  349.31930 
  349.72021 
  349.48401 
  349.20690 
  350.16080 
  349.21776 
  349.12184 
  350.17260 
  349.87200 
  349.39619 
  350.04475 
  349.46097 
  350.07950 
  350.07705 
  349.85306 
  350.18202 
  350.17873 
  346.09388 
  333.55503 
  335.24518 
  335.29608 
  335.25963 
  336.12419 
  333.35950 
  345.65685 
  346.88471 
  340.97105 
  345.97451 
  349.51815 
  350.29281 
  351.35653 
  344.70352 
  312.96887 
  318.85517 
  319.39732 
  330.91718 
  344.41436 
  344.39517 
  344.35036 
  325.90555 
  318.12065 
  338.47787 
  349.76657 
  351.32898 
  352.54208 
  333.26954 
  318.12657 
  321.93806 
  322.11689 
  328.39743 
  344.68464 
  345.12744 
  345.38199 
  345.23714 
  345.54345 
  345.93041 
  345.64477 
  346.31478 
  346.39386 
  346.13367 
  346.42853 
  346.41921 
  346.32762 
  346.54990 
  346.87891 
  346.70818 
  347.02252 
  346.82658 
  347.29838 
  346.98742 
  347.08188 
  346.93357 
  346.84596 
  346.63926 
  346.96510 
  346.53578 
  347.32900 
  346.79506 
  345.68438 
  326.74182 
  327.48030 
  326.99774 
  326.79719 
  327.06819 
  327.69483 
  333.53886 
  346.91147 
  346.34961 
  346.72184 
  347.42425 
  347.15327 
  346.92461 
  347.10382 
  347.90085 
  347.61650 
  347.36715 
  347.22738 
  347.73594 
  348.05051 
  347.98070 
  347.33733 
  348.22234 
  347.81540 
  348.16907 
  348.03085 
  347.61054 
  348.01609 
  347.97414 
  348.24354 
  348.48815 
  348.38012 
  347.76104 
  347.99910 
  348.49541 
  347.63743 
  347.91176 
  348.05344 
  326.98704 
  323.49030 
  325.74978 
  325.45956 
  326.27069 
  326.53586 
  326.58419 
  325.95951 
  332.93839 
  347.20384 
  347.76920 
  345.00958 
  347.34372 
  351.95243 
  354.39296 
  354.42276 
  334.58072 
  333.30698 
  333.57161 
  333.92467 
  334.00869 
  333.54743 
  347.12545 
  349.54219 
  349.27296 
  349.54866 
  349.57673 
  349.93123 
  350.00806 
  350.17138 
  342.87061 
  334.21590 
  334.91935 
  335.19870 
  348.24968 
  348.92848 
  349.12092 
  349.27118 
  349.64533 
  349.44937 
  349.12789 
  349.27744 
  349.63288 
  349.61070 
  349.74180 
  349.55329 
  349.01924 
  337.74710 
  337.22166 
  336.91376 
  337.17817 
  337.05275 
  337.79684 
  337.76522 
  337.04893 
  346.50944 
  350.57516 
  350.29967 
  349.62468 
  350.45798 
  350.43427 
  350.56942 
  350.59657 
  350.54620 
  350.50621 
  350.40541 
  350.60971 
  350.66869 
  351.01647 
  350.55713 
  350.64256 
  350.33992 
  350.52464 
  350.08939 
  350.47298 
  350.35867 
  351.15918 
  350.55311 
  344.49471 
  337.55354 
  338.71936 
  337.60268 
  337.61137 
  337.81959 
  345.47957 
