-0.09216 -0.02708 -0.00802 +0.07394 -0.12674 -0.00972
-0.10108 -0.01153 -0.04508 +0.03894 -0.03929 +0.04660
-0.09576 -0.01321 -0.02225 +0.01327 -0.06142 -0.04988
-0.09519 -0.00864 -0.05189 +0.00633 -0.00202 -0.02247
-0.09735 -0.00552 +0.01840 +0.04875 -0.12021 -0.04563
-0.10131 -0.01575 -0.06807 +0.03537 -0.10450 -0.04917
-0.05920 -0.23143 -0.01456 +0.09795 -0.04797 +0.01130
-0.05258 -0.01991 -0.03192 +0.00356 +0.00545 -0.00730
-0.06505 -0.03883 -0.08249 -0.04841 +0.03440 +0.03783
-0.05916 -0.01490 -0.08019 -0.03850 -0.07677 -0.00619
-0.06269 -0.00355 -0.08128 -0.05540 +0.05749 +0.04985
-0.09973 +0.16323 -0.02882 -0.05989 -0.07593 +0.00812
-0.10377 -0.00896 -0.03875 -0.02363 -0.01902 +0.02486
-0.09820 -0.00174 -0.01377 +0.00934 -0.07588 -0.02927
-0.09836 -0.01952 -0.01930 +0.03283 -0.03483 -0.02527
-0.09835 +0.01105 -0.02734 +0.00790 -0.01920 -0.01054
-0.09911 -0.01707 -0.01446 +0.02740 +0.00188 -0.02259
-0.10060 -0.01243 +0.01393 +0.02717 +0.05889 +0.03166
-0.10352 -0.01074 +0.04786 +0.02362 +0.04632 +0.03972
-0.06155 -0.23227 -0.00653 +0.19375 +0.01441 +0.04322
-0.06216 -0.07806 -0.12069 -0.02278 +0.08846 +0.09927
-0.06000 -0.00850 -0.01952 +0.02009 +0.04762 +0.06779
-0.06470 -0.03516 -0.09160 -0.02521 -0.04103 +0.12534
-0.05521 -0.04081 -0.03557 -0.00592 +0.02392 +0.08531
-0.05573 -0.03188 -0.08609 +0.00205 +0.01464 +0.04326
-0.05872 -0.04685 -0.12911 -0.04296 +0.03073 +0.06464
-0.05684 -0.02812 -0.13694 -0.00660 -0.01629 +0.01153
-0.05438 -0.03513 -0.10169 -0.03162 -0.03447 +0.06065
-0.05052 -0.04688 -0.06714 +0.00458 +0.03748 +0.02185
-0.05346 -0.04215 -0.15643 -0.03537 +0.05083 +0.03284
-0.06559 -0.03698 -0.15508 -0.05352 -0.06416 +0.10419
-0.05331 -0.02228 -0.05073 +0.03346 -0.10677 +0.01650
-0.05464 -0.07354 -0.17788 -0.02228 +0.07021 +0.01966
-0.06542 +0.08227 -0.08363 -0.04353 -0.05453 -0.01909
-0.09764 +0.08513 +0.02351 -0.04738 -0.00552 +0.12007
-0.09463 -0.02173 -0.03919 -0.01932 -0.06923 +0.04341
-0.09430 -0.00806 +0.07380 +0.06641 -0.08411 +0.05531
-0.09124 -0.03944 -0.09265 +0.00468 -0.03549 -0.02205
-0.09730 -0.01549 -0.07070 -0.00912 -0.11446 +0.00973
-0.09442 -0.02759 -0.01709 +0.00274 +0.04879 +0.04939
-0.09608 -0.03596 +0.03794 +0.03193 +0.00735 +0.03796
-0.10021 -0.01838 +0.01195 +0.03527 -0.00589 +0.10141
-0.09154 -0.04526 -0.06405 +0.04838 +0.03974 -0.00842
-0.09582 -0.03278 -0.00550 -0.00112 -0.08729 +0.00962
-0.09023 -0.02404 +0.05191 +0.09598 +0.06123 +0.03789
-0.09955 -0.04553 -0.08149 -0.01069 +0.01515 +0.06236
-0.09561 -0.00296 -0.08012 +0.03311 -0.08278 +0.00729
-0.08157 -0.03110 -0.04614 +0.07992 +0.00648 -0.06604
-0.08970 -0.02253 +0.02697 +0.09223 -0.02260 -0.01594
-0.10314 -0.03726 +0.04589 +0.03857 +0.00104 +0.08926
-0.09990 -0.03204 +0.00356 +0.05854 -0.02642 +0.05440
-0.10278 -0.05291 -0.05031 +0.01579 -0.02144 +0.07145
-0.05869 -0.11141 -0.01681 +0.04768 +0.01482 +0.02932
-0.02880 -0.13975 +0.04555 -0.04341 -0.03544 +0.06269
-0.02729 -0.04217 -0.13154 -0.14174 +0.00359 -0.00887
-0.02477 -0.01544 -0.00979 -0.06513 -0.07038 -0.01607
-0.02967 -0.03368 -0.05602 -0.07985 -0.13864 -0.01184
-0.02862 -0.04801 +0.02413 -0.07664 -0.06463 +0.04548
-0.03174 -0.01102 -0.15419 -0.08694 +0.05121 +0.00083
-0.08097 +0.10142 +0.00344 -0.09758 +0.01683 +0.06283
-0.07795 +0.01825 +0.03210 -0.00881 -0.07924 +0.05719
-0.08165 -0.01246 +0.01352 -0.05509 -0.01250 +0.05678
-0.08752 -0.00507 -0.07336 -0.05351 -0.11292 +0.01055
-0.08545 -0.01217 -0.01389 -0.03424 -0.00690 +0.05292
-0.08259 -0.01508 +0.01438 -0.00295 -0.00221 +0.01310
-0.07650 -0.01491 -0.08002 -0.04915 -0.00575 -0.02582
-0.09370 -0.00207 +0.01619 -0.02449 -0.04872 +0.11079
-0.07083 -0.02055 +0.02663 +0.03343 -0.04070 -0.05635
-0.04024 -0.19081 +0.00806 +0.01812 -0.02487 +0.03378
-0.03886 -0.03611 -0.03202 -0.07564 +0.02412 +0.03954
-0.03571 -0.01788 -0.03013 -0.04118 -0.00948 -0.00299
-0.03997 -0.04032 -0.06068 -0.06507 +0.02499 +0.02799
-0.03797 -0.05036 -0.06079 -0.05666 +0.01892 +0.03997
-0.03145 -0.04355 -0.09722 -0.07425 +0.02598 -0.05180
-0.08197 +0.12797 -0.03049 -0.10283 -0.03329 +0.09726
-0.08480 +0.01136 -0.00571 -0.07419 -0.06345 +0.09040
-0.07682 -0.01399 +0.05548 +0.01180 -0.00675 +0.06259
-0.06968 -0.00141 -0.03571 -0.01429 -0.07209 -0.04071
-0.07739 -0.02753 -0.02584 -0.02953 -0.06960 +0.03804
-0.07942 -0.01203 +0.02160 -0.04344 -0.00851 +0.06774
-0.07812 -0.02646 +0.03364 -0.01094 -0.02510 +0.04706
-0.07629 -0.00857 -0.01545 -0.02825 -0.03520 +0.01282
-0.07748 -0.01805 +0.03879 +0.00072 -0.00122 +0.03217
-0.07210 -0.01677 +0.06790 +0.00743 +0.00261 +0.01514
-0.07608 -0.02161 +0.05179 -0.00244 -0.08177 +0.01662
-0.07382 -0.04378 -0.06462 -0.03619 -0.01603 -0.00831
-0.08230 +0.00666 +0.03634 -0.01427 -0.02094 +0.06664
-0.08116 -0.02336 +0.03478 +0.02082 -0.03292 +0.05115
-0.07825 -0.00967 +0.00094 +0.00833 -0.06477 +0.03415
-0.07444 -0.02877 -0.00169 +0.02172 -0.07243 -0.00699
-0.07600 -0.01113 +0.04628 +0.00901 -0.06094 +0.00375
-0.08252 -0.02887 +0.02284 +0.00899 -0.09156 +0.04315
-0.08781 -0.01683 -0.03465 -0.01828 -0.07989 +0.07595
-0.07995 -0.03120 -0.01211 -0.01789 -0.00117 +0.02165
-0.08096 -0.00596 +0.00565 -0.01167 -0.08917 +0.02576
-0.06726 -0.04276 -0.00992 +0.06653 -0.09391 -0.05667
-0.02578 -0.21662 -0.05082 -0.06575 -0.04866 +0.03612
-0.02004 -0.00315 -0.01886 -0.11260 -0.07354 -0.03047
-0.02019 -0.02795 -0.03359 -0.07516 -0.10855 -0.00242
-0.01874 -0.03481 +0.03831 -0.07970 -0.04427 -0.03976
-0.02231 -0.04545 +0.02721 -0.12041 -0.07297 -0.01479
-0.01768 -0.03867 -0.03905 +0.01273 -0.06368 -0.06471
-0.03367 +0.13387 +0.05832 -0.11325 -0.11335 +0.06787
-0.03028 +0.05060 +0.05110 -0.08280 -0.15027 -0.00729
-0.01790 -0.03294 +0.05733 +0.17689 -0.12960 +0.00781
-0.14299 +0.02197 +0.00409 +0.10148 +0.09015 -0.05485
-0.15374 +0.09464 +0.00526 +0.03639 +0.12767 +0.00370
-0.15909 +0.06322 +0.06123 -0.00185 +0.13746 +0.04933
-0.10149 +0.10190 +0.12275 -0.05189 +0.07059 +0.11447
-0.02626 +0.04120 +0.18590 -0.04614 -0.26231 -0.04989
+0.03880 -0.26672 +0.20746 +0.05092 +0.11241 +0.19556
+0.02607 -0.01435 +0.04582 -0.10621 -0.00529 +0.13085
+0.03350 -0.01096 +0.07902 -0.06651 -0.07105 +0.04220
+0.01084 +0.04017 +0.06031 -0.11255 -0.07292 +0.03827
-0.00396 +0.06166 +0.08965 -0.04660 -0.06597 +0.06372
-0.00326 +0.01918 +0.03814 -0.00144 -0.09565 +0.05290
-0.00346 -0.01083 +0.04888 -0.02481 -0.06167 +0.06422
+0.02078 -0.05474 +0.16605 -0.06197 -0.11478 +0.04926
+0.04301 -0.10511 +0.12891 -0.10395 -0.01211 +0.07245
-0.09045 +0.10659 -0.04699 +0.15363 +0.06951 +0.16101
-0.13855 +0.15130 +0.08162 +0.05728 +0.00164 -0.07780
-0.13473 +0.05770 +0.06474 +0.05666 +0.00360 -0.10396
-0.13668 +0.06054 +0.06650 +0.06246 +0.02493 -0.11105
-0.03702 -0.06566 +0.04067 +0.01321 +0.03076 +0.06412
+0.03211 -0.17107 +0.01985 -0.06461 +0.07400 +0.15307
+0.02713 -0.01152 -0.01090 -0.15178 -0.00541 +0.09754
+0.03010 -0.01721 +0.03670 -0.11876 -0.01444 +0.09202
+0.01864 +0.01481 -0.06122 -0.12528 -0.03848 +0.09819
+0.00294 +0.07541 -0.04321 -0.10801 +0.00682 +0.05356
+0.00537 +0.03523 +0.01264 +0.01429 -0.01741 +0.06294
-0.00304 -0.00617 +0.04618 -0.02137 -0.02339 +0.09972
+0.00403 +0.01946 +0.01379 +0.01359 +0.01074 +0.04973
-0.00070 -0.02908 +0.02440 -0.01054 +0.03512 +0.08589
+0.00056 +0.00780 -0.02619 -0.03053 -0.06085 -0.01075
-0.00304 +0.01214 +0.02906 +0.01380 -0.04630 +0.06410
+0.00301 +0.00625 +0.01962 +0.06463 -0.03268 +0.04460
-0.00342 -0.02181 +0.01723 +0.01117 -0.03654 +0.06005
+0.00480 +0.01017 -0.03212 +0.04537 -0.06225 -0.02861
-0.00143 -0.01300 +0.00095 +0.01276 -0.02283 +0.02991
+0.00459 -0.01814 -0.03181 +0.00890 -0.02266 -0.06548
+0.00000 +0.00000 +0.00000 +0.00000 +0.00000 +0.00000
-0.00357 -0.00529 -0.03346 -0.01639 -0.07349 -0.00864
+0.00152 -0.00158 +0.06792 +0.03631 -0.01557 -0.01050
-0.00006 -0.02951 +0.01199 -0.00144 +0.00747 -0.00766
+0.00039 +0.01793 +0.06046 +0.03981 -0.04183 +0.01223
-0.00714 -0.01451 +0.04056 +0.04028 +0.01816 +0.05067
+0.00362 -0.00677 -0.00923 +0.04241 -0.02639 -0.06916
-0.00024 -0.01743 -0.05275 -0.01353 -0.09644 -0.04370
-0.00598 -0.00724 -0.00877 -0.03138 -0.02985 +0.00684
-0.00754 +0.01417 +0.03078 -0.00485 -0.02940 +0.06372
-0.00486 -0.01066 +0.01658 +0.01146 -0.03908 +0.00928
-0.00282 +0.00541 +0.03991 -0.00003 -0.07635 -0.01707
-0.00724 +0.00525 +0.06205 -0.00640 -0.09445 +0.04935
-0.00875 +0.00339 +0.07078 +0.01252 -0.02620 +0.05423
-0.00348 -0.01899 -0.05159 -0.00578 +0.02492 -0.03106
-0.00902 +0.00849 -0.03305 -0.02285 -0.03466 -0.01179
-0.00502 +0.00379 -0.00869 -0.00501 -0.06566 -0.03251
+0.03425 -0.20093 +0.10533 -0.06892 -0.07311 +0.02072
+0.03362 -0.04071 -0.00315 -0.11083 -0.07646 -0.00119
+0.03915 -0.04685 +0.02891 -0.05771 -0.02971 -0.03474
+0.03865 -0.06752 -0.02007 -0.08625 -0.08951 -0.03305
+0.03941 -0.05635 -0.05271 -0.07271 -0.00631 -0.02646
+0.04030 -0.05660 +0.04462 -0.05987 -0.04056 -0.02166
+0.01403 +0.02066 -0.00060 -0.13184 +0.01150 +0.03962
-0.00074 +0.09932 +0.02373 -0.03945 +0.02608 +0.01947
-0.00346 -0.00656 +0.05615 -0.00882 +0.02747 +0.03402
-0.00539 +0.00778 +0.01292 -0.03474 -0.00190 +0.03251
-0.00109 +0.00422 +0.05916 +0.01805 -0.01610 +0.01844
-0.00217 -0.00520 +0.05209 +0.00361 +0.00808 -0.02658
-0.00241 -0.00573 -0.00701 -0.01136 +0.02268 -0.02116
-0.00372 +0.00341 +0.08127 -0.02180 -0.03742 -0.00059
-0.00467 -0.01016 +0.01530 -0.00373 +0.01342 -0.04419
-0.01043 +0.01565 +0.08354 -0.03209 -0.03614 +0.04880
-0.00583 +0.00167 +0.00582 +0.00051 -0.04293 -0.02497
-0.00978 +0.00965 +0.02327 -0.02879 -0.02450 -0.00689
-0.00350 -0.00109 +0.04023 +0.03076 +0.04078 +0.01103
-0.00379 -0.00377 +0.00807 +0.02618 -0.07313 -0.03924
-0.00574 -0.01030 +0.08199 -0.00199 -0.01083 -0.02742
-0.00689 -0.01224 +0.04831 -0.01359 -0.04429 -0.01994
-0.00716 +0.01367 +0.02157 +0.02026 -0.00400 -0.01337
-0.00781 -0.01022 +0.02734 -0.01294 +0.01839 -0.01368
-0.00757 -0.00853 +0.10697 +0.03447 -0.04772 -0.03374
-0.00444 +0.00786 +0.04575 +0.02831 -0.02959 -0.03848
-0.00912 -0.01865 +0.00061 -0.01278 -0.02096 -0.01582
-0.01208 -0.01189 +0.07845 -0.01752 -0.03451 +0.01547
-0.00568 -0.00324 +0.02401 +0.00284 -0.00514 -0.04102
-0.00877 -0.00468 +0.12280 +0.03664 -0.04057 -0.02526
-0.00625 -0.01704 +0.08257 +0.02149 -0.02224 -0.04089
-0.00589 +0.00401 +0.02053 +0.05170 -0.03457 -0.01426
-0.01479 -0.02514 +0.08453 +0.00633 -0.04120 +0.00892
-0.00547 -0.00159 +0.00514 +0.02465 -0.01730 -0.04674
-0.01451 -0.01510 +0.03476 -0.01863 -0.04631 +0.00612
-0.01667 -0.01838 +0.10487 -0.01878 -0.05519 +0.02036
-0.00908 -0.01108 +0.05288 +0.02930 -0.00726 -0.00398
-0.00522 +0.00055 +0.04421 +0.04365 -0.04808 -0.00506
+0.03094 -0.18673 +0.05342 -0.03260 -0.08077 -0.04705
+0.03319 -0.12120 +0.06478 -0.10750 +0.10480 +0.03238
+0.04015 -0.01725 +0.07827 -0.10616 +0.03957 -0.06508
+0.03520 -0.05207 +0.03171 -0.13197 -0.00327 -0.00724
+0.03713 -0.03798 -0.01824 -0.12099 +0.01162 -0.05115
+0.03488 -0.06147 -0.00431 -0.10978 +0.00789 -0.03389
+0.04092 -0.03883 +0.02514 -0.05810 -0.02736 -0.04688
+0.03912 -0.06720 -0.02952 -0.10077 +0.03946 -0.05739
+0.01124 +0.04439 +0.06354 -0.15069 +0.03112 +0.08947
-0.00957 +0.09125 -0.01897 -0.09389 -0.05043 -0.03124
-0.00723 +0.01287 +0.02233 -0.04260 -0.01218 -0.03354
-0.00594 -0.02771 -0.00305 +0.02039 -0.00041 +0.06644
-0.13856 +0.03130 -0.02647 +0.00218 +0.23889 +0.05203
-0.14509 +0.12671 +0.04048 -0.02673 +0.00674 -0.09319
-0.12992 +0.08495 +0.11002 +0.06542 +0.03926 -0.15292
-0.13251 +0.02277 +0.07682 +0.02545 +0.08181 -0.14130
-0.03543 -0.17445 +0.06684 +0.02081 +0.10863 +0.01184
-0.01744 -0.10931 +0.09556 -0.10734 +0.10733 +0.05910
-0.01374 -0.00214 +0.03564 -0.09040 +0.03754 -0.03267
-0.00931 -0.01791 +0.01965 -0.09068 +0.06284 -0.02061
-0.00784 -0.02498 -0.00619 -0.07442 +0.00157 -0.06868
-0.00749 -0.02437 -0.00626 -0.07234 +0.05122 -0.08913
-0.04769 +0.15785 +0.01081 -0.12475 +0.08830 +0.00306
-0.04929 +0.01873 +0.12880 -0.06705 +0.03292 -0.04310
-0.04822 -0.00380 -0.00934 -0.04527 +0.06977 -0.06463
-0.05184 -0.02162 +0.04385 -0.03855 +0.04178 -0.03572
-0.04659 -0.01450 +0.10699 -0.04680 +0.05540 -0.06970
-0.04644 -0.00068 +0.02690 -0.04153 +0.00452 -0.07336
-0.04882 -0.02886 -0.00753 -0.07830 +0.09405 -0.07545
-0.05201 -0.01133 +0.03101 -0.09507 +0.05361 -0.06230
-0.03162 -0.07998 +0.07551 -0.02762 -0.00619 -0.09922
-0.01860 -0.12928 +0.02285 -0.06778 +0.02020 -0.05755
-0.00968 -0.04651 -0.04952 -0.12913 -0.03124 -0.13189
-0.00822 -0.00614 -0.07209 -0.03745 +0.06907 -0.11167
-0.05759 +0.12113 +0.03782 -0.17644 +0.13395 +0.03944
-0.04905 +0.00297 -0.00815 -0.05615 +0.06329 -0.05540
-0.05444 +0.01580 +0.12638 -0.05160 +0.09236 +0.00741
-0.05569 -0.02434 +0.13533 -0.06358 +0.09310 -0.00433
-0.05803 -0.01147 +0.06982 -0.08809 -0.00228 -0.01955
-0.04963 -0.00903 +0.04694 -0.02642 -0.01362 -0.07708
-0.05925 -0.01282 +0.05696 -0.06044 +0.11743 +0.02357
-0.05246 -0.01159 +0.00469 -0.07727 +0.07832 -0.04551
-0.05340 +0.00511 +0.12335 -0.02757 +0.06736 -0.02015
-0.05638 -0.02793 -0.00156 -0.05941 +0.03927 -0.04626
-0.05306 +0.00174 +0.03381 -0.01337 +0.08068 -0.03208
-0.04455 +0.00065 +0.04532 +0.01816 +0.02571 -0.12026
-0.05707 -0.02856 +0.06580 -0.03133 +0.05957 +0.00398
-0.01736 -0.20401 +0.01186 -0.02627 +0.11274 -0.07309
-0.01502 -0.00735 +0.03686 -0.06604 -0.01956 -0.09049
-0.01104 -0.04395 -0.01250 -0.02860 +0.03499 -0.13788
-0.01797 -0.01386 -0.02763 -0.05603 -0.02618 -0.07944
-0.02367 -0.04354 +0.01180 -0.05337 -0.00104 -0.03597
-0.01899 -0.03489 -0.02565 -0.07087 -0.01194 -0.08620
-0.01836 -0.03001 -0.07695 -0.06749 -0.04165 -0.14829
-0.01518 -0.01742 -0.03283 -0.01412 -0.04229 -0.13394
-0.04780 +0.10182 -0.04340 -0.10177 +0.02894 -0.06172
-0.05886 +0.03380 +0.00889 -0.05718 +0.02728 -0.05203
-0.05954 -0.00198 +0.07076 +0.00089 -0.01744 -0.02309
-0.05787 -0.02930 +0.01176 -0.00706 +0.07874 -0.05243
-0.06364 -0.02426 +0.01955 -0.06333 +0.02730 -0.03944
-0.06373 -0.00029 +0.07891 -0.03773 -0.05519 -0.05388
-0.06142 -0.04367 +0.00755 -0.04218 +0.09443 -0.06490
-0.06232 -0.01230 -0.00142 -0.05965 +0.06467 -0.02616
-0.06847 -0.00975 +0.13486 -0.02262 +0.03252 +0.01090
-0.06804 -0.05050 +0.02474 -0.02173 +0.03388 -0.03009
-0.06054 -0.01682 +0.12685 +0.03331 +0.06492 -0.05368
-0.06312 -0.01917 -0.01444 -0.01810 +0.01101 -0.05212
-0.06040 -0.03131 +0.10126 +0.02415 +0.01328 -0.04707
-0.06021 -0.01751 +0.02809 +0.01275 +0.03535 -0.06201
-0.06804 -0.02751 -0.00787 -0.04426 +0.06287 -0.01899
-0.06693 -0.00553 +0.01188 -0.00212 -0.03068 -0.02065
-0.06565 -0.01682 -0.05542 +0.00227 +0.01953 -0.02725
-0.06644 -0.02714 +0.01345 +0.03228 +0.03479 -0.02347
-0.06402 -0.02177 -0.04508 +0.01276 -0.02486 -0.07979
-0.06690 -0.00811 +0.01398 +0.02236 +0.01066 -0.02415
-0.06451 -0.05747 +0.04838 +0.02241 +0.00324 -0.06997
-0.06268 -0.02807 -0.06355 -0.00464 +0.07700 -0.06177
-0.06922 -0.00480 -0.00490 +0.01178 -0.09210 -0.02848
-0.03269 -0.11918 -0.00536 -0.00626 +0.02275 -0.14930
-0.00980 -0.12598 +0.03214 -0.04644 -0.00403 -0.10284
-0.01068 -0.03420 +0.00230 -0.09363 -0.05307 -0.15383
-0.01082 -0.03537 +0.03197 -0.04175 -0.02076 -0.12205
-0.01679 -0.04202 +0.06130 -0.02730 -0.03263 -0.06382
-0.01016 -0.05748 -0.04230 -0.04000 -0.05899 -0.15201
-0.07072 +0.10518 +0.07311 -0.20737 -0.02959 +0.06242
