  358.20293 
  358.67081 
  359.29372 
  359.32047 
  359.32151 
  363.74423 
  368.08436 
  367.88117 
  367.38896 
  367.79223 
  367.84902 
  367.73018 
  367.45279 
  367.64292 
  367.91359 
  368.04145 
  367.87621 
  368.18808 
  367.80866 
  368.47991 
  368.08020 
  368.26689 
  368.31295 
  367.99673 
  368.26187 
  368.54297 
  368.58341 
  367.49993 
  358.55836 
  359.89825 
  359.25218 
  359.65982 
  359.55837 
  359.73951 
  359.85860 
  359.81205 
  359.58049 
  360.08418 
  365.52974 
  369.52786 
  369.71080 
  369.24704 
  368.99865 
  369.61360 
  369.12240 
  369.08521 
  368.75666 
  369.21788 
  368.83258 
  369.02218 
  368.61051 
  368.63212 
  362.36709 
  359.18742 
  359.49840 
  358.94632 
  359.49932 
  367.13314 
  369.41121 
  368.89804 
  368.73829 
  368.61478 
  368.86112 
  368.33109 
  369.00046 
  368.88898 
  368.87721 
  368.61084 
  368.42128 
  369.00830 
  368.62540 
  369.11845 
  368.64772 
  368.86673 
  368.84094 
  366.76800 
  367.63046 
  366.91108 
  366.99135 
  366.89002 
  367.53235 
  360.59797 
  348.58469 
  368.67114 
  367.32612 
  368.02775 
  368.50578 
  368.81735 
  361.29891 
  356.31755 
  357.79831 
  357.97719 
  358.61576 
  358.19068 
  358.34706 
  358.75499 
  364.35657 
  368.75040 
  368.52142 
  368.63652 
  368.29664 
  368.78853 
  369.13454 
  368.93006 
  368.48623 
  369.04357 
  368.67451 
  369.04162 
  369.19478 
  368.61825 
  368.88041 
  368.68487 
  369.46583 
  369.23973 
  369.45135 
  368.89115 
  368.85591 
  369.75062 
  354.35080 
  357.27189 
  357.55732 
  348.82879 
  364.36146 
  367.15309 
  366.65911 
  367.22491 
  368.07519 
  369.05415 
  369.59883 
  369.83715 
  370.15491 
  355.94792 
  358.61752 
  358.60218 
  358.83601 
  358.62471 
  358.01037 
  367.89764 
  368.55379 
  368.50009 
  368.97240 
  356.27500 
  357.70380 
  357.62766 
  357.39085 
  367.74329 
  369.08059 
  368.97378 
  368.34678 
  368.61384 
  368.85570 
  368.91658 
  368.47650 
  368.90692 
  369.30432 
  369.56966 
  369.43851 
  369.03015 
  368.90908 
  369.12237 
  368.91662 
  368.98814 
  369.19321 
  369.16939 
  368.99452 
  369.31166 
  369.37409 
  369.01674 
  362.22981 
  357.86670 
  358.36946 
  358.09497 
  358.44223 
  358.64278 
  358.01748 
  357.62955 
  357.86587 
  358.03288 
  373.31796 
  371.81536 
  370.68688 
  370.90634 
  370.22853 
  370.19748 
  370.44306 
  370.76166 
  370.74021 
  370.90415 
  370.34375 
  370.57391 
  369.79908 
  369.66452 
  369.58494 
  370.01026 
  369.59785 
  363.20045 
  369.63668 
  368.08224 
  368.17493 
  368.29370 
  367.77302 
  367.96345 
  367.52057 
  367.85353 
  368.06178 
  367.70394 
  367.55917 
  367.41950 
  367.27307 
  367.61841 
  367.69830 
  361.81780 
  355.99868 
  357.85310 
  358.41969 
  358.41729 
  358.37731 
  358.09601 
  358.03399 
  363.41733 
  369.20390 
  368.96468 
  368.52026 
  368.30411 
  368.10045 
  368.56471 
  368.44738 
  368.62299 
  368.61030 
  368.41199 
  367.80288 
  368.37979 
  368.41326 
  369.10682 
  368.06386 
  367.83646 
  368.27330 
  367.53874 
  367.77419 
  367.62738 
  368.24537 
  367.98342 
  367.96401 
  368.15585 
  367.92411 
  368.14739 
  368.16401 
  360.95217 
  361.30041 
  361.59820 
  361.72495 
  361.20028 
  362.02948 
  361.89500 
  361.30292 
  366.12797 
  370.07283 
  369.77695 
  369.76235 
  369.88252 
  369.57698 
  369.77004 
  369.26599 
  359.41806 
  359.70937 
  359.90240 
  359.69469 
  350.90110 
  368.57189 
  367.67961 
  368.89850 
  368.36435 
  369.57308 
  355.77347 
  358.86182 
  359.45683 
  359.43992 
  358.70704 
  358.22709 
  359.65683 
