-0.06760 -0.04571 -0.02023 -0.01020 +0.02226 +0.09626
-0.04439 -0.05602 +0.01326 -0.05312 -0.01800 +0.04244
-0.06736 -0.04466 -0.00929 -0.03470 +0.02225 +0.00134
-0.05810 -0.05373 -0.03723 -0.04355 +0.05551 +0.07462
-0.07127 -0.05107 +0.02967 -0.01818 -0.05701 +0.04185
+0.00957 -0.07256 -0.04988 -0.03377 -0.02608 +0.04981
-0.00645 -0.02700 -0.08517 -0.02009 +0.00646 +0.02182
-0.04120 +0.00622 -0.06021 -0.04196 +0.02076 -0.01395
-0.04783 +0.01238 -0.02912 +0.00453 -0.04991 -0.03010
-0.03109 -0.00152 -0.08429 -0.08244 +0.04419 -0.01525
-0.05334 +0.01695 -0.02356 -0.00330 -0.03260 -0.01362
-0.04213 +0.01791 -0.06697 -0.03663 +0.02808 -0.05332
-0.04576 +0.02276 -0.02686 -0.03046 -0.01568 -0.03728
-0.04069 +0.01977 -0.04879 -0.07880 +0.02882 -0.01580
-0.04979 +0.02531 -0.05009 -0.06135 +0.04440 -0.01178
-0.05168 +0.02183 -0.04247 -0.08681 +0.02523 -0.05855
-0.05091 +0.03213 -0.06775 -0.01820 +0.03494 -0.02612
-0.05315 +0.02395 -0.05126 -0.04826 +0.03792 +0.01478
-0.05434 +0.03170 -0.03680 -0.03662 +0.00019 -0.04198
-0.03726 +0.01407 -0.01040 -0.06844 -0.03160 -0.02148
-0.05625 +0.02487 -0.03103 -0.06572 -0.00455 -0.05781
-0.03113 +0.01895 -0.01815 -0.07826 +0.00462 -0.01519
-0.05974 +0.03197 -0.04783 -0.00984 +0.02059 -0.01162
-0.04159 +0.02479 +0.02941 -0.06690 -0.07330 -0.04356
-0.03908 +0.01773 -0.03987 -0.08512 +0.02223 -0.00673
-0.04520 +0.02349 -0.03028 -0.03073 -0.00872 -0.03905
-0.04669 +0.02551 +0.01350 -0.02571 -0.06080 -0.01905
-0.04544 +0.02478 -0.09295 -0.04465 +0.07720 +0.03959
-0.19933 +0.04684 +0.10157 +0.02993 -0.02181 -0.10974
-0.07593 -0.05913 -0.01925 -0.00725 +0.01432 -0.06476
-0.06539 -0.06987 +0.04083 -0.04736 -0.07390 +0.01078
-0.08165 -0.05692 +0.02844 +0.00514 -0.06668 +0.00422
-0.06202 -0.06851 +0.07452 -0.02047 -0.12718 +0.03682
-0.06248 -0.06877 +0.04917 -0.02806 -0.09830 +0.02726
-0.08080 -0.05524 +0.02394 -0.00769 -0.04854 -0.03205
-0.07284 -0.05443 -0.02948 -0.05701 +0.03867 +0.02208
-0.08002 -0.04899 +0.05594 -0.02629 -0.08101 +0.02045
-0.07233 -0.05915 +0.03268 -0.06579 -0.02493 +0.07288
+0.00573 -0.06716 -0.01547 -0.00950 -0.08700 +0.01829
+0.00925 -0.02862 -0.03842 -0.04060 -0.06113 -0.00086
-0.04564 +0.01666 -0.05204 +0.00391 -0.00074 +0.01223
-0.03837 +0.01867 -0.03786 +0.00675 -0.02919 -0.01386
-0.03411 +0.01979 +0.00615 -0.03054 -0.05604 +0.01362
-0.04346 +0.02893 -0.05661 -0.00978 +0.01633 -0.03565
-0.04145 +0.03013 +0.00013 -0.01768 -0.03266 -0.00328
-0.03661 +0.02692 -0.04056 -0.07839 +0.03104 -0.05061
-0.03407 +0.03374 +0.01322 -0.06691 -0.03151 -0.00972
-0.02779 +0.02770 -0.03769 -0.08165 +0.04562 +0.00747
-0.06602 +0.05262 -0.05375 +0.02272 +0.01943 -0.01351
-0.03618 +0.03326 -0.05459 -0.10274 +0.07398 -0.00220
-0.04993 +0.04026 +0.05454 -0.06168 -0.09699 -0.02107
-0.02930 +0.02288 -0.01870 -0.08122 -0.01801 -0.00320
-0.10440 +0.02968 +0.04160 -0.05046 +0.02483 -0.07108
-0.15078 -0.01553 +0.01146 -0.00731 +0.05631 -0.03070
-0.07861 -0.07578 -0.05006 -0.05208 +0.06159 -0.00611
-0.08783 -0.06624 +0.01053 -0.01544 -0.00285 -0.02879
-0.08117 -0.07433 +0.05240 +0.00377 -0.08849 -0.02552
+0.02588 -0.10004 -0.07809 -0.03799 -0.04362 -0.05131
-0.00486 -0.03734 -0.03284 -0.01903 -0.05169 +0.00461
-0.05061 +0.00301 -0.04784 -0.01320 +0.00234 -0.05785
-0.04194 +0.00279 -0.06506 -0.01473 +0.02033 -0.01148
-0.05489 +0.01385 -0.00172 +0.00138 -0.04559 -0.05777
-0.05225 +0.00886 -0.06252 -0.02367 +0.03088 -0.05830
-0.04669 +0.01366 -0.01551 +0.02455 -0.05054 -0.01192
-0.04102 +0.01153 -0.05894 -0.03402 +0.03308 -0.03160
-0.05015 +0.01421 +0.00360 -0.03618 -0.04151 -0.00442
-0.03591 +0.01649 -0.06224 -0.06229 +0.05552 -0.04812
-0.04901 +0.02410 +0.00465 -0.06216 -0.01611 -0.02977
-0.03630 +0.00640 -0.00942 -0.05141 -0.03418 +0.00874
-0.05164 +0.01652 -0.03374 -0.07161 +0.01113 -0.05984
-0.05025 +0.01879 -0.05374 -0.00217 +0.01897 -0.01086
-0.05027 +0.01539 -0.04000 -0.07077 +0.00319 -0.04133
-0.03911 +0.01164 +0.00414 -0.04032 -0.05928 +0.00090
-0.02518 +0.00698 +0.00221 -0.08559 -0.04838 -0.01803
-0.04340 +0.01712 +0.02481 -0.03813 -0.08265 -0.01146
-0.06246 +0.00048 +0.04156 -0.09665 -0.05652 -0.02049
-0.08191 -0.01095 +0.01612 -0.08146 -0.00362 +0.00886
-0.06406 -0.02698 -0.00094 -0.04874 -0.03239 +0.01654
-0.06073 -0.02845 +0.01758 -0.04155 -0.05002 +0.04255
-0.05325 -0.03046 +0.06063 -0.09671 -0.09321 +0.03751
-0.05800 -0.02822 -0.02648 -0.10176 +0.01965 +0.01791
-0.09397 -0.01125 -0.03565 -0.05026 +0.02305 -0.00385
-0.05832 +0.14187 +0.19761 -0.35239 -0.02701 +0.11836
+0.07110 +0.04905 -0.00517 -0.10442 -0.14696 +0.10165
+0.03724 +0.08357 -0.05817 -0.11798 -0.03677 +0.04770
+0.01324 +0.10373 -0.07265 -0.10510 -0.01930 -0.01847
+0.01270 +0.10429 -0.07956 -0.10100 -0.00620 +0.03016
+0.00990 +0.11152 -0.08388 -0.09024 -0.01217 +0.02473
-0.01854 +0.05689 +0.07011 -0.11986 -0.03316 -0.07988
-0.15572 +0.01591 +0.10727 +0.07899 -0.01167 -0.11995
-0.04360 -0.08037 -0.02037 -0.03796 +0.05550 +0.01211
-0.05704 -0.06480 +0.01061 -0.00966 +0.02094 -0.01076
-0.07180 -0.06059 -0.03479 -0.02734 +0.08784 -0.03443
-0.06505 -0.06244 +0.03925 -0.01391 -0.02730 +0.02761
-0.05923 -0.06840 +0.01168 -0.01627 +0.01009 +0.00041
-0.06889 -0.05913 +0.00361 +0.03722 +0.01948 +0.05797
+0.01388 -0.07301 -0.04588 +0.02123 -0.03813 -0.01546
+0.01051 -0.03194 -0.08932 +0.05138 +0.00631 -0.00715
-0.01312 -0.00364 -0.01428 -0.02877 -0.01703 -0.03193
-0.04147 +0.01217 -0.00586 +0.01110 -0.03281 -0.01382
-0.02582 -0.00152 -0.01523 +0.00472 -0.03227 -0.01115
-0.01989 +0.00401 -0.03441 -0.06776 +0.04078 -0.04029
-0.04586 +0.02160 -0.02236 +0.05502 -0.01208 -0.01487
-0.02329 +0.00488 -0.03104 -0.00818 -0.01659 -0.00529
-0.03612 +0.01672 +0.01479 -0.01388 -0.03593 -0.00672
-0.03757 +0.01809 -0.05857 +0.03781 +0.03606 +0.01507
-0.02859 +0.01105 -0.02459 -0.02055 +0.00827 -0.01813
-0.04355 +0.02038 -0.03015 -0.02072 +0.04818 +0.03634
-0.04219 +0.02535 -0.03825 -0.01504 +0.03460 -0.00394
-0.03558 +0.01848 +0.02981 -0.02663 -0.05031 -0.02894
-0.01905 +0.00828 -0.00842 -0.03867 -0.00267 +0.01709
-0.04437 +0.02402 +0.00023 -0.00629 -0.01700 -0.03201
-0.04041 +0.01633 -0.02854 -0.01974 +0.01559 +0.01528
-0.04472 +0.02781 -0.00605 +0.02685 -0.00576 +0.01674
-0.03317 +0.01941 -0.01985 -0.04277 +0.01939 -0.04289
-0.04104 +0.02198 -0.05857 -0.01976 +0.05792 +0.00105
-0.04218 +0.02121 -0.03122 -0.01810 +0.03205 -0.00939
-0.03500 +0.01921 +0.00287 -0.03567 -0.00610 +0.00506
-0.17335 +0.07528 +0.07403 +0.08679 +0.07204 -0.03558
-0.08073 -0.04318 +0.04167 +0.10557 -0.02412 +0.03959
-0.05803 -0.06062 -0.03524 +0.09694 +0.05123 +0.06041
-0.03951 -0.03208 +0.11177 -0.20649 +0.02188 -0.00673
+0.08501 +0.00519 -0.11463 -0.06964 -0.00866 +0.12403
+0.02552 +0.06840 -0.06803 -0.02333 -0.06977 +0.00185
+0.02363 +0.08097 -0.10252 -0.01598 -0.00202 +0.05057
+0.00955 +0.08793 -0.06730 -0.01693 -0.06260 +0.08467
+0.01207 +0.09690 -0.08263 -0.07339 -0.01832 -0.00277
+0.01537 +0.09897 -0.05900 -0.05911 -0.05571 -0.00657
+0.00279 +0.10767 -0.07824 -0.03147 -0.04999 -0.01230
+0.00483 +0.11253 -0.10115 -0.02742 -0.01572 +0.02428
+0.01236 +0.10683 -0.07765 -0.03878 -0.06005 +0.01085
-0.13482 +0.09532 -0.00154 +0.04483 +0.13149 -0.05869
-0.12077 -0.00142 +0.04117 +0.03764 +0.02942 -0.03176
-0.03976 -0.06534 +0.03383 -0.03360 -0.03277 -0.01649
-0.03407 -0.06056 -0.00104 -0.08187 +0.04125 -0.02826
-0.06878 -0.04377 -0.00257 +0.00410 +0.03956 +0.03586
-0.06187 -0.05276 -0.01791 +0.02188 +0.02485 +0.04235
+0.07655 -0.09168 -0.06024 -0.00474 -0.03971 +0.05195
-0.01251 +0.00209 -0.06789 +0.05899 +0.04824 -0.05315
-0.01921 +0.01063 -0.00677 +0.07656 -0.02577 -0.01263
+0.00000 +0.00000 +0.00000 +0.00000 +0.00000 +0.00000
-0.14223 +0.05607 +0.11924 +0.13428 -0.00702 +0.06468
-0.03888 -0.03816 +0.01872 +0.06695 +0.03670 +0.06177
-0.04163 -0.03916 -0.01914 +0.07604 +0.06822 +0.06392
-0.04021 -0.04109 +0.02478 +0.02052 +0.02704 +0.06916
+0.07160 -0.06061 -0.07261 +0.07046 +0.00126 +0.07719
+0.00722 +0.01454 -0.03939 +0.07119 +0.03887 +0.03412
-0.02028 +0.03510 -0.08023 +0.09189 +0.08433 +0.02990
-0.02165 +0.03345 +0.01377 +0.07218 -0.03048 +0.01963
-0.02304 +0.03437 -0.06090 +0.08236 +0.06237 +0.00339
-0.01053 +0.03085 +0.01930 +0.05709 -0.04309 +0.02851
-0.01981 +0.03925 -0.02194 +0.12031 +0.00025 +0.02835
-0.01658 +0.04006 -0.05805 +0.07393 +0.06208 +0.01005
-0.03392 +0.04934 -0.04468 +0.12409 +0.02978 +0.03867
-0.01028 +0.03115 -0.01398 +0.06292 +0.00064 -0.03238
-0.02589 +0.04357 -0.02116 +0.10936 +0.00068 -0.00965
-0.00788 +0.02885 -0.01847 +0.07944 -0.01349 +0.05846
-0.02411 +0.04311 -0.01265 +0.06618 +0.00325 +0.04010
-0.01932 +0.04521 -0.03217 +0.07815 +0.01697 +0.01081
-0.01558 +0.04717 -0.05554 +0.05694 +0.06054 +0.03856
-0.02444 +0.04710 +0.01479 +0.04640 -0.01364 +0.02934
-0.01190 +0.04033 -0.00610 +0.05188 +0.01002 +0.10693
-0.01839 +0.04260 -0.01911 +0.09946 +0.00421 +0.05810
-0.02430 +0.05567 -0.00883 +0.07811 +0.02541 -0.00191
-0.01550 +0.04429 -0.00473 +0.02732 +0.00958 +0.02772
-0.01970 +0.05066 -0.02754 +0.03749 +0.04548 +0.03292
-0.02896 +0.05526 -0.01064 +0.04583 +0.03866 +0.02825
-0.00875 +0.04919 +0.00669 +0.06799 -0.01877 +0.09778
-0.08406 +0.07052 +0.02342 +0.09525 +0.02537 +0.09811
-0.13225 +0.03520 +0.03912 +0.12516 +0.08430 +0.07809
-0.05718 -0.02895 +0.03400 +0.13444 -0.00967 +0.07765
-0.05249 -0.03928 +0.05546 +0.12492 -0.06893 +0.09163
-0.03321 -0.04420 +0.02630 +0.04362 -0.00336 +0.10162
-0.04840 -0.03681 +0.08401 +0.05852 -0.06158 +0.09733
-0.06857 -0.01858 -0.02023 +0.09272 +0.08057 +0.08487
-0.05233 -0.03165 +0.06540 +0.08711 -0.05483 +0.18108
-0.05238 -0.02451 +0.06215 +0.07416 -0.03934 +0.12257
-0.03894 -0.03906 +0.08127 +0.09070 -0.08716 +0.09855
+0.16826 -0.10449 -0.25459 +0.01216 +0.02160 +0.09781
-0.01585 +0.08700 -0.05162 +0.08270 -0.06517 +0.03951
-0.02670 +0.10171 -0.03850 +0.09048 -0.07073 +0.02990
-0.02513 +0.10638 -0.00146 +0.04407 -0.09785 +0.03022
-0.01557 +0.11367 -0.02214 -0.02303 -0.02182 +0.02595
-0.05357 +0.13813 -0.05382 -0.02557 +0.03064 +0.01786
-0.04725 +0.15006 -0.06639 -0.02354 +0.06157 +0.01658
-0.04655 +0.14790 +0.04252 +0.01909 -0.10293 +0.00707
-0.04065 +0.13782 +0.01735 +0.06645 -0.09011 +0.01420
-0.03424 +0.13550 -0.03973 -0.02274 +0.01124 +0.06209
-0.03667 +0.13349 +0.04251 -0.03186 -0.09777 +0.11194
-0.03420 +0.13621 +0.02085 +0.01416 -0.07882 +0.06915
-0.05114 +0.15305 -0.00604 +0.04755 -0.06228 +0.04824
-0.05462 +0.15855 -0.02728 +0.02898 -0.01043 +0.01179
-0.03348 +0.13967 +0.05303 +0.01888 -0.11959 +0.11898
-0.03454 +0.14234 +0.08285 +0.01881 -0.17284 +0.10468
-0.03198 +0.14475 -0.02088 -0.07889 +0.00775 +0.05957
-0.16544 +0.18409 +0.12267 -0.01435 +0.00663 -0.04691
-0.06340 -0.03125 -0.05750 +0.04796 +0.10447 +0.13820
-0.04334 -0.05689 -0.02703 -0.00127 +0.02700 +0.09800
-0.05358 -0.04440 -0.05869 -0.00604 +0.07225 +0.13367
-0.06659 -0.03090 -0.04631 +0.01198 +0.07734 +0.15401
-0.07593 -0.02438 -0.01156 -0.01816 +0.04336 +0.08668
-0.05493 -0.03624 +0.00315 -0.07636 +0.04016 +0.14260
-0.08234 -0.02022 -0.04262 -0.03618 +0.09859 +0.11844
-0.06722 -0.02043 +0.01636 -0.04860 +0.04572 +0.12270
-0.06114 -0.02495 -0.01444 -0.11327 +0.10188 +0.07179
-0.08251 -0.00815 -0.03306 -0.02881 +0.10883 +0.12452
-0.08261 -0.01189 +0.01017 -0.08205 +0.03991 +0.12613
-0.07754 -0.00416 -0.02693 -0.04865 +0.09131 +0.14992
-0.08200 -0.01387 -0.02115 -0.00783 +0.04825 +0.12004
-0.07725 -0.00949 -0.02611 -0.10301 +0.10684 +0.11106
-0.07281 -0.01335 -0.01779 -0.06911 +0.08968 +0.18106
-0.09831 -0.00162 +0.10054 +0.04073 -0.05591 +0.01862
-0.20652 -0.00350 -0.04638 +0.06943 +0.04814 -0.24395
-0.05279 -0.11357 -0.03380 +0.00673 -0.10186 -0.02996
-0.05098 -0.11171 -0.06893 +0.00130 -0.06896 +0.01105
-0.06286 -0.09579 -0.07281 +0.03622 -0.03932 +0.03613
-0.07026 -0.08979 -0.06976 -0.04375 -0.01026 -0.03674
-0.04980 -0.10323 -0.03589 -0.05441 -0.06871 +0.00983
-0.07067 -0.09268 -0.01920 +0.00311 -0.10421 +0.02377
+0.01938 -0.13353 -0.11622 +0.00885 -0.13282 +0.03408
+0.05384 -0.09885 -0.16141 -0.01353 -0.10959 +0.00481
-0.01466 -0.01358 -0.10179 -0.05869 -0.02859 -0.06367
-0.04970 +0.01298 -0.14919 +0.06289 -0.03029 -0.03967
-0.04008 +0.00707 -0.16264 +0.02525 +0.00308 -0.04525
-0.03934 +0.01158 -0.15238 +0.02159 -0.00467 -0.05464
-0.03363 +0.00738 -0.10545 +0.04171 -0.08467 -0.03269
-0.04327 +0.01206 -0.10707 +0.03716 -0.06343 -0.08395
-0.02528 +0.00487 -0.08175 +0.03846 -0.09148 -0.03682
-0.03522 +0.00952 -0.11579 +0.01819 -0.06055 -0.08013
-0.04354 +0.01646 -0.11777 +0.06006 -0.05056 -0.03536
-0.02675 +0.00953 -0.05976 -0.00134 -0.10053 -0.04380
-0.03256 +0.02037 -0.14547 +0.04951 -0.00670 -0.01280
-0.04330 +0.02165 -0.08928 +0.05440 -0.06902 -0.01134
-0.03820 +0.01424 -0.12338 +0.02432 -0.01674 -0.04388
-0.04134 +0.02045 -0.03950 -0.00873 -0.11355 -0.05321
-0.03414 +0.01433 -0.06344 +0.04547 -0.12480 -0.03670
-0.03061 +0.00828 -0.10520 -0.00587 -0.05199 -0.04205
-0.03255 +0.02140 -0.05573 -0.00809 -0.10327 -0.04555
-0.02938 +0.01209 -0.06775 +0.03820 -0.12277 -0.01032
-0.04076 +0.01777 -0.08512 +0.00873 -0.08503 -0.05989
-0.03968 +0.01723 -0.18046 -0.02281 +0.04895 -0.00551
-0.02376 +0.01622 -0.02262 +0.01193 -0.15903 +0.00759
-0.04491 +0.01714 -0.08957 +0.03725 -0.10546 -0.00181
-0.03573 +0.01366 -0.06655 +0.03220 -0.13423 -0.04297
-0.01746 +0.00758 -0.02387 +0.00646 -0.17987 +0.03521
-0.03786 +0.01877 -0.05466 +0.02225 -0.13789 -0.02093
-0.03432 +0.01755 -0.08347 +0.01106 -0.09547 -0.00577
-0.19450 +0.02971 -0.04460 +0.00417 +0.06984 -0.06061
-0.10100 -0.06739 +0.01407 +0.03418 -0.10758 +0.01313
-0.07537 -0.08906 -0.04303 +0.02113 -0.07013 +0.03309
-0.07162 -0.08685 -0.05617 -0.03219 -0.04123 +0.00153
-0.06666 -0.08079 -0.03037 -0.04594 -0.04164 +0.00245
-0.07850 -0.07358 -0.02539 -0.02524 -0.04596 +0.03348
-0.05546 -0.08426 +0.00719 -0.03519 -0.10847 +0.07802
-0.06938 -0.07510 +0.00933 -0.09405 -0.05610 +0.07995
-0.00332 -0.07453 -0.09766 +0.01762 -0.03989 +0.07279
+0.01137 -0.03829 -0.12894 +0.01802 -0.03615 +0.04075
-0.02442 -0.00811 -0.05323 -0.02894 -0.07322 -0.02131
-0.03001 +0.01010 -0.08339 -0.01559 -0.02639 +0.00393
-0.02396 +0.00126 -0.03389 -0.02009 -0.08433 -0.00200
-0.02329 +0.00283 -0.03154 -0.04518 -0.06907 +0.02181
-0.02922 +0.00823 -0.04613 -0.05742 -0.04573 -0.00360
-0.03401 +0.00820 -0.02509 +0.00420 -0.08962 -0.02181
-0.15772 +0.03246 -0.02930 +0.05566 +0.02587 +0.00675
-0.11611 -0.06017 -0.04109 +0.07123 -0.01784 +0.03665
-0.06233 -0.10039 -0.07078 -0.00675 +0.00677 +0.07175
-0.06913 -0.09311 -0.04305 -0.03222 -0.03239 +0.05290
+0.01259 +0.01226 -0.00564 -0.10899 +0.00873 +0.07426
+0.08729 +0.03331 -0.06204 -0.02847 -0.08860 +0.15893
+0.06240 +0.06184 -0.04698 -0.06708 -0.06702 +0.16350
+0.02756 +0.08822 -0.06810 -0.01105 -0.00763 +0.08927
+0.03473 +0.08091 -0.06624 +0.00026 -0.04476 +0.16851
+0.03350 +0.07699 -0.09371 -0.02209 +0.01582 +0.18452
-0.08135 +0.04438 -0.04352 -0.03801 +0.17065 -0.04153
-0.10406 -0.05110 +0.01731 +0.01814 -0.02816 -0.04535
-0.03983 -0.10720 +0.01906 -0.00301 -0.09827 +0.03353
-0.05147 -0.10678 -0.07616 -0.01873 +0.03242 +0.01228
-0.06052 -0.08965 -0.03678 +0.02451 -0.01229 -0.01488
-0.03413 -0.10365 +0.01390 -0.12017 -0.03412 -0.02094
-0.02572 -0.09231 +0.04963 -0.03542 -0.08989 +0.05246
