  307.01809 
  307.55773 
  306.83794 
  306.55418 
  307.07243 
  306.25979 
  306.28653 
  298.54810 
  294.99521 
  295.57196 
  295.48390 
  295.11389 
  295.33760 
  295.16119 
  295.65632 
  296.36850 
  295.50201 
  296.34049 
  296.01240 
  299.84343 
  307.39089 
  306.51856 
  306.11639 
  306.26199 
  305.85323 
  295.77795 
  295.42785 
  295.73802 
  295.77118 
  301.45835 
  308.64320 
  306.92555 
  306.12110 
  306.98206 
  306.98914 
  307.21974 
  306.81643 
  306.68341 
  307.71734 
  307.36941 
  307.12081 
  306.66912 
  307.08068 
  301.54431 
  296.23276 
  296.15713 
  296.43946 
  296.21976 
  296.01901 
  295.42969 
  310.07284 
  310.75077 
  310.22157 
  309.17275 
  309.53283 
  310.21171 
  309.52363 
  310.13382 
  310.04343 
  310.66045 
  309.73361 
  310.54154 
  310.07337 
  310.94786 
  310.68154 
  310.64529 
  311.35013 
  310.48062 
  311.39013 
  310.95768 
  310.35595 
  310.90219 
  298.69570 
  296.12213 
  296.64979 
  296.43045 
  296.10567 
  294.78098 
  303.83453 
  307.76456 
  306.96253 
  306.59210 
  307.42553 
  307.58679 
  301.21176 
  297.57827 
  294.71195 
  301.24877 
  301.55893 
  302.46610 
  303.02355 
  303.12580 
  303.19014 
  303.69955 
  296.40147 
  295.70731 
  296.85039 
  297.05964 
  296.95214 
  296.12065 
  296.13383 
  309.66173 
  308.43967 
  308.65437 
  309.16013 
  308.76092 
  308.76478 
  303.00618 
  297.12264 
  297.69629 
  297.89329 
  298.34271 
  303.88408 
  308.97519 
  308.23390 
  308.56468 
  308.91729 
  308.97000 
  308.34149 
  308.76715 
  309.77823 
  308.68662 
  309.04731 
  304.38273 
  297.76827 
  298.55679 
  297.42524 
  298.38707 
  311.75215 
  309.99583 
  310.32670 
  309.61093 
  309.78953 
  309.64983 
  309.47770 
  309.79432 
  310.19471 
  310.05288 
  309.63577 
  311.39065 
  311.15627 
  310.94434 
  311.22841 
  310.53502 
  311.09865 
  311.44987 
  311.11045 
  309.84167 
  310.63937 
  310.05695 
  309.72300 
  310.06806 
  310.28679 
  310.14404 
  310.08216 
  309.55254 
  310.59651 
  310.10758 
  310.70822 
  305.38696 
  297.07405 
  297.48899 
  296.90260 
  297.49789 
  297.47655 
  305.03712 
  309.66287 
  309.12050 
  309.07557 
  309.58001 
  309.03455 
  304.49470 
  297.98723 
  299.48205 
  298.35863 
  298.16645 
  297.59512 
  306.90085 
  310.82289 
  309.67912 
  309.74897 
  309.75526 
  309.57155 
  309.14403 
  300.89999 
  298.54891 
  298.13765 
  297.18859 
  294.33758 
  303.73255 
  302.37745 
  303.57298 
  303.52544 
  303.76799 
  303.77768 
  303.65995 
  296.92397 
  297.44795 
  297.69321 
  297.21023 
  296.09874 
  296.54958 
  296.45544 
  310.19647 
  309.08665 
  308.63048 
  308.86419 
  309.19979 
  309.06766 
  309.35630 
  309.16577 
  309.69562 
  309.16787 
  309.48540 
  309.78549 
  309.52181 
  308.69854 
  309.46805 
  309.48064 
  309.04210 
  309.81559 
  309.48750 
  303.51716 
  298.18774 
  298.04545 
  298.62570 
  299.04039 
  303.95825 
  312.33626 
  294.81830 
  302.58968 
  303.10271 
  302.90893 
  303.19848 
  303.55889 
  304.35837 
  300.20285 
  296.31934 
  297.02432 
  297.55213 
  297.59592 
  296.35355 
  301.31715 
  309.71221 
  308.76803 
  309.79434 
  308.70941 
  308.26093 
  308.31736 
  308.75458 
  309.57215 
  308.65910 
  310.10783 
  309.65941 
  309.64574 
  309.58787 
  309.23738 
  309.85750 
  301.46035 
  297.74314 
  297.28049 
  298.03060 
  297.31823 
  304.06998 
  309.24407 
  308.97820 
  308.44683 
  308.31311 
  309.37272 
  308.97825 
  298.22556 
  299.43721 
  299.30114 
  298.85627 
  298.40347 
  297.94761 
  310.58915 
  310.26058 
  309.46768 
  309.11433 
