-0.03463 -0.03227 -0.10314 -0.07741 -0.01385 +0.00508
-0.02992 -0.04794 -0.08674 -0.01345 -0.11518 +0.00139
-0.03665 -0.03461 -0.04528 -0.04875 -0.04701 -0.01959
-0.02360 -0.05940 -0.13431 -0.04748 +0.00968 -0.03741
-0.03543 -0.04629 -0.14337 +0.01727 -0.11299 -0.00549
-0.04428 -0.03125 -0.03320 +0.00524 -0.09170 -0.05095
-0.02865 -0.06349 -0.05062 +0.05666 -0.04984 -0.02936
-0.05041 -0.09797 -0.09258 -0.00835 -0.04081 -0.01416
-0.07719 -0.10538 +0.04190 -0.06572 -0.06067 -0.01277
-0.09130 -0.04350 -0.03638 -0.01721 -0.10914 +0.00672
-0.10105 -0.04551 +0.04038 -0.02069 -0.12121 +0.00359
-0.09623 -0.03794 +0.03700 -0.04098 -0.04927 +0.03263
-0.08564 -0.04937 -0.06253 -0.00689 -0.09104 +0.06033
-0.09950 -0.03794 +0.05987 -0.01289 -0.10155 +0.09642
-0.08706 -0.05491 -0.00955 -0.02509 +0.00946 +0.06739
-0.08591 -0.05659 +0.00726 +0.04205 -0.09027 +0.03670
-0.08681 -0.04304 -0.01370 -0.02682 -0.05468 +0.08180
-0.08135 -0.05371 -0.08383 -0.00562 -0.03690 +0.03731
-0.08812 -0.04056 +0.01201 -0.00825 -0.05757 +0.13830
-0.09102 -0.02654 -0.06696 +0.00033 -0.04474 +0.07984
-0.07613 +0.06556 -0.03084 +0.02057 -0.05320 +0.02157
-0.03726 -0.03270 -0.03034 +0.00505 -0.04897 +0.03972
-0.03899 -0.04059 -0.13670 +0.00874 +0.00913 +0.02750
-0.05167 -0.03347 +0.01383 +0.03163 -0.02801 +0.07644
-0.04217 -0.05408 -0.06581 +0.05072 -0.04960 +0.05588
-0.04777 -0.18175 -0.06749 -0.05031 +0.09084 +0.05723
-0.08929 -0.04631 -0.01141 -0.03227 +0.01496 +0.05955
-0.07945 -0.05626 +0.05649 +0.08003 -0.05070 +0.05333
-0.07818 -0.05632 +0.09429 +0.05654 -0.03641 +0.08584
-0.08622 +0.01239 -0.02185 -0.00670 -0.00547 +0.08557
-0.06645 +0.04603 -0.09140 +0.00515 +0.01743 +0.00507
-0.04387 -0.03272 -0.01405 -0.01329 -0.01044 +0.02545
-0.04772 -0.01861 -0.04203 -0.03255 +0.02793 +0.07825
-0.04858 -0.04020 +0.01633 -0.00225 +0.01671 +0.06893
-0.03727 -0.03004 -0.04257 -0.11846 +0.04365 +0.01086
-0.03333 -0.04731 -0.07349 -0.00139 +0.02866 +0.01512
-0.04451 -0.02870 -0.04004 -0.02559 +0.02051 +0.03725
-0.03879 -0.02599 -0.00730 +0.01217 -0.04854 +0.07967
-0.04371 -0.02139 -0.01571 -0.13380 +0.05777 +0.08979
-0.01569 -0.05457 -0.04065 +0.01431 +0.03782 -0.07307
-0.03215 -0.03810 -0.05916 -0.01451 -0.01230 -0.01523
-0.03857 -0.02634 -0.00623 -0.00579 +0.02308 +0.07873
-0.03804 -0.03481 +0.00758 +0.02707 -0.02763 +0.02951
-0.02389 -0.11440 -0.06371 -0.00560 +0.01985 +0.02690
-0.04845 -0.14085 +0.05458 +0.00044 -0.05795 +0.02458
-0.08220 -0.03638 +0.02320 +0.00435 -0.09554 +0.05301
-0.08489 -0.03258 +0.06441 +0.04145 -0.05423 +0.06678
-0.06448 -0.05050 -0.03207 -0.08410 -0.09781 +0.11193
-0.05431 -0.06516 -0.18277 -0.01245 -0.01950 +0.01290
-0.08314 -0.02976 +0.05905 +0.02440 -0.07321 +0.02524
-0.05921 +0.12901 -0.08477 -0.01149 -0.05970 -0.07048
+0.00907 -0.00522 -0.06223 +0.04005 -0.06355 -0.03813
+0.00717 -0.02454 -0.04151 +0.03192 -0.11865 -0.04312
+0.00544 -0.02821 -0.07659 -0.01720 -0.01162 -0.02148
+0.00468 -0.03275 -0.05286 -0.00929 -0.00892 +0.00557
+0.00763 -0.03127 -0.03084 +0.00601 -0.05841 +0.02113
+0.00534 -0.04031 +0.01407 -0.01710 -0.01708 -0.01960
+0.01597 -0.03749 -0.07498 +0.00395 -0.06032 +0.04853
+0.02173 -0.05381 +0.01727 +0.04283 -0.02871 -0.05406
+0.01658 -0.03076 -0.10172 -0.04158 -0.02234 +0.00517
+0.01282 -0.03087 -0.02526 -0.05211 -0.05776 +0.01863
+0.03019 -0.04383 -0.19110 +0.01080 -0.06692 -0.01789
+0.01272 -0.03120 -0.02372 +0.01167 -0.05633 -0.01366
+0.03642 -0.06501 -0.06047 +0.04236 -0.07487 -0.01758
+0.01853 -0.02091 -0.10684 -0.01691 -0.02818 -0.00190
+0.01305 -0.03874 -0.03514 -0.04539 -0.04652 +0.02294
+0.01541 -0.03845 -0.04401 -0.00960 -0.05047 +0.00486
+0.01339 -0.03817 -0.00411 -0.08777 -0.04492 -0.01265
+0.01895 -0.04295 -0.01115 -0.01837 -0.05176 -0.00693
+0.01627 -0.02829 -0.00480 -0.06603 -0.07569 +0.00927
+0.02216 -0.03431 -0.07839 -0.09583 -0.03504 +0.00372
+0.01508 -0.04164 -0.01462 -0.04245 -0.06579 -0.02457
+0.01052 -0.24198 -0.03140 -0.06648 +0.08784 -0.01391
-0.04080 -0.17814 +0.05053 -0.00412 +0.00167 -0.08648
-0.09618 -0.03660 +0.07645 +0.02279 -0.03598 -0.05306
-0.08118 -0.06109 -0.03559 -0.01164 +0.03026 -0.02188
-0.07770 -0.04630 -0.10820 +0.01722 -0.02458 -0.03730
-0.08882 -0.05534 +0.04422 -0.00367 +0.00465 -0.07342
-0.07403 +0.04019 +0.00089 +0.03838 -0.07522 -0.07443
-0.06915 +0.04703 -0.01959 -0.08947 +0.06724 +0.08057
-0.02282 -0.04297 -0.10245 +0.04652 +0.04418 -0.07484
-0.03822 -0.04084 -0.04527 +0.08733 +0.12490 -0.01636
-0.02360 -0.03050 -0.13251 +0.05270 +0.12587 -0.01047
-0.03945 -0.01316 -0.02595 +0.05620 +0.06809 +0.01354
-0.04915 -0.10849 -0.01406 -0.00246 +0.03013 +0.02822
-0.05318 -0.13139 -0.02278 -0.07630 +0.04284 +0.04500
-0.00071 -0.04848 -0.02396 +0.00584 +0.00423 -0.21945
+0.01303 +0.08148 -0.00361 -0.13527 -0.15942 -0.10066
+0.02098 +0.03748 -0.00860 -0.09423 -0.18230 -0.04582
+0.01781 +0.03148 -0.04099 -0.07632 -0.14348 -0.01327
+0.00948 +0.03684 -0.01571 -0.15476 -0.06816 -0.02551
+0.02150 +0.01898 -0.01885 -0.12076 -0.06145 -0.10165
+0.00475 +0.03658 -0.00886 -0.14116 -0.10380 -0.01724
+0.00183 +0.00076 -0.02717 -0.10730 -0.10453 -0.07877
-0.05770 -0.04392 -0.03069 +0.02989 -0.09376 -0.16807
-0.08820 -0.04717 +0.03611 +0.03216 +0.03350 -0.13832
-0.09249 -0.01038 -0.03464 +0.00581 -0.04589 -0.10711
-0.07810 -0.02820 -0.14624 +0.00176 +0.03977 -0.08946
-0.09554 -0.00958 -0.02047 -0.00664 +0.01493 -0.06057
-0.08664 -0.01172 +0.02489 -0.07191 -0.07089 -0.04822
-0.09040 -0.01723 -0.02735 -0.02847 -0.03808 -0.06186
-0.09090 +0.14194 -0.04471 +0.03493 -0.11442 -0.06923
-0.05121 -0.01491 +0.01662 -0.02978 -0.08899 -0.04019
-0.04932 -0.01439 -0.03601 -0.06955 -0.06307 -0.01236
-0.03047 -0.03149 -0.00378 +0.00906 -0.04840 -0.07544
-0.04365 -0.00814 -0.02499 -0.04324 -0.04905 -0.03478
-0.04534 -0.00504 -0.06560 -0.09153 +0.00967 -0.02875
-0.03716 -0.08100 -0.12165 +0.00167 -0.09243 -0.08500
-0.07279 -0.10408 +0.03319 +0.06223 -0.00596 -0.18525
-0.10919 +0.00058 -0.05180 -0.02012 +0.00163 -0.05068
-0.11802 -0.01061 +0.09837 +0.00915 -0.01275 +0.00671
-0.11598 -0.00581 +0.02368 -0.00161 -0.00664 -0.00058
-0.10147 +0.01850 +0.09336 +0.03233 -0.03189 -0.06698
-0.08481 +0.05264 -0.01996 -0.02163 -0.03211 -0.02504
-0.05460 -0.01780 -0.04099 -0.02462 -0.05998 -0.02888
-0.05202 -0.02447 -0.00916 -0.05265 -0.02522 -0.02785
-0.06700 -0.01629 +0.01138 -0.01110 -0.02834 -0.00330
-0.04420 -0.03212 +0.04874 +0.03595 +0.01256 -0.07113
-0.04242 -0.01837 +0.01590 -0.00008 +0.00345 -0.00912
-0.06390 -0.01035 +0.00184 -0.01814 +0.04406 -0.00718
-0.04553 -0.04451 -0.06379 +0.06709 -0.01549 -0.02747
-0.05475 -0.00906 +0.04269 +0.00360 -0.01271 -0.01264
-0.05272 -0.03186 -0.03416 +0.01440 +0.01600 +0.02090
-0.05912 -0.05750 +0.04339 +0.06386 +0.00854 +0.01449
-0.07078 -0.12684 -0.05836 -0.10447 +0.07884 +0.00053
-0.09606 -0.03249 +0.07187 +0.06711 -0.01279 -0.00950
-0.08403 -0.02213 +0.11717 -0.01179 -0.05334 +0.01370
-0.09279 -0.01466 +0.01430 -0.04599 -0.06292 +0.01445
-0.08405 +0.14500 -0.02619 +0.01133 -0.07940 -0.05614
-0.03039 -0.00318 -0.07944 -0.03701 +0.01137 +0.00460
-0.02457 -0.03152 +0.08884 +0.06328 +0.01037 -0.00639
-0.04034 -0.00189 -0.01290 -0.04356 +0.06109 +0.02857
-0.04356 +0.00045 -0.00643 -0.03219 +0.00641 +0.03591
-0.03266 -0.01934 +0.00838 +0.03218 +0.03184 +0.04236
-0.04013 -0.00216 -0.02868 -0.03376 +0.05183 +0.05875
-0.03407 +0.01681 +0.01154 -0.04653 -0.00727 +0.06779
-0.01246 -0.03030 -0.04096 +0.02862 +0.03902 +0.01556
-0.04291 -0.00054 +0.04125 +0.02485 +0.03420 -0.02046
-0.03546 -0.01006 -0.10289 +0.01391 +0.11784 -0.08077
-0.01945 +0.04296 -0.04633 -0.02835 +0.02139 -0.01875
+0.00000 +0.00000 +0.00000 +0.00000 +0.00000 +0.00000
+0.00630 -0.00473 -0.02919 -0.01898 -0.02606 +0.01339
+0.00918 -0.02188 +0.01778 -0.00818 -0.03520 +0.00884
+0.00611 -0.01581 +0.02093 -0.06470 -0.05576 +0.04080
+0.01238 -0.01692 -0.03627 -0.04710 -0.05524 +0.02564
+0.02914 -0.01893 -0.13918 -0.02988 +0.04216 +0.04429
+0.00443 -0.00258 +0.00350 -0.04154 -0.05746 +0.05413
+0.01944 -0.00754 -0.08150 -0.11283 -0.00805 +0.06277
+0.02455 -0.01813 -0.00830 -0.02616 -0.03723 +0.02242
+0.01688 -0.00830 -0.04340 -0.04621 -0.08148 +0.05527
+0.01276 -0.00349 -0.02737 -0.01029 -0.08146 +0.04777
+0.02938 -0.02116 -0.07802 -0.02459 -0.02240 +0.05388
+0.02324 -0.01300 -0.15471 -0.00777 -0.01203 +0.05874
+0.01833 -0.01433 +0.02276 -0.02383 -0.00885 +0.05629
+0.01085 -0.00695 -0.00573 -0.06687 -0.05489 +0.07968
+0.01081 -0.00457 +0.02764 -0.08360 -0.04335 +0.10561
+0.02427 -0.02010 -0.07533 -0.04988 -0.06499 +0.05565
+0.01018 -0.00052 +0.00952 -0.07364 -0.03691 +0.11645
+0.01640 -0.01357 -0.07366 -0.07707 -0.07045 +0.09296
+0.00538 -0.05892 +0.05790 -0.11238 -0.05263 +0.13629
+0.01615 -0.28314 +0.05621 -0.03371 -0.00733 -0.11551
-0.09528 -0.00396 +0.07722 -0.02202 -0.00997 -0.05347
-0.08315 -0.01187 -0.00135 -0.05630 -0.00699 -0.03709
-0.09621 -0.02579 +0.05750 -0.04986 -0.05588 -0.01752
-0.09186 -0.03274 +0.04365 -0.02078 -0.04887 -0.00263
-0.07875 +0.06810 +0.05108 -0.03468 -0.06014 -0.03602
-0.06571 +0.05448 -0.00142 -0.00731 -0.03156 -0.01223
-0.04750 -0.00922 +0.03894 -0.05647 -0.01159 +0.00853
-0.03788 -0.02140 +0.03435 +0.02128 -0.01588 -0.01001
-0.02463 -0.01423 -0.01661 -0.04189 +0.07378 -0.00736
-0.04518 -0.02095 -0.01441 -0.02789 +0.03973 +0.02389
-0.02559 -0.05470 +0.08307 +0.02493 -0.01171 +0.01545
-0.03999 -0.12059 +0.08703 -0.24106 +0.00471 -0.00825
-0.06817 -0.03425 +0.16360 -0.03352 -0.05212 -0.01987
-0.05470 -0.04139 -0.03823 -0.02969 -0.02580 -0.03449
-0.07652 -0.04427 +0.10499 +0.05600 -0.08545 -0.02129
-0.08246 -0.00485 -0.00725 -0.01148 -0.08864 +0.06038
-0.06120 +0.04074 +0.04344 +0.09919 -0.13304 -0.07644
-0.05680 +0.09026 -0.04139 -0.00434 +0.00401 -0.00914
-0.03351 -0.01704 -0.01400 -0.04234 -0.01466 +0.02311
-0.03569 -0.01022 -0.09725 -0.04628 +0.14436 -0.01251
-0.04004 -0.00613 -0.03097 -0.00187 +0.09587 +0.05956
-0.04279 -0.01314 -0.05690 -0.00065 +0.00290 +0.05432
-0.04294 -0.01039 +0.03108 +0.01793 +0.02236 +0.06259
-0.03220 -0.11581 -0.00903 +0.02091 +0.04016 -0.01159
-0.06004 -0.12117 -0.06300 +0.06457 -0.04159 -0.05423
-0.08262 -0.02405 -0.13582 +0.02105 -0.01971 -0.03291
-0.09026 -0.01313 -0.05289 +0.00211 -0.01495 +0.00148
+0.00945 +0.00891 +0.04055 -0.18754 -0.11034 -0.09150
-0.00837 +0.11791 -0.04530 -0.04841 -0.13362 -0.08001
+0.00954 +0.06750 -0.00425 -0.10241 -0.04596 -0.04278
+0.00721 +0.07244 +0.01588 -0.10993 -0.04659 -0.04615
+0.01561 +0.05681 +0.03048 -0.06491 -0.06378 -0.05384
+0.01004 +0.06256 -0.01186 -0.11077 -0.03069 -0.06987
+0.00449 +0.08161 +0.02328 -0.10245 -0.04858 -0.01544
-0.01396 +0.04864 -0.04992 -0.05620 -0.03067 -0.17620
-0.08025 -0.06659 +0.07420 +0.03864 +0.05240 -0.21605
-0.09394 +0.03232 -0.08327 +0.03639 +0.02813 -0.07371
-0.11277 +0.02700 +0.11190 +0.02771 +0.03030 -0.07987
-0.10514 +0.02672 +0.03172 -0.01920 +0.06927 -0.01558
-0.08284 +0.00564 -0.05863 +0.01437 +0.04167 -0.03717
-0.10045 +0.03659 -0.06644 +0.06923 -0.00141 -0.01267
-0.10152 +0.05021 -0.00767 +0.00658 +0.02086 +0.01999
-0.09424 +0.18977 -0.04297 +0.03285 -0.02265 -0.04871
-0.04381 +0.03320 -0.04168 +0.00479 +0.04934 -0.00266
-0.03792 +0.02318 -0.08441 +0.01282 +0.09385 -0.02245
-0.05423 +0.04615 -0.00705 -0.01085 +0.04466 +0.01144
-0.04444 +0.03573 -0.03907 -0.01404 +0.07933 +0.00337
-0.04736 +0.03565 -0.06907 -0.03903 +0.06216 +0.02553
-0.04331 +0.01108 -0.01848 +0.02115 +0.04129 -0.01188
-0.04797 +0.02775 +0.03086 +0.04946 +0.02024 +0.00450
-0.05880 +0.02765 -0.05710 -0.00391 +0.05158 +0.02021
-0.06031 +0.02112 +0.03434 -0.04254 +0.03277 +0.03375
-0.05942 +0.01265 +0.01319 -0.01030 +0.00872 +0.01597
-0.06068 +0.02508 +0.02917 +0.00188 +0.02460 +0.04587
-0.04063 +0.01341 -0.07067 -0.03628 +0.13752 +0.00387
-0.05972 +0.04201 -0.00824 -0.03948 +0.02400 +0.07495
-0.04227 +0.00911 +0.02303 -0.00031 +0.05884 -0.03567
-0.05643 +0.03587 -0.03959 -0.01195 +0.01084 +0.04040
-0.03964 +0.01369 -0.08897 -0.01285 +0.13301 +0.01102
-0.05292 +0.02284 -0.04115 -0.00188 +0.01084 +0.03387
-0.05808 +0.02906 +0.00300 -0.00402 +0.03547 +0.02301
-0.04648 -0.06554 -0.12323 -0.00700 +0.07829 -0.02725
-0.09194 -0.04910 +0.07071 -0.01211 +0.00035 +0.02438
-0.11327 +0.02481 +0.03838 -0.06845 +0.04653 +0.05329
-0.10459 +0.03250 +0.01989 -0.01757 -0.02106 +0.06008
-0.10477 +0.01020 +0.10022 +0.02458 +0.01413 +0.13383
-0.09127 +0.09647 -0.10489 +0.00021 +0.04833 +0.05370
-0.07055 +0.15710 -0.00057 +0.03159 +0.04082 +0.00364
+0.03737 -0.17766 +0.15638 -0.25572 +0.22800 -0.14911
-0.00183 +0.12529 +0.01777 -0.12822 +0.01603 -0.09443
+0.01413 +0.08083 -0.04378 -0.11100 +0.03537 -0.10918
-0.00026 +0.10037 -0.03401 -0.08462 -0.02508 +0.00503
+0.00706 +0.05447 -0.03244 -0.02971 -0.02698 -0.05468
+0.00159 +0.08127 -0.02971 -0.12100 -0.02332 -0.04369
+0.00400 +0.05542 -0.01530 -0.01758 +0.04497 -0.06105
-0.03763 +0.07322 +0.08039 -0.10123 +0.07245 -0.04759
-0.06347 -0.04914 +0.04012 +0.00158 -0.01462 -0.23346
-0.09607 +0.04222 -0.02558 +0.00932 +0.09063 -0.14081
-0.10035 +0.03896 -0.03390 +0.06187 -0.01513 -0.11764
-0.09540 +0.00486 +0.10086 +0.08448 +0.00225 -0.09627
-0.08942 +0.02938 +0.02538 +0.02171 +0.06566 -0.08149
-0.10656 +0.09534 -0.03045 +0.02888 -0.00292 -0.01040
-0.09378 +0.15262 -0.07854 +0.05091 +0.01738 -0.03178
-0.06973 +0.03565 +0.02918 -0.00549 +0.06597 +0.02955
-0.04963 -0.01285 +0.05207 +0.09924 +0.04245 -0.04027
-0.05985 +0.02973 -0.04816 -0.00815 -0.03875 +0.04199
-0.04075 +0.03203 -0.03824 -0.03993 +0.09939 -0.02814
-0.05929 +0.04271 -0.03477 +0.00070 +0.02886 +0.01070
-0.06181 +0.04262 +0.00529 -0.00568 +0.02402 +0.04191
-0.05631 +0.02569 -0.04263 -0.05687 +0.07914 +0.05662
-0.05403 +0.07346 +0.13522 -0.44030 +0.19065 -0.04295
-0.03598 -0.00169 -0.04969 -0.04038 +0.12014 -0.06214
-0.05266 +0.02614 -0.03719 -0.00858 +0.03872 +0.01053
-0.02676 +0.00677 +0.01807 +0.05386 +0.07038 -0.02369
-0.05328 +0.02669 -0.03989 -0.01966 +0.02121 +0.00363
-0.05629 +0.01799 -0.02199 +0.01140 +0.03490 +0.04524
-0.03952 +0.00605 -0.05352 +0.03440 +0.01745 -0.00327
-0.03903 -0.03395 -0.02142 +0.06772 +0.05215 -0.02455
-0.05988 -0.10261 +0.06051 +0.04731 +0.03531 -0.00821
-0.11463 +0.04437 +0.03858 -0.01222 +0.01233 +0.08477
-0.08669 -0.00387 +0.05304 +0.03239 +0.01217 +0.05297
-0.09855 +0.02866 +0.09024 -0.00948 -0.00236 +0.05899
-0.10150 +0.10512 +0.10157 +0.02947 -0.00769 +0.00639
-0.07078 +0.10370 -0.01666 +0.02138 +0.01179 +0.07452
-0.05645 +0.02578 +0.03485 -0.01035 +0.07860 +0.03964
-0.06352 +0.04281 +0.01034 -0.02757 +0.05329 +0.07333
-0.05459 +0.03386 -0.00860 -0.05184 +0.05102 +0.03456
-0.04760 +0.01283 +0.03961 +0.03175 +0.01511 +0.03318
-0.05868 +0.03009 +0.04039 +0.00687 -0.02428 +0.06559
-0.04597 -0.10616 +0.08776 -0.01071 -0.02523 +0.05026
-0.07239 -0.01850 -0.07084 -0.05596 +0.07594 -0.04985
-0.08234 +0.01576 +0.06866 +0.03386 +0.01084 +0.00261
-0.10675 +0.02711 +0.02019 +0.02638 +0.03396 +0.02914
-0.08864 +0.02168 -0.02671 -0.02103 +0.07363 +0.06640
-0.10816 +0.03738 +0.05104 -0.01256 +0.01186 +0.08400
-0.08773 +0.18578 -0.01686 +0.00686 -0.02699 +0.01538
-0.04860 +0.03391 -0.04585 +0.02497 +0.05310 -0.00531
-0.04821 +0.03413 -0.01949 -0.02558 +0.01773 +0.08377
-0.04049 +0.00945 -0.10878 +0.01365 +0.04636 +0.00413
