  343.68610 
  343.48533 
  342.95861 
  342.86498 
  343.05099 
  342.30969 
  342.32363 
  342.99922 
  341.97565 
  342.07231 
  340.72651 
  341.44033 
  341.79977 
  341.92573 
  341.88668 
  342.80043 
  348.27136 
  358.02244 
  354.90843 
  354.25758 
  353.61037 
  352.86775 
  353.75644 
  353.42862 
  353.49382 
  353.85942 
  353.28650 
  353.28765 
  353.58350 
  353.43226 
  353.64381 
  352.84966 
  352.99808 
  352.77316 
  353.38263 
  353.30121 
  353.96775 
  354.21851 
  340.79867 
  353.00557 
  353.01698 
  353.09769 
  352.08794 
  352.99443 
  352.88283 
  352.49164 
  353.01122 
  352.41857 
  352.64183 
  352.65365 
  340.65006 
  344.48057 
  344.31972 
  344.53574 
  343.78634 
  344.38988 
  344.50636 
  344.25828 
  343.43847 
  343.51903 
  349.35051 
  353.53612 
  352.17555 
  352.01298 
  352.15471 
  352.10442 
  352.39510 
  353.34455 
  352.75951 
  352.17168 
  343.19590 
  343.48438 
  344.21286 
  343.96202 
  344.07716 
  344.37417 
  344.33998 
  344.46273 
  344.20146 
  343.21576 
  343.52511 
  343.84961 
  343.98033 
  347.40524 
  355.71676 
  353.43729 
  353.20450 
  352.65482 
  352.92010 
  352.93679 
  353.03901 
  353.26661 
  352.69760 
  352.78833 
  352.72336 
  352.64765 
  351.98225 
  344.85327 
  344.27170 
  344.87934 
  344.86910 
  343.97841 
  344.13353 
  344.62278 
  344.11571 
  344.24323 
  344.83621 
  344.72258 
  344.57206 
  344.52359 
  344.14746 
  344.19498 
  356.33252 
  353.97017 
  353.45371 
  353.10234 
  352.85522 
  353.33231 
  354.21844 
  353.38655 
  353.09444 
  352.72228 
  353.32292 
  347.89608 
  343.80183 
  345.08086 
  344.45743 
  344.23573 
  344.55275 
  344.14077 
  344.74146 
  356.06081 
  353.17347 
  352.34820 
  352.60818 
  352.86809 
  352.78845 
  343.54175 
  343.92475 
  343.73848 
  343.10390 
  343.78429 
  343.42095 
  353.05079 
  353.84008 
  353.35668 
  353.65316 
  353.26799 
  353.29669 
  345.50904 
  345.11902 
  344.24778 
  344.71306 
  344.37369 
  344.92260 
  351.03616 
  358.35318 
  356.15936 
  352.41731 
  340.13010 
  352.10808 
  353.64639 
  353.22766 
  353.01664 
  353.61336 
  353.41396 
  353.28232 
  353.89897 
  353.68752 
  353.54450 
  354.46212 
  353.50705 
  354.48840 
  354.68861 
  354.50585 
  353.39284 
  353.98672 
  353.41433 
  350.74455 
  341.55064 
  345.26515 
  346.12182 
  345.30804 
  345.38201 
  345.04802 
  345.06013 
  345.90626 
  345.65722 
  344.90456 
  351.91283 
  354.35251 
  352.98020 
  353.22452 
  353.64078 
  353.23276 
  353.11667 
  353.18228 
  353.44381 
  353.34754 
  353.43163 
  353.09703 
  346.37811 
  343.77967 
  344.72228 
  344.75688 
  344.08673 
  343.96649 
  343.58556 
  344.53735 
  354.86073 
  354.19802 
  353.57632 
  353.55714 
  353.17009 
  352.57947 
  353.04600 
  353.90054 
  353.30314 
  353.40689 
  352.85207 
  353.44649 
  347.75426 
  344.27764 
  344.34866 
  343.96762 
  342.80845 
  342.79148 
  342.70274 
  343.29833 
  343.10484 
  343.02496 
  343.63063 
  343.06477 
  343.00218 
  342.76371 
  342.11211 
  342.98159 
  342.39270 
  342.16133 
  342.11709 
  341.62810 
  357.29524 
  354.96506 
  353.54551 
  353.73828 
  353.50266 
  353.27420 
  353.03061 
  352.93365 
  346.84033 
  342.93089 
  344.41637 
  343.60272 
  343.18265 
  343.57054 
  343.19102 
  343.31563 
  344.26442 
  343.63795 
  342.59764 
  354.26840 
  353.50364 
  352.95576 
  352.09173 
  352.03444 
  353.25692 
  353.56514 
  353.01988 
  352.90285 
  350.32693 
  343.19680 
  345.01936 
  344.71343 
  343.81107 
  344.13280 
  344.30495 
  344.84324 
  344.84659 
  339.57587 
  354.20414 
