-0.06264 -0.05679 -0.07273 -0.02347 -0.01804 -0.10595
-0.06089 -0.05808 -0.06798 -0.03084 -0.00372 -0.08617
-0.06480 -0.06708 -0.06014 -0.04520 +0.02656 -0.09498
-0.05860 -0.05258 -0.09361 -0.06428 +0.00687 -0.07671
-0.06827 -0.06518 -0.06339 -0.05325 +0.03831 -0.13646
-0.07530 -0.06724 -0.10059 -0.07838 +0.00581 -0.09679
-0.07215 -0.06242 -0.07502 -0.07852 -0.00026 -0.09215
-0.05691 -0.05759 -0.08170 -0.10076 +0.00102 -0.03908
-0.06256 -0.06639 -0.05997 -0.06337 +0.03740 -0.03765
-0.05605 -0.05827 -0.06378 -0.04476 +0.02186 -0.11304
-0.06044 -0.11052 -0.04226 -0.00296 -0.15413 -0.07040
-0.03517 -0.06747 -0.07044 -0.04528 -0.06083 -0.04547
-0.04114 -0.09779 +0.02503 -0.02247 -0.02706 -0.14415
-0.03251 -0.05659 -0.11862 -0.08475 -0.03283 -0.06555
-0.04560 -0.07123 -0.07145 -0.02471 -0.03355 -0.09590
-0.04612 -0.07643 -0.01967 +0.00418 -0.07100 -0.05646
-0.03611 -0.02526 -0.04236 -0.09844 -0.06148 -0.10343
-0.00140 +0.12552 -0.00963 -0.07720 -0.00098 -0.05056
-0.11844 +0.00153 -0.08295 -0.13495 -0.01982 +0.07980
-0.13133 -0.04183 +0.06906 +0.03225 -0.00186 +0.06457
-0.13172 -0.01136 +0.01366 +0.04776 +0.06264 -0.05529
-0.14657 -0.03571 -0.04505 -0.12125 +0.09911 +0.07313
-0.13510 -0.03301 +0.06261 +0.03462 +0.04030 +0.02731
-0.13935 -0.02466 +0.01783 -0.01776 +0.05496 +0.04971
-0.14104 -0.02479 +0.01387 -0.03276 +0.05112 +0.04162
-0.13756 -0.01591 +0.01828 +0.01467 +0.03803 +0.02403
-0.10057 +0.06513 -0.19104 +0.10727 +0.12759 +0.02941
-0.17106 -0.04356 +0.03153 +0.04392 -0.00307 +0.05952
-0.13357 -0.01983 +0.03581 +0.02780 -0.01079 +0.20189
-0.15381 -0.03041 +0.03936 +0.02043 +0.03171 +0.07451
-0.13758 -0.02033 +0.02103 -0.08019 +0.02617 +0.15442
-0.14714 -0.01138 -0.05068 -0.07347 -0.00122 +0.17115
-0.14040 -0.00711 -0.02933 -0.06654 +0.02790 +0.03690
-0.14177 -0.01127 +0.01000 -0.07571 +0.04253 +0.10258
-0.14585 -0.02799 +0.07515 +0.00418 +0.03568 +0.08496
-0.15184 -0.01654 -0.02842 -0.18393 +0.06100 +0.12202
-0.13376 +0.01149 -0.02219 -0.01326 +0.04423 +0.03936
-0.14485 -0.03196 +0.05009 -0.03162 +0.02016 +0.08003
-0.24510 -0.14608 -0.14710 +0.09443 +0.03543 -0.13328
-0.07820 +0.10914 -0.05764 -0.02518 +0.02746 +0.00670
-0.09582 +0.06793 +0.00754 +0.01893 +0.01380 +0.05920
-0.09919 +0.06063 -0.00786 +0.01966 +0.11437 -0.02319
-0.11348 +0.05490 -0.01805 -0.01031 +0.07829 +0.04523
-0.11274 +0.05078 -0.00166 -0.05329 +0.16626 -0.07628
-0.12116 +0.05011 -0.00090 +0.03145 +0.05860 -0.02681
-0.11777 +0.05572 -0.03755 -0.04697 +0.12681 -0.04977
-0.11984 +0.04458 +0.02021 +0.06325 +0.09355 -0.09484
-0.12148 +0.05395 +0.00571 +0.01268 +0.10451 -0.02598
-0.12383 +0.05752 -0.01536 +0.04463 +0.01362 +0.01761
-0.11774 +0.04761 +0.01820 +0.05739 +0.09440 -0.02081
-0.05886 -0.02493 -0.12471 -0.00311 -0.09286 -0.07741
-0.02105 -0.02293 -0.06144 +0.01242 -0.15105 +0.02045
+0.00657 +0.02689 -0.10843 +0.02298 -0.12014 +0.06128
-0.01109 -0.00018 -0.06013 -0.01485 -0.20373 +0.11989
-0.00199 +0.00302 -0.02568 +0.05801 -0.08869 -0.00764
-0.00287 +0.00614 -0.06592 +0.00000 -0.10330 +0.08490
-0.00005 +0.00958 -0.05925 +0.02114 -0.00612 +0.02075
-0.01458 -0.00262 -0.08662 -0.05182 -0.06244 +0.01187
+0.00308 +0.01791 -0.05333 +0.01507 -0.07098 +0.02713
-0.00874 -0.00370 -0.01551 +0.00164 -0.03683 -0.00150
+0.02514 +0.10197 -0.10100 -0.00700 -0.11848 +0.04284
-0.00496 +0.07449 +0.03204 +0.01526 -0.06646 -0.02456
-0.03411 +0.02969 +0.04242 -0.01069 -0.02330 +0.01287
-0.03686 +0.02704 +0.04485 -0.04475 -0.02679 -0.04729
-0.03165 +0.03498 +0.00163 -0.06690 -0.04542 +0.04806
-0.04010 +0.03646 -0.02443 -0.10609 -0.08103 +0.06827
-0.04640 +0.02659 -0.01210 -0.11607 -0.08487 +0.05825
-0.03716 +0.02670 +0.07846 -0.02395 -0.09760 +0.04069
-0.03919 +0.02723 +0.04321 -0.10711 +0.02515 -0.05148
-0.04020 +0.02586 +0.06740 -0.01576 -0.00198 -0.09474
-0.10026 -0.13376 +0.01489 +0.03806 -0.13094 +0.04393
-0.00130 -0.00258 +0.00564 -0.02748 -0.06110 -0.01265
-0.00570 +0.00007 -0.03889 -0.04024 -0.08766 -0.01113
-0.01057 -0.00861 -0.03802 -0.08749 -0.03191 -0.02038
-0.01445 -0.02178 +0.04244 -0.04977 -0.04388 -0.06773
-0.01152 -0.01410 +0.00899 -0.05941 +0.03300 -0.05227
-0.00887 -0.01433 +0.04535 -0.05262 +0.01934 -0.05958
-0.01550 -0.00766 -0.01641 -0.06333 -0.05819 -0.07888
-0.00694 -0.00950 +0.04794 +0.00918 -0.05153 -0.03628
-0.00712 +0.00033 -0.01323 -0.04252 -0.00739 +0.02633
-0.01062 +0.00499 -0.04281 -0.06993 -0.04188 -0.04093
-0.00144 +0.00052 +0.02340 -0.02672 -0.04297 -0.04934
-0.00739 -0.00972 +0.03907 -0.03432 -0.03801 -0.04389
-0.00058 +0.04940 -0.05578 -0.12877 -0.09656 +0.06335
+0.03737 +0.11755 +0.07526 -0.04985 -0.01005 -0.04449
-0.04540 +0.01342 +0.10180 -0.06925 -0.04912 +0.05339
-0.03011 +0.03743 +0.05099 -0.04153 -0.01702 -0.04143
-0.03411 +0.04752 -0.00648 -0.09386 +0.04801 -0.06128
-0.04322 +0.03176 +0.03783 -0.04187 -0.07686 +0.02131
-0.02639 +0.07932 -0.10943 -0.13493 +0.00791 -0.02337
-0.05899 +0.01770 -0.00033 -0.17999 -0.01445 +0.01998
-0.03854 +0.02091 +0.10874 -0.01018 -0.02731 -0.00128
-0.03843 +0.03680 +0.06478 -0.03523 +0.01658 -0.06731
-0.05123 +0.02006 +0.09058 -0.02220 -0.02912 -0.05535
-0.04687 +0.02260 +0.07207 -0.07834 -0.04752 -0.00385
-0.02918 +0.04652 +0.00786 -0.07678 -0.01266 +0.07604
-0.04972 +0.03595 -0.01504 -0.11051 -0.02243 +0.03093
-0.08358 -0.07825 -0.02631 -0.02038 +0.05543 -0.10036
-0.05774 -0.06950 +0.04671 +0.00875 -0.04400 -0.08706
+0.00192 +0.02195 -0.04717 -0.00677 -0.01371 -0.07872
-0.02133 -0.01527 -0.00787 -0.07408 -0.07578 +0.01878
-0.00891 -0.00760 +0.03182 -0.05858 +0.02416 -0.05312
-0.00709 +0.00418 -0.00901 -0.01604 -0.04445 -0.07500
-0.00320 -0.00195 +0.01071 -0.01967 -0.02789 -0.03754
-0.00646 +0.00718 -0.02902 -0.05713 +0.00892 -0.06223
-0.01157 -0.00913 +0.00300 -0.04184 -0.00054 -0.04657
-0.00523 +0.01761 -0.05911 -0.00867 +0.04096 -0.07389
-0.00335 +0.04542 -0.15442 -0.00472 -0.01026 -0.02033
-0.02675 -0.00689 -0.05489 -0.05976 -0.00247 -0.03514
-0.00943 -0.00001 +0.02752 +0.01692 -0.05236 -0.02624
-0.00982 +0.00188 -0.01852 -0.01640 +0.02860 -0.01269
-0.01528 -0.00153 +0.02047 +0.02213 +0.00029 -0.04470
+0.03185 +0.13232 -0.03821 -0.18016 -0.03120 -0.02519
-0.02904 +0.05785 +0.03241 +0.00313 -0.00700 -0.09681
-0.03331 +0.04885 +0.02215 -0.03391 +0.02269 -0.02050
-0.04336 +0.03074 +0.04358 -0.02830 +0.01350 -0.07281
-0.04277 +0.04098 +0.01752 -0.02956 -0.01693 -0.05784
-0.04348 +0.02849 +0.06618 -0.02466 -0.00160 -0.08031
-0.02866 +0.07757 -0.08513 +0.01999 -0.03324 +0.01571
-0.06185 +0.00361 +0.11965 +0.01893 -0.12280 +0.05414
-0.04142 +0.03440 +0.04958 -0.00091 -0.00077 -0.08207
-0.05349 +0.02453 +0.01617 -0.08586 -0.01522 +0.02759
-0.03604 +0.03580 +0.04369 -0.02336 +0.03708 -0.02022
-0.06723 -0.01770 -0.04552 -0.01408 +0.05911 -0.04257
-0.06377 -0.03688 -0.09928 +0.11489 -0.06605 +0.02683
-0.02268 -0.02769 +0.02358 +0.06521 -0.02656 -0.07557
-0.00322 -0.00518 +0.00004 -0.00463 -0.01477 +0.01200
-0.00983 +0.00653 -0.02563 -0.01037 -0.01167 -0.04295
-0.00595 -0.00286 +0.01210 -0.01176 -0.00946 -0.06596
-0.01833 +0.00624 -0.03572 -0.03744 -0.03479 -0.05466
-0.00483 -0.00783 +0.04135 -0.01707 -0.01314 -0.07247
+0.03590 +0.13776 -0.01871 -0.14982 -0.00927 -0.04482
-0.03276 +0.03086 +0.06931 -0.05584 -0.03927 +0.05291
-0.03755 +0.03377 +0.04341 -0.03789 -0.01908 +0.06280
-0.03497 +0.03027 +0.04592 -0.05218 -0.00762 -0.00665
-0.04525 +0.02516 +0.06455 -0.04729 +0.01387 -0.07852
-0.03260 +0.04834 +0.02862 -0.05091 +0.02301 +0.01005
-0.08309 -0.05460 -0.08606 +0.03830 -0.01285 -0.07255
-0.06232 -0.08171 +0.06111 +0.02041 -0.11296 -0.03608
-0.00422 -0.00625 +0.04958 +0.03745 -0.10773 +0.00307
+0.00000 +0.00000 +0.00000 +0.00000 +0.00000 +0.00000
-0.01653 -0.01394 +0.01831 -0.02448 -0.03566 +0.00012
-0.00453 -0.00047 +0.01404 +0.00963 -0.04115 -0.06037
+0.02061 +0.09570 -0.01603 -0.04873 -0.09196 +0.07231
-0.00006 +0.09130 +0.00132 -0.02375 -0.00259 -0.05994
-0.03925 +0.03029 +0.06860 -0.00362 -0.02559 +0.04639
-0.03497 +0.02535 +0.07085 -0.02235 -0.00312 -0.04214
-0.04264 +0.03677 +0.01540 -0.04909 +0.01519 -0.07111
-0.04121 +0.02644 +0.08297 -0.03391 +0.01335 -0.04783
-0.06900 -0.02950 -0.10447 +0.05111 +0.03810 +0.00490
-0.05619 -0.04841 -0.01184 +0.06159 -0.11410 +0.05843
-0.01639 +0.00113 -0.05993 -0.04890 +0.01127 -0.01784
-0.01391 +0.00617 -0.02134 -0.01378 -0.01446 -0.06774
-0.00484 +0.01355 -0.06913 -0.04544 +0.05801 -0.04450
-0.02106 -0.01019 +0.01645 +0.01166 -0.01769 +0.00064
+0.02532 +0.09817 -0.00962 -0.04116 -0.06402 -0.07114
+0.01813 +0.14913 +0.09972 -0.01916 +0.00761 -0.06682
-0.06342 +0.06949 +0.05157 -0.07019 +0.07345 +0.03964
-0.08481 +0.02272 +0.14351 +0.08353 +0.01084 -0.14729
-0.17689 -0.00330 -0.26987 +0.34001 -0.03390 +0.06077
-0.01043 +0.18611 -0.00896 +0.21412 +0.02514 -0.04397
-0.03603 +0.11851 -0.01429 +0.09192 -0.02991 +0.05946
-0.03906 +0.12050 -0.01289 +0.07743 -0.04525 +0.05321
-0.04152 +0.10945 -0.00740 +0.06302 -0.02920 +0.05640
-0.03529 +0.09690 +0.04249 +0.07151 +0.02742 +0.05038
-0.05435 +0.10408 +0.01893 +0.06207 -0.01377 +0.02634
-0.06052 +0.08715 +0.03908 -0.00207 +0.06888 -0.02505
-0.05297 +0.11197 +0.02427 +0.06975 -0.03318 -0.03869
-0.05225 +0.10552 +0.04258 +0.10216 -0.00450 -0.03955
-0.05600 +0.11280 -0.00084 +0.02673 -0.00705 -0.00439
-0.05249 +0.10453 +0.06860 +0.10556 -0.04308 -0.05492
-0.03488 +0.19365 -0.22072 +0.09621 -0.02125 +0.08039
-0.07505 +0.07647 +0.09619 +0.14069 +0.03443 -0.07895
-0.06912 +0.11203 +0.01420 +0.04126 -0.06394 +0.02760
-0.06923 +0.08904 +0.07766 +0.05710 +0.01803 -0.06398
-0.06416 +0.09371 +0.06641 +0.08323 -0.01140 -0.00700
-0.05802 +0.10791 +0.05369 +0.06948 -0.00891 +0.00916
-0.06499 +0.11574 -0.00831 +0.01001 -0.03700 +0.02771
-0.05877 +0.07372 +0.02150 +0.09088 -0.04570 -0.10437
-0.08231 -0.05211 +0.00201 +0.02577 -0.20055 -0.08678
-0.00396 +0.02075 +0.00219 +0.00993 -0.13419 -0.03071
-0.01542 -0.01250 +0.06715 +0.05083 -0.12905 -0.05889
-0.00663 +0.01939 -0.01115 +0.01502 -0.14506 -0.02286
+0.00027 +0.01569 -0.00134 +0.02755 -0.09023 -0.04761
-0.01099 +0.01065 -0.00229 +0.02069 -0.07108 -0.07617
+0.00190 +0.07126 -0.14662 -0.00139 -0.07229 -0.01702
-0.02691 +0.00178 -0.03667 -0.00924 -0.11503 -0.04909
-0.01514 +0.01414 +0.00015 +0.00030 -0.15810 +0.01987
-0.00485 +0.01414 -0.00581 +0.00820 -0.05376 -0.01711
+0.00399 +0.08452 -0.02028 -0.10216 -0.10732 -0.03599
-0.00064 +0.08101 +0.05259 +0.01685 -0.04487 -0.03438
-0.03541 +0.03996 +0.02162 -0.00835 -0.04272 -0.01422
-0.03571 +0.03574 +0.03735 +0.00014 -0.04688 -0.01642
-0.04557 +0.01862 +0.10610 -0.00033 -0.03483 -0.00937
-0.03310 +0.03124 +0.08486 +0.03811 -0.01732 +0.04397
-0.04008 +0.03826 +0.02158 +0.00711 -0.01466 -0.03100
-0.04970 +0.02926 +0.04855 +0.00969 -0.05480 -0.06227
-0.02313 +0.09618 -0.10652 +0.03159 +0.01623 -0.06433
-0.05371 +0.03480 -0.00849 -0.05492 -0.13076 +0.05338
-0.03899 +0.03254 +0.07887 +0.00462 -0.03055 -0.00569
-0.04526 +0.04720 +0.00018 -0.05806 -0.01051 -0.03459
-0.06488 -0.03294 -0.00770 +0.09361 -0.04094 -0.01142
-0.04631 -0.02087 -0.10544 +0.04108 -0.08732 +0.00340
-0.00659 +0.00377 -0.04679 -0.02775 -0.12060 -0.00429
-0.00840 -0.02319 +0.08740 +0.06110 -0.10577 -0.03817
-0.01099 -0.03034 +0.08672 +0.06220 -0.15308 +0.07947
-0.00004 -0.00775 +0.00649 -0.00236 -0.03846 +0.02187
-0.00060 +0.00529 -0.02137 -0.00835 +0.00470 -0.04541
-0.00629 -0.01466 +0.02498 +0.01036 -0.05849 -0.02758
+0.04325 +0.14451 +0.02651 -0.06520 -0.01203 -0.07374
-0.00575 +0.08866 -0.03447 -0.01081 -0.00909 -0.00093
-0.03337 +0.03624 +0.06627 +0.06050 -0.03416 +0.00140
-0.03754 +0.04859 +0.02758 +0.03816 -0.03181 -0.04396
-0.03072 +0.05944 +0.00647 +0.01317 -0.04369 -0.02049
-0.03621 +0.05137 -0.00311 -0.03061 -0.04509 -0.02224
-0.03291 +0.04027 +0.02675 -0.05891 -0.05190 -0.00717
-0.03300 +0.03864 +0.04923 -0.03394 -0.04512 -0.02854
-0.03012 +0.05914 -0.03404 -0.01849 -0.04545 -0.04199
-0.04016 +0.03027 -0.00599 -0.09218 -0.02442 +0.00830
-0.03647 +0.02512 +0.09310 -0.03901 -0.01648 +0.00921
-0.03138 +0.03215 +0.08236 -0.00993 -0.04627 -0.07167
-0.04791 -0.00145 -0.03329 -0.01462 +0.00359 -0.00569
-0.06864 -0.09444 +0.10388 +0.11258 -0.16438 +0.05175
-0.00144 -0.00251 +0.01524 -0.00037 -0.07724 -0.01480
-0.00830 +0.00440 -0.05500 -0.04171 -0.07092 -0.00842
-0.00503 -0.02691 +0.02701 +0.03070 -0.05008 -0.08108
-0.00188 -0.00661 -0.02219 +0.01789 -0.06977 -0.02545
-0.00021 +0.00205 -0.04576 -0.00903 -0.00057 -0.07362
-0.00782 -0.02019 -0.00272 -0.01527 -0.08163 -0.02585
+0.00515 -0.01454 +0.02670 +0.00741 +0.00460 -0.04666
-0.00392 -0.00475 -0.03587 +0.01950 -0.03003 -0.02438
-0.00775 -0.02375 +0.07299 +0.05194 -0.00795 -0.08080
-0.00230 -0.00768 +0.01100 +0.03611 -0.02487 -0.08370
-0.00808 -0.02424 +0.01315 -0.01720 -0.01483 -0.05354
-0.00102 -0.02154 +0.06441 +0.02816 +0.00268 -0.04493
-0.00109 +0.02622 -0.11712 -0.02641 -0.07605 +0.00507
-0.01889 -0.01832 -0.01317 -0.05215 -0.03098 -0.05281
-0.00995 -0.02387 +0.03339 -0.02988 -0.01085 -0.07542
-0.00737 -0.01004 -0.00801 -0.00735 -0.03231 -0.03689
-0.00873 -0.00615 +0.00293 -0.02059 -0.05502 -0.04319
-0.01093 -0.01329 +0.03275 +0.01629 -0.11467 +0.03505
+0.07155 +0.18791 +0.01740 -0.05052 -0.01335 -0.04951
-0.03662 +0.04730 +0.07739 +0.02248 -0.03211 -0.06119
-0.01529 +0.12298 -0.12016 +0.10352 -0.01680 -0.03784
-0.06167 +0.03352 -0.01057 -0.02223 -0.10350 +0.03513
-0.04530 +0.04592 +0.05236 +0.03738 -0.07415 -0.04038
-0.05335 +0.02681 +0.02487 -0.11863 -0.05788 +0.02348
-0.03635 +0.04101 +0.04966 -0.02414 -0.03637 +0.04293
-0.04290 +0.05615 -0.04603 -0.08353 -0.08369 +0.02500
-0.08201 -0.06562 +0.07222 +0.00618 +0.02532 -0.08897
-0.04312 -0.03449 -0.08602 +0.11495 -0.02555 +0.01978
-0.01086 -0.01830 +0.00392 +0.02912 -0.04736 -0.02549
+0.00094 -0.00469 -0.02402 +0.00126 -0.02648 -0.00572
-0.00704 -0.01210 -0.00879 +0.01682 -0.05152 -0.06539
+0.00018 -0.00649 -0.00318 +0.01436 -0.04826 -0.01681
-0.00193 -0.01418 -0.00404 +0.00086 -0.02404 -0.08535
-0.00456 -0.02188 +0.03640 +0.01555 -0.03060 -0.05447
-0.00154 -0.01139 +0.00984 +0.02951 -0.00110 -0.04323
-0.00560 -0.01822 +0.00573 +0.01454 -0.03220 -0.07705
-0.00458 -0.02348 +0.00320 -0.01088 -0.00990 -0.02755
+0.07302 +0.28599 -0.18555 -0.04330 -0.02881 -0.00693
-0.05232 +0.05798 +0.02060 -0.02482 -0.07303 +0.08147
-0.05625 +0.06077 +0.00917 -0.09942 -0.06117 +0.05949
-0.04420 +0.05979 +0.03434 -0.02051 +0.01788 +0.01997
-0.05564 +0.06041 +0.04041 -0.01802 +0.03635 -0.03193
-0.05452 +0.08377 -0.00088 +0.01173 -0.03117 -0.04157
-0.06230 +0.03592 +0.04748 -0.01504 -0.00036 +0.00441
-0.06069 +0.03706 +0.03837 -0.03515 +0.03484 +0.04785
-0.06448 +0.03863 +0.07204 -0.03639 -0.01223 +0.10992
-0.07195 -0.01300 +0.14874 +0.00213 +0.02407 -0.00568
-0.11725 -0.14690 +0.00342 +0.02110 -0.10653 -0.02838
-0.00229 +0.01324 -0.05426 -0.02434 -0.04351 -0.06619
-0.00733 -0.01239 +0.02404 +0.00880 -0.01357 -0.03870
-0.00909 -0.00602 +0.01762 +0.00877 -0.04738 -0.06630
-0.01397 -0.00734 +0.01050 -0.03080 -0.04635 -0.09816
-0.00022 -0.00964 +0.04795 -0.02540 -0.01475 -0.07358
-0.00531 -0.00738 -0.00274 -0.03470 -0.02715 -0.04134
-0.01040 -0.00685 +0.00756 -0.03322 -0.05480 -0.07511
-0.00648 +0.13381 -0.12040 +0.02533 +0.06000 -0.19789
-0.02292 +0.14086 +0.00425 +0.07065 -0.00223 -0.06977
