  373.17848 
  372.82236 
  372.45158 
  372.03812 
  372.32540 
  371.75396 
  370.47120 
  369.64444 
  370.05859 
  369.93469 
  370.22895 
  370.73141 
  370.96946 
  370.94797 
  369.03443 
  370.60725 
  369.49033 
  370.32066 
  370.10832 
  370.34766 
  370.72397 
  370.23055 
  370.55488 
  369.84923 
  370.50937 
  371.64600 
  370.72921 
  370.03178 
  370.39605 
  369.90425 
  371.05703 
  370.58575 
  370.68858 
  371.02163 
  371.10103 
  371.96813 
  371.31327 
  370.86664 
  371.47559 
  370.43763 
  370.58455 
  369.40131 
  370.15709 
  370.07897 
  369.81736 
  381.28056 
  389.43103 
  388.22322 
  387.61889 
  388.22465 
  388.13440 
  380.24757 
  371.94571 
  373.17390 
  372.82558 
  372.55350 
  372.96527 
  373.45944 
  373.38780 
  372.17236 
  372.31383 
  371.44796 
  372.18736 
  371.78310 
  372.48161 
  391.25196 
  365.72157 
  384.48562 
  385.65400 
  386.21791 
  386.74140 
  386.70999 
  385.72765 
  386.72483 
  387.51205 
  387.40066 
  381.70050 
  369.34006 
  372.95992 
  373.95909 
  373.76373 
  373.64011 
  373.78854 
  374.65452 
  374.67880 
  374.57880 
  373.10836 
  372.50188 
  372.51884 
  372.60237 
  382.14092 
  390.33095 
  386.36104 
  372.48630 
  374.18983 
  374.94062 
  374.96344 
  375.40207 
  375.23294 
  375.69758 
  380.61398 
  390.06091 
  389.12970 
  388.85236 
  387.65615 
  375.45044 
  375.86887 
  375.53732 
  376.14400 
  375.72136 
  375.35534 
  376.19500 
  376.05076 
  376.55375 
  390.21913 
  389.42990 
  389.84107 
  379.27491 
  373.46229 
  373.29764 
  373.78496 
  373.52806 
  373.49358 
  382.97939 
  390.83515 
  390.06893 
  390.34147 
  389.99870 
  380.43999 
  374.79205 
  375.60562 
  376.23882 
  375.54398 
  376.26806 
  375.66300 
  375.57780 
  374.86641 
  375.71491 
  375.57967 
  375.29217 
  374.77310 
  375.06652 
  375.66274 
  391.45019 
  389.69441 
  389.70015 
  389.38708 
  389.04244 
  374.42006 
  374.30661 
  376.89571 
  390.57945 
  389.58993 
  389.82857 
  389.11751 
  389.26928 
  373.43405 
  373.64524 
  370.30967 
  371.00057 
  370.05425 
  370.83956 
  369.07414 
  369.19163 
  370.08046 
  370.84470 
  370.60927 
  369.96866 
  375.54815 
  389.69789 
  388.81694 
  389.13654 
  389.28046 
  388.06691 
  372.03564 
  372.96868 
  372.77489 
  373.46129 
  372.54543 
  372.88025 
  373.05663 
  373.37613 
  371.85870 
  371.66503 
  370.50447 
  370.10834 
  369.93871 
  369.29731 
  370.20481 
  369.33631 
  370.32892 
  370.89066 
  370.07729 
  369.57431 
  370.36734 
  369.68566 
  369.81079 
  373.28388 
  389.04452 
  388.21353 
  387.88717 
  388.96188 
  388.17575 
  388.50133 
  388.19081 
  388.53401 
  375.10152 
  373.30157 
  371.90067 
  371.65532 
  371.23430 
  371.11471 
  371.72640 
  371.01559 
  370.83718 
  370.93993 
  371.27413 
  370.39485 
  370.79428 
  375.15796 
  388.99599 
  388.61094 
  388.13303 
  388.25416 
  388.12549 
  373.20304 
  372.99093 
  372.79797 
  373.41961 
  382.66794 
  388.23541 
  387.60811 
  387.39837 
  380.03910 
  370.82167 
  372.91009 
  371.72059 
  368.42193 
  375.37185 
  382.45352 
  383.77615 
  384.15752 
  385.29090 
  386.97161 
  386.86631 
  387.35491 
  387.39122 
  387.64783 
  387.13292 
  387.44608 
  387.08154 
  385.66673 
  386.39396 
  386.36337 
  387.14165 
  387.87608 
  387.29000 
  387.45943 
  387.11018 
  386.91486 
  386.93549 
  387.63808 
  388.31534 
  388.17710 
  387.88873 
  387.70036 
  388.79386 
  388.01648 
  388.92632 
  388.42494 
  387.87169 
  388.63906 
  388.60662 
  388.48815 
  372.72040 
  366.40168 
  372.82128 
  373.36822 
  371.89052 
  373.49987 
