-0.03864 -0.08829 -0.03553 +0.02691 +0.03249 -0.11580
-0.03451 -0.09883 -0.05501 +0.02694 +0.03420 +0.00045
-0.03003 -0.09562 -0.05248 +0.02231 +0.04939 -0.05480
-0.02276 -0.10747 -0.03602 +0.03770 +0.04088 -0.08495
-0.03345 -0.09156 -0.04209 +0.05309 +0.00085 -0.09745
-0.03176 -0.10958 -0.03918 +0.01602 +0.02304 -0.06878
-0.04012 -0.11383 -0.04371 +0.04210 +0.02173 -0.05686
-0.02382 -0.11438 -0.03542 +0.02674 +0.04530 -0.04489
-0.02416 -0.12164 -0.01984 +0.07154 +0.00554 -0.10258
-0.03121 -0.10582 -0.05051 +0.03999 +0.04401 -0.00845
-0.01889 -0.11444 -0.01048 +0.07138 +0.01536 -0.08253
-0.03501 -0.10184 -0.02783 +0.02605 +0.00059 -0.01874
-0.03872 -0.09458 -0.01567 +0.07194 -0.03703 +0.03070
-0.02300 -0.11035 -0.00013 +0.02998 +0.00681 -0.05236
-0.03457 -0.10673 +0.03585 -0.05022 +0.01100 -0.05565
-0.04873 -0.12847 +0.02569 -0.07226 +0.10780 +0.03329
-0.03409 -0.15432 +0.01498 -0.00511 +0.01784 -0.05410
-0.03959 -0.10032 +0.00990 +0.08490 -0.02700 +0.00390
-0.02701 -0.12449 +0.03738 -0.00484 -0.05986 -0.00261
-0.01621 -0.12889 +0.04442 -0.01682 +0.02082 -0.07025
-0.05435 -0.12098 +0.03948 -0.06882 -0.06746 -0.09126
-0.03666 -0.10722 +0.01064 +0.03091 -0.02996 +0.00486
-0.03030 -0.11298 +0.02585 +0.03822 -0.06976 -0.02170
-0.03222 -0.11967 +0.02150 +0.00121 +0.01191 -0.05904
-0.04435 -0.11198 +0.00504 -0.00354 -0.04275 +0.01055
-0.04133 -0.10832 -0.02107 -0.04674 +0.09257 +0.04997
-0.03613 -0.11253 +0.00885 -0.00042 -0.02685 +0.02554
-0.03604 -0.10987 +0.02441 +0.02845 -0.10538 +0.01236
-0.02640 -0.11915 +0.02869 +0.04970 -0.02297 -0.01995
-0.03328 -0.10705 -0.00829 +0.06036 -0.04715 +0.15281
-0.02799 -0.10195 +0.03200 +0.02453 -0.02278 +0.00221
-0.04080 -0.10593 +0.02056 +0.04380 -0.07161 -0.00486
-0.02797 -0.10349 +0.02193 +0.04537 -0.07042 +0.02762
-0.02578 -0.11162 +0.01413 +0.02508 -0.00861 +0.02774
-0.02720 -0.11045 +0.03274 +0.01551 -0.03553 -0.00644
-0.04912 -0.11501 +0.04430 -0.03325 +0.00064 -0.05287
-0.06334 -0.10503 +0.00791 -0.01492 -0.02445 +0.10559
-0.02955 -0.11541 +0.05786 +0.01668 -0.05708 +0.00670
-0.04057 -0.10639 +0.03672 -0.00392 -0.05941 +0.00099
-0.04363 -0.11963 +0.04033 -0.03573 -0.01061 -0.04817
-0.05387 -0.09756 +0.00829 -0.00583 +0.04525 +0.00950
-0.05342 -0.10961 +0.01038 +0.03127 -0.04875 -0.01087
-0.03692 -0.10650 +0.02009 +0.04531 -0.00671 -0.01452
-0.03520 -0.11745 +0.04069 +0.02934 -0.02748 -0.08484
-0.03289 -0.10539 +0.02413 +0.05609 -0.00980 -0.04890
+0.04822 -0.07397 +0.07361 +0.07487 -0.06056 +0.06125
+0.06453 -0.08532 +0.08948 -0.00984 -0.09697 +0.00520
+0.01856 -0.07257 +0.01802 -0.02325 -0.11216 -0.02922
+0.00596 -0.06496 -0.00388 -0.02889 -0.13772 +0.03540
+0.00253 -0.06059 +0.02139 -0.03769 -0.14108 -0.02359
+0.01486 -0.06726 -0.00214 -0.03883 -0.07979 +0.01505
-0.07332 -0.08126 -0.06596 -0.10760 -0.04527 +0.00403
-0.07502 -0.08998 -0.01991 -0.02099 -0.08025 -0.01747
-0.04205 -0.11711 -0.00943 -0.15527 +0.14640 -0.04080
-0.03957 -0.09896 +0.02088 -0.01318 -0.03293 -0.00403
-0.02690 -0.09308 +0.02969 +0.02712 -0.03281 -0.01072
-0.03840 -0.08417 +0.00679 -0.00383 -0.04540 +0.00968
-0.02516 -0.08843 +0.03077 +0.01267 +0.01333 -0.02918
-0.05138 -0.10309 -0.01008 -0.06816 +0.05517 +0.01201
-0.05714 -0.12849 +0.00465 -0.06861 +0.03435 +0.01818
-0.05084 -0.09789 -0.01167 +0.01583 +0.02031 +0.01504
-0.04182 -0.10963 +0.03555 +0.00727 +0.00135 -0.06733
-0.05741 -0.11447 +0.00674 -0.06712 +0.04344 -0.04601
-0.05882 -0.10700 -0.01563 -0.03786 +0.04895 -0.02824
-0.02806 -0.08689 +0.01927 +0.06157 -0.05253 +0.02899
+0.11962 -0.07165 +0.14125 -0.05073 +0.02595 -0.07220
-0.07069 +0.06386 -0.32164 +0.08296 +0.02687 +0.29620
+0.17037 -0.08494 +0.01339 +0.02198 +0.14987 +0.02909
+0.09570 -0.04818 -0.09692 -0.00262 +0.06565 +0.03013
+0.11417 -0.01740 -0.05153 +0.00469 -0.02249 +0.04475
+0.09409 -0.04541 -0.08360 +0.00240 -0.03179 +0.05805
+0.08696 -0.03262 -0.06813 -0.03420 -0.00942 -0.04644
+0.09250 -0.06603 -0.12841 +0.02611 +0.06163 -0.00910
+0.08615 -0.06203 -0.12318 -0.04250 +0.09667 +0.03277
+0.07597 -0.02638 -0.09186 -0.01225 +0.03505 -0.07377
+0.09745 -0.01211 -0.09132 -0.00507 +0.06442 +0.01731
+0.03963 -0.07369 -0.07179 +0.01318 +0.00614 +0.03060
-0.06074 -0.07278 -0.01009 -0.15465 +0.12926 +0.12500
+0.01052 -0.07735 +0.04414 -0.02250 +0.00101 +0.18066
-0.01813 -0.06475 +0.02128 -0.05846 +0.04223 +0.07830
-0.00976 -0.06790 +0.04141 -0.07237 +0.03410 +0.05313
-0.02593 -0.06960 +0.01365 -0.12734 +0.04385 +0.06695
-0.01999 -0.05415 -0.00971 -0.02571 +0.05165 +0.06177
-0.00364 -0.05784 +0.02177 -0.05512 +0.06109 +0.08512
-0.01973 -0.05207 +0.00503 -0.04221 +0.01777 +0.08121
-0.02598 -0.03534 -0.01615 +0.00606 +0.06425 +0.09590
-0.01712 -0.06082 +0.02202 -0.02432 -0.00225 +0.03949
-0.02768 -0.05317 +0.01081 -0.05710 +0.01889 +0.05160
-0.00822 -0.04679 +0.03283 -0.01036 -0.00890 +0.05320
-0.02096 -0.04847 +0.00715 -0.04323 +0.00085 +0.07298
+0.05496 -0.03417 +0.08140 -0.02114 +0.01225 +0.05801
+0.07690 -0.03673 +0.07513 -0.05534 -0.01459 +0.05527
+0.00746 -0.01873 -0.01343 -0.07897 -0.02597 +0.02458
-0.10321 -0.00251 -0.12963 -0.05520 +0.00189 -0.00513
-0.02235 -0.03988 -0.00416 -0.02741 +0.01762 -0.03515
+0.00353 -0.02922 +0.01410 +0.08007 -0.00817 +0.01871
-0.01713 -0.04367 -0.01014 -0.02544 +0.02739 +0.07834
-0.02629 -0.03681 +0.00056 -0.02648 +0.00617 -0.00146
+0.00019 -0.03151 +0.02544 -0.02237 -0.02378 -0.02592
-0.01249 -0.03414 +0.00491 -0.01215 -0.00137 -0.00510
+0.03506 -0.02670 +0.06537 +0.01156 -0.04379 -0.00653
+0.07725 -0.02867 +0.07886 -0.00532 -0.01960 +0.06134
+0.02300 -0.01778 +0.01596 -0.03942 -0.12662 +0.02590
+0.03211 -0.01833 +0.01454 -0.03394 -0.09496 +0.02497
+0.02165 +0.00107 -0.02603 -0.00353 -0.00828 +0.07511
-0.12757 +0.02955 -0.15257 -0.06224 -0.09073 +0.00766
-0.00362 -0.01244 +0.04052 +0.00387 -0.06414 -0.06486
-0.01458 -0.02682 +0.00108 -0.06080 -0.00139 -0.00100
-0.00936 -0.02382 +0.00561 +0.01022 +0.01701 -0.06020
-0.01583 -0.02029 -0.01104 -0.02147 -0.00099 -0.01169
-0.01142 -0.02277 -0.00079 -0.00500 -0.04834 -0.02889
+0.00651 -0.02028 +0.00079 +0.02936 +0.00442 +0.03216
-0.00898 -0.01481 +0.01433 -0.00496 -0.06764 -0.02946
-0.01389 -0.01504 +0.01388 -0.02850 -0.07964 +0.00817
+0.11640 -0.02370 +0.11631 -0.03988 +0.00497 +0.07844
+0.01801 -0.00676 +0.00261 -0.08952 -0.04085 -0.01638
+0.00247 -0.00624 -0.02203 -0.11056 -0.05527 -0.00039
-0.06268 +0.01594 -0.07842 -0.05400 -0.11419 +0.03549
-0.08456 +0.00108 -0.08197 -0.10492 +0.00994 -0.04314
-0.00867 -0.00965 +0.00782 +0.02380 +0.02186 -0.05966
-0.01320 -0.02039 +0.01917 -0.01650 -0.02201 -0.07860
-0.02486 -0.01612 -0.00135 +0.00841 -0.05070 -0.05023
-0.00783 -0.02117 +0.01726 +0.01292 -0.01748 -0.07285
+0.05680 -0.04132 +0.08237 -0.06521 -0.01805 -0.01119
+0.08255 -0.02008 +0.07453 +0.00673 -0.08278 +0.04251
+0.03177 -0.02339 -0.00271 -0.02438 -0.15069 +0.04090
+0.02881 -0.01583 -0.00744 -0.07840 -0.10370 +0.06192
+0.02905 -0.03140 -0.00421 -0.11112 -0.09750 +0.03055
-0.05933 +0.01293 -0.11110 -0.12458 -0.05628 +0.00549
-0.08088 +0.00266 -0.10912 -0.02966 -0.01703 -0.02351
-0.01500 -0.00948 -0.00678 +0.02027 +0.01932 -0.04419
-0.01693 -0.01029 -0.02217 -0.01597 +0.05175 -0.01784
-0.01948 -0.00716 -0.01404 -0.05353 +0.06520 -0.08104
-0.04711 -0.00073 -0.05298 -0.06737 +0.00334 +0.00714
+0.01271 -0.00807 +0.01290 +0.02425 +0.00525 -0.03649
-0.02350 -0.01467 -0.02580 -0.07448 +0.03335 -0.05576
-0.01848 -0.01155 -0.02625 -0.07675 +0.03412 +0.00036
-0.01332 -0.00754 -0.01611 -0.03268 +0.04523 -0.05407
-0.03056 +0.00223 -0.00874 -0.05598 -0.00085 -0.08033
-0.01646 -0.00301 -0.01289 -0.00758 -0.01700 -0.05055
+0.00000 +0.00000 +0.00000 +0.00000 +0.00000 +0.00000
-0.02416 -0.00108 -0.02364 -0.02308 -0.01140 -0.02479
+0.01383 +0.00390 +0.00400 +0.01719 +0.06508 -0.03183
+0.11563 -0.00617 +0.09180 -0.09075 +0.01988 +0.01484
+0.03139 +0.01796 +0.01059 -0.04186 -0.12007 -0.03213
+0.02319 +0.02421 -0.01152 -0.09009 -0.10547 -0.01015
+0.02697 +0.00564 +0.00634 -0.10695 -0.10441 -0.08905
+0.03006 +0.00617 +0.00915 -0.08857 -0.11421 -0.07902
-0.10637 +0.05588 -0.17072 -0.06511 -0.00358 -0.08254
-0.03461 +0.01434 -0.03656 -0.02620 -0.02799 -0.05768
+0.01813 +0.01270 +0.04025 +0.01519 -0.11547 +0.07011
+0.14715 -0.01058 +0.13152 +0.03906 -0.02354 +0.02279
+0.03145 +0.00794 -0.03934 +0.00220 -0.08773 +0.03358
+0.02299 -0.00501 -0.02770 -0.08429 -0.10787 +0.02005
+0.03011 +0.00503 -0.02026 -0.02811 -0.12935 +0.02093
+0.03641 +0.00579 -0.00860 -0.02852 -0.12841 -0.02411
-0.12650 +0.03626 -0.18800 -0.10543 -0.06334 +0.03559
-0.00115 +0.01739 -0.01682 +0.03230 +0.04311 -0.04028
-0.01722 -0.01657 -0.03846 +0.01739 +0.00477 +0.04407
+0.01005 -0.02246 -0.00499 +0.06422 -0.00538 +0.02202
-0.01772 +0.00962 -0.00969 +0.00782 +0.00238 -0.02346
-0.01342 +0.00770 -0.00217 +0.02199 -0.01344 -0.05669
-0.02386 +0.00894 -0.01419 -0.02375 -0.04462 +0.06034
-0.00487 +0.01023 +0.00344 +0.02469 -0.00739 -0.02864
+0.00796 +0.01195 +0.00510 +0.04844 +0.00971 -0.03804
-0.01367 +0.00859 -0.01191 -0.00530 +0.00795 -0.05623
-0.01067 +0.00431 -0.00517 -0.00338 +0.02211 -0.06544
-0.01817 +0.01057 -0.00820 +0.00007 +0.00687 -0.09300
+0.04629 +0.01111 +0.05424 +0.06072 -0.12677 +0.08257
+0.15190 -0.00161 +0.13305 +0.01481 +0.05216 -0.00652
+0.03439 +0.02532 -0.02412 -0.00923 -0.06550 -0.02352
+0.03404 +0.01732 -0.04583 -0.02186 +0.00944 +0.03348
+0.02255 -0.00846 -0.03184 -0.02898 -0.09811 +0.00557
+0.03337 +0.00466 -0.02474 -0.02710 -0.09144 +0.01070
-0.13042 +0.07347 -0.21714 -0.00285 -0.07859 +0.03940
+0.00615 +0.01315 -0.02645 +0.05141 +0.01820 +0.02638
-0.00145 +0.01424 -0.01647 +0.02687 +0.01455 -0.05648
-0.01257 +0.02489 -0.02349 +0.03491 -0.00392 -0.02414
+0.00488 +0.01220 -0.00519 +0.03689 -0.01347 -0.06336
-0.00033 +0.01412 -0.00834 +0.01566 -0.02554 -0.06546
-0.01118 +0.02171 -0.00844 +0.02021 -0.05124 -0.06576
+0.00817 +0.03651 -0.00251 +0.04764 +0.01838 -0.05422
-0.03023 +0.02515 -0.02078 +0.01287 -0.00613 -0.06960
+0.00290 +0.00377 +0.00864 +0.03751 -0.02365 -0.08953
-0.01073 +0.02147 +0.01473 +0.07999 -0.10760 -0.04610
-0.00022 +0.00098 +0.01457 +0.00068 -0.00880 -0.08722
-0.00996 +0.04918 -0.03027 +0.05942 +0.17051 -0.09873
-0.00550 -0.03181 -0.05488 +0.12142 -0.05618 +0.06923
-0.00103 -0.02652 -0.01080 +0.07750 -0.02217 -0.04158
-0.00025 -0.02471 -0.01929 +0.09712 -0.03724 -0.02899
-0.00846 -0.01866 -0.02833 +0.06753 -0.00234 -0.04100
+0.01119 +0.01184 -0.01279 +0.17020 -0.04853 -0.00319
-0.02267 -0.02689 -0.05934 +0.04469 +0.02476 +0.01778
-0.00680 -0.02144 -0.04598 +0.07970 -0.00089 +0.09303
-0.00629 -0.00588 -0.00975 +0.10306 -0.08710 -0.03289
-0.00381 -0.01702 -0.01317 +0.07253 +0.00086 -0.09137
-0.00731 -0.01659 -0.01720 +0.06154 -0.03515 -0.05956
+0.01850 -0.01327 +0.02787 +0.06698 -0.11388 -0.02227
+0.15253 -0.00378 +0.11950 +0.10132 +0.06904 +0.00372
+0.02542 +0.00178 -0.02452 -0.00428 -0.08513 -0.05867
+0.04238 +0.00191 -0.04322 +0.10544 -0.02875 +0.01312
+0.03253 +0.00461 -0.04746 +0.04854 -0.11841 +0.03129
+0.04681 +0.02161 -0.04429 +0.12436 -0.05717 -0.02992
+0.02365 +0.00027 -0.04596 +0.06098 -0.13158 -0.02665
+0.02025 -0.01637 -0.05902 -0.02232 -0.06675 +0.00244
+0.02819 -0.01075 -0.04689 -0.00221 -0.08189 -0.01012
-0.08809 +0.00010 -0.16399 -0.01538 -0.04011 -0.09181
-0.04719 -0.01247 -0.07434 +0.03118 -0.04810 -0.02787
+0.00067 -0.00003 -0.03968 +0.12497 +0.05170 +0.00234
-0.01254 -0.03264 -0.02822 +0.02937 -0.04316 -0.01744
-0.00217 -0.01551 -0.04657 +0.11975 +0.05409 +0.01074
-0.01789 -0.02927 -0.02004 +0.03729 -0.00803 -0.09902
-0.02561 -0.01496 -0.03070 +0.01934 +0.00774 -0.11328
-0.02248 -0.02152 -0.02454 +0.00946 +0.01256 -0.03919
-0.01094 -0.03365 -0.00847 -0.00270 +0.02331 -0.07101
-0.01539 -0.03565 -0.02195 -0.03681 -0.01557 -0.00394
-0.02014 -0.01873 -0.01349 +0.02267 -0.06002 -0.04916
-0.00330 -0.01847 -0.02080 +0.06765 +0.01419 -0.04456
-0.00722 -0.01376 -0.00320 +0.06968 -0.03925 -0.02131
+0.01638 -0.00051 +0.03569 +0.11022 -0.16355 -0.00737
+0.16023 -0.04163 +0.14309 +0.02687 -0.00630 -0.00749
+0.01974 +0.01630 -0.03321 -0.03626 -0.01583 -0.07972
+0.02619 -0.00079 -0.03540 +0.02324 -0.08141 -0.05073
+0.01736 -0.00511 -0.04577 -0.04692 -0.05888 +0.01568
+0.03798 -0.00447 -0.02139 +0.02517 -0.11324 -0.00695
-0.12513 +0.04642 -0.18454 +0.05076 -0.03651 +0.00630
+0.01007 -0.05370 -0.01997 +0.08419 +0.01030 +0.00355
-0.00670 -0.02362 -0.01685 +0.08929 -0.04122 -0.01633
+0.00649 -0.04736 +0.00361 +0.04993 -0.00382 -0.07493
+0.07952 +0.00484 +0.03055 +0.12497 +0.05278 +0.03157
+0.06779 -0.02720 +0.01490 +0.06053 -0.06014 +0.04153
+0.05446 -0.05931 -0.02499 +0.06823 -0.15204 +0.09178
+0.04109 -0.04486 -0.04093 +0.06084 -0.11987 +0.00546
-0.03077 -0.01166 -0.10046 +0.05335 -0.10914 -0.01339
-0.06458 -0.04652 -0.14136 +0.08807 -0.02531 +0.02869
-0.00801 -0.03023 -0.03766 -0.02230 +0.08129 -0.01962
-0.00464 -0.09006 -0.08463 +0.13102 +0.01526 +0.05371
+0.00506 -0.06690 -0.07209 -0.00587 +0.10664 +0.09524
+0.15035 -0.03866 -0.14401 +0.27928 +0.12832 +0.09886
+0.14139 -0.06900 -0.09939 +0.08576 +0.11673 -0.03387
+0.11054 -0.05531 -0.10861 +0.05473 +0.05101 -0.04503
+0.10908 -0.10083 -0.10859 -0.01185 +0.07955 -0.09893
+0.10460 -0.05766 -0.09722 +0.02072 -0.02396 -0.07806
+0.10790 -0.04020 -0.08946 +0.01817 -0.01509 -0.08279
+0.09577 -0.00602 -0.09560 +0.03491 -0.00954 -0.00805
+0.11305 -0.00465 -0.08094 +0.00067 +0.05475 -0.06540
+0.10404 -0.02871 -0.08998 -0.00579 -0.01061 -0.01945
+0.10745 -0.03392 -0.08301 +0.01458 +0.02284 -0.01175
+0.09338 -0.03267 -0.09230 -0.01266 -0.02345 +0.04010
+0.12727 -0.04154 -0.08025 +0.10387 -0.01459 -0.02782
+0.08492 -0.03231 -0.09944 -0.00582 +0.00899 -0.04714
+0.08909 -0.02512 -0.09803 +0.05120 -0.04959 +0.00329
+0.11532 -0.04174 -0.03747 -0.02712 -0.03931 +0.05688
+0.11417 -0.04942 -0.06021 -0.04302 -0.01715 +0.01359
+0.11122 -0.05243 -0.06364 -0.00628 -0.03195 -0.01878
+0.10215 -0.03444 -0.08810 -0.04276 +0.01700 -0.00240
+0.10409 -0.03249 -0.06262 -0.02965 -0.02803 -0.01738
+0.10960 -0.02800 -0.05816 -0.05152 -0.06810 +0.07115
+0.09999 -0.01275 -0.06754 -0.13653 +0.03132 -0.01201
+0.10158 -0.03378 -0.06072 -0.12845 -0.01141 -0.00998
+0.10891 +0.00281 -0.03331 -0.08089 -0.03354 -0.03311
+0.11577 -0.03460 -0.05115 -0.14388 +0.02040 +0.01395
+0.10169 -0.00754 -0.05121 -0.07136 -0.09371 +0.00724
+0.10234 -0.04731 -0.05612 -0.14522 +0.01489 -0.00970
+0.13140 -0.01558 -0.04444 -0.00886 -0.06924 +0.03240
+0.10815 -0.01550 -0.05312 -0.04484 -0.02739 -0.06075
+0.11290 -0.02570 -0.05122 -0.15415 +0.03821 -0.00682
+0.10954 -0.02542 -0.05672 -0.05695 -0.04788 -0.01337
+0.12879 -0.02006 -0.05706 -0.04982 +0.01247 +0.00101
+0.10027 -0.05216 -0.10211 -0.08735 +0.05868 -0.07456
+0.10231 -0.05184 -0.04309 -0.05657 -0.03227 -0.12712
+0.09036 -0.04531 -0.06938 -0.12132 +0.00308 -0.02428
+0.10786 -0.04452 -0.07026 -0.03256 -0.03687 -0.03160
+0.10908 -0.04024 -0.07331 -0.04554 -0.04835 -0.02070
-0.04077 -0.03178 -0.01244 -0.06393 -0.07744 +0.24663
-0.00662 -0.07716 +0.00424 -0.00356 -0.04437 +0.22497
+0.00556 -0.08247 +0.03381 +0.03477 +0.04827 +0.15578
-0.00722 -0.08037 +0.01579 +0.00878 +0.10040 +0.10940
-0.02091 -0.10581 -0.04663 +0.05246 +0.07001 +0.16585
-0.00154 -0.09860 +0.00281 +0.01283 +0.03475 +0.13317
