  355.07139 
  355.25102 
  355.49381 
  354.92011 
  355.11810 
  355.31348 
  354.66954 
  354.36305 
  357.26876 
  369.62770 
  368.13740 
  367.90617 
  366.85986 
  366.91740 
  366.78976 
  367.23116 
  367.21116 
  362.55678 
  357.61478 
  358.69912 
  358.49257 
  358.40213 
  357.84843 
  358.10553 
  358.15591 
  357.70573 
  357.16244 
  369.14971 
  367.97628 
  367.61810 
  367.01478 
  367.60651 
  367.42965 
  367.14443 
  367.62850 
  367.90335 
  367.36712 
  367.67458 
  367.51848 
  367.41696 
  364.28735 
  354.84940 
  357.50097 
  357.02276 
  357.56281 
  357.39012 
  357.00307 
  358.07187 
  358.31797 
  358.43266 
  358.60652 
  358.39139 
  358.15215 
  357.97478 
  358.14305 
  355.10745 
  363.89327 
  363.11772 
  362.22741 
  363.15101 
  362.48130 
  362.32864 
  362.62875 
  361.30899 
  347.39544 
  349.38841 
  349.18430 
  349.55825 
  349.62423 
  349.44066 
  349.00435 
  349.22466 
  348.15836 
  346.75308 
  353.61308 
  365.57077 
  364.17072 
  363.98937 
  354.76841 
  349.32743 
  363.98991 
  357.95593 
  366.85466 
  366.40391 
  367.86298 
  368.54605 
  366.41873 
  355.40950 
  357.57519 
  357.43616 
  356.80563 
  356.70826 
  355.87642 
  356.18972 
  355.27851 
  355.72245 
  355.66031 
  355.60551 
  355.85783 
  356.17457 
  355.48948 
  356.25166 
  355.81375 
  356.08739 
  361.87173 
  367.88248 
  367.40072 
  367.03175 
  367.17880 
  361.64379 
  356.40429 
  356.89252 
  356.77782 
  361.21762 
  370.95184 
  368.89343 
  368.20451 
  368.22684 
  368.67752 
  367.52506 
  362.25625 
  357.46222 
  357.55083 
  358.20856 
  357.53392 
  368.50356 
  367.23944 
  367.42742 
  367.16206 
  367.79503 
  367.42342 
  367.53480 
  367.52054 
  367.58361 
  367.12611 
  367.60265 
  366.88014 
  367.66702 
  367.02315 
  367.21735 
  367.15020 
  368.01214 
  366.67527 
  362.03078 
  356.57262 
  357.27582 
  356.14969 
  363.81754 
  370.80170 
  369.08466 
  367.69229 
  367.15844 
  367.53158 
  367.74457 
  367.63698 
  367.78718 
  367.37101 
  367.42116 
  367.00104 
  367.06693 
  367.45879 
  366.58180 
  366.75936 
  367.01845 
  367.77180 
  367.25959 
  366.97003 
  367.47384 
  367.18747 
  367.45312 
  367.03997 
  366.80544 
  366.58079 
  366.87116 
  367.38587 
  366.94147 
  366.54348 
  366.55144 
  367.40075 
  368.06240 
  366.98091 
  361.55911 
  359.74667 
  361.19087 
  361.11128 
  360.83219 
  360.78774 
  360.87453 
  360.08073 
  360.60179 
  360.83025 
  360.86207 
  364.40828 
  369.08380 
  368.14021 
  368.05562 
  368.46273 
  368.49080 
  358.37414 
  359.81278 
  359.93766 
  359.69325 
  360.54281 
  360.91926 
  360.66137 
  360.71915 
  359.85796 
  362.78806 
  369.23859 
  369.08109 
  368.64009 
  368.60865 
  368.80462 
  369.12334 
  368.27137 
  368.75588 
  368.96332 
  369.04101 
  362.81059 
  359.66120 
  360.13362 
  359.83416 
  360.37049 
  359.89003 
  360.53059 
  360.96497 
  360.09335 
  364.97615 
  371.58678 
  369.28475 
  369.54083 
  368.45702 
  368.52773 
  368.22044 
  368.60664 
  368.18494 
  368.27004 
  368.53821 
  368.36260 
  368.17286 
  368.28982 
  368.02588 
  368.31950 
  368.16553 
  368.23876 
  368.21437 
  367.87479 
  368.13022 
  368.92532 
  368.76683 
  368.67158 
  368.56416 
  369.48044 
  368.49843 
  369.04196 
  368.71398 
  369.13641 
  360.17584 
  360.57599 
  361.09496 
  360.85360 
  361.11717 
  361.27386 
  358.93979 
  359.21038 
  358.73605 
  358.94980 
  359.06833 
  357.79895 
  353.22619 
  369.65517 
  370.11541 
  368.52340 
  370.50686 
  373.11876 
  368.99347 
  353.50227 
  358.17941 
  358.98428 
  358.54020 
