-0.02456 -0.02449 -0.01845 +0.10235 -0.05872 +0.09320
-0.04828 +0.00243 -0.05166 +0.04867 -0.09747 +0.11812
-0.01758 -0.04590 -0.03310 +0.10851 +0.00874 +0.04915
-0.03601 -0.01944 -0.04968 +0.08285 -0.03752 +0.05504
-0.06413 +0.01977 -0.04816 -0.01354 -0.07147 +0.00047
-0.05259 -0.01056 -0.03456 +0.02918 -0.09510 -0.00059
-0.03947 -0.02145 -0.02552 +0.09608 -0.06546 +0.09020
-0.03724 -0.02442 -0.03875 +0.09730 -0.01898 +0.03656
-0.04291 -0.02348 -0.09493 +0.00048 -0.08957 +0.01848
+0.07811 -0.13768 -0.13218 +0.13900 -0.04007 +0.00162
+0.00837 +0.02758 -0.03167 +0.07493 -0.04718 -0.01134
+0.00535 +0.02347 -0.05187 +0.08873 -0.07672 +0.02051
+0.00138 +0.02751 -0.03192 +0.09619 -0.01054 -0.00942
-0.00190 +0.02476 -0.07083 +0.09178 -0.07880 +0.04010
+0.00708 +0.02525 +0.03658 +0.09762 +0.00732 -0.09551
-0.00287 +0.03379 -0.03815 +0.08232 -0.06319 -0.02312
+0.00089 +0.02282 -0.02069 +0.11657 -0.03976 -0.05294
-0.06531 +0.09715 -0.00920 +0.08271 -0.04544 +0.03178
-0.10204 +0.09426 -0.02159 +0.03489 +0.00610 +0.02194
-0.05816 +0.01131 -0.02994 +0.07210 -0.06007 +0.01652
-0.05818 +0.00374 -0.06898 +0.01828 -0.01635 -0.00726
-0.05535 -0.00283 -0.06961 +0.03573 -0.06023 +0.01095
-0.04160 -0.00500 -0.04901 +0.10992 -0.08489 +0.06926
-0.05997 +0.00702 -0.07846 +0.04808 -0.08612 +0.01889
-0.04554 +0.00617 +0.01159 +0.11917 +0.00921 -0.02459
-0.05882 +0.02288 -0.02039 +0.08648 -0.02710 +0.00490
-0.05582 +0.00085 -0.06319 +0.06935 -0.03242 -0.00833
+0.08387 -0.15141 -0.07703 +0.10873 -0.06422 -0.04655
+0.00155 +0.02057 -0.02662 +0.06754 -0.06855 -0.03517
+0.00370 +0.02123 -0.02456 +0.08089 -0.08629 -0.02870
-0.00392 +0.02582 -0.01611 +0.08544 -0.08389 -0.05829
+0.00378 +0.01769 -0.00626 +0.09402 -0.03753 -0.03859
+0.00368 +0.04254 +0.04487 +0.12021 -0.10235 -0.05223
+0.00269 +0.04028 +0.03541 +0.09742 -0.09671 -0.06771
-0.00943 +0.03081 -0.05261 +0.06028 -0.01519 -0.08669
+0.00447 +0.03673 +0.02998 +0.10352 -0.07581 -0.08443
-0.00685 +0.04901 +0.01783 +0.07944 -0.10263 -0.06475
-0.00250 +0.02723 -0.02040 +0.06532 -0.08761 -0.06730
-0.00575 +0.01860 -0.06251 +0.04799 -0.04967 -0.10150
-0.00360 +0.02777 -0.04617 +0.04000 -0.05227 -0.07708
-0.00974 +0.07021 +0.08672 +0.17615 -0.03415 -0.01336
-0.15339 +0.20196 +0.02208 -0.01337 +0.00655 +0.07736
-0.05205 -0.00256 -0.07438 +0.05451 -0.03570 +0.04312
-0.05203 +0.00075 +0.01082 +0.09362 -0.02360 -0.00928
-0.06990 +0.01747 -0.07578 +0.00404 -0.02019 +0.01904
-0.05307 -0.01190 -0.05224 +0.08951 -0.00543 +0.02938
-0.05821 -0.00050 -0.06010 +0.07664 -0.00374 +0.00795
-0.06622 +0.01483 -0.07306 +0.03353 -0.00817 +0.03036
-0.06525 +0.01132 -0.09622 +0.00588 -0.06949 +0.06707
-0.06095 -0.00120 -0.05121 +0.04345 +0.04037 -0.06291
-0.06275 +0.01630 -0.06037 +0.07515 +0.03649 +0.01053
-0.06905 +0.02080 -0.06297 +0.00885 -0.03143 +0.02844
-0.06059 +0.01024 -0.01364 +0.05700 -0.04034 -0.02380
-0.06795 +0.00978 -0.07806 +0.00258 -0.03258 -0.01384
-0.06130 +0.00518 -0.06937 +0.03651 -0.05618 +0.02558
-0.06764 -0.02274 -0.19943 -0.02307 +0.00765 +0.14877
-0.04938 -0.08920 -0.01891 +0.15857 +0.10365 +0.12926
-0.06329 -0.06619 -0.00808 +0.15876 -0.02149 +0.16758
-0.09334 -0.05001 +0.02170 +0.15439 -0.00248 -0.03228
-0.07842 -0.06076 -0.06729 +0.16694 +0.02975 +0.08316
-0.09035 -0.04381 -0.03051 +0.14401 +0.02773 +0.04159
-0.07851 -0.03584 +0.03496 +0.19241 +0.00879 +0.03921
-0.07749 -0.03164 +0.02933 +0.20241 +0.04929 +0.02886
-0.08368 -0.03430 +0.00909 +0.19075 +0.01644 +0.01874
-0.17159 +0.06047 +0.06581 -0.02826 +0.02782 +0.09888
-0.10182 -0.07849 +0.03797 +0.05066 +0.02791 +0.03099
-0.11326 -0.06288 +0.03728 +0.04508 +0.04562 +0.01401
-0.10749 -0.06702 +0.08100 +0.09360 +0.06939 -0.00278
-0.11108 -0.06722 +0.08692 +0.07853 +0.08197 -0.05395
-0.11879 -0.04893 +0.04976 +0.06568 -0.00900 +0.05181
-0.11858 -0.06272 +0.03236 +0.01296 +0.00979 -0.00338
-0.10861 -0.07798 +0.05842 +0.08551 +0.06396 -0.00064
-0.11173 -0.04784 +0.05281 +0.07008 +0.01897 +0.03064
-0.11234 -0.05880 +0.04000 +0.01087 +0.07871 -0.01636
-0.09147 -0.12534 -0.07877 -0.06231 -0.00122 -0.10619
-0.02744 -0.17694 -0.04696 +0.04697 +0.04628 -0.12977
-0.05845 -0.07046 +0.09429 +0.09581 +0.04488 -0.11613
-0.07161 -0.05589 +0.08668 +0.09046 +0.06947 -0.11781
-0.11962 +0.00647 +0.05804 +0.06001 +0.04087 -0.07352
-0.15241 -0.00692 -0.01400 -0.02043 +0.06415 -0.16109
-0.02372 -0.22198 -0.06907 +0.08262 -0.01496 -0.26758
-0.05785 -0.01072 -0.21984 -0.05125 +0.29088 -0.05585
+0.03004 +0.01394 -0.19770 -0.01357 +0.09654 -0.01201
+0.02774 +0.02676 -0.12877 +0.03848 +0.08314 -0.01870
+0.04111 +0.02157 -0.07279 +0.10111 +0.10846 -0.05763
+0.02979 +0.03943 -0.07137 +0.02748 +0.12306 -0.11316
+0.01200 +0.04320 -0.12151 +0.02824 +0.12163 -0.07950
-0.14545 +0.10819 +0.07733 -0.02145 +0.14677 -0.14131
-0.08408 -0.00658 +0.02160 -0.02695 -0.02659 -0.05140
-0.09127 -0.02136 -0.06377 -0.09249 -0.04606 -0.05346
-0.06904 -0.04592 -0.04795 +0.00030 -0.04197 -0.02255
-0.07676 -0.01883 -0.00493 -0.00347 -0.00949 -0.04838
-0.07549 -0.02751 -0.03441 -0.00596 -0.06073 -0.02425
-0.06915 -0.02707 -0.01225 +0.00314 -0.04271 -0.02248
-0.08029 -0.02190 -0.06148 -0.01359 +0.02211 -0.03645
-0.07292 -0.03069 -0.06021 -0.05322 -0.03782 -0.04722
-0.06651 -0.03545 -0.02174 +0.00900 +0.03048 -0.06925
-0.08109 -0.01825 -0.04724 -0.01292 -0.00275 -0.03932
-0.06681 -0.03428 -0.03352 -0.02072 +0.03136 -0.05715
-0.08231 -0.02187 -0.05106 -0.01873 -0.01481 -0.04351
-0.07777 -0.03280 -0.07262 -0.06117 -0.01338 -0.06079
-0.07008 -0.03130 -0.02216 -0.00433 -0.00984 -0.05605
-0.07034 -0.01816 +0.00461 -0.00847 -0.06569 +0.00250
-0.07076 -0.03044 -0.06029 -0.04159 -0.01257 -0.01624
+0.00496 -0.10218 +0.01149 +0.04911 -0.04664 -0.07172
+0.00816 -0.07034 -0.04671 -0.05398 -0.07451 -0.10175
-0.00231 -0.02201 +0.01410 +0.00164 -0.04305 -0.05781
-0.00943 +0.00899 +0.05815 +0.01601 -0.07077 -0.05742
-0.01600 +0.01253 +0.04162 -0.00466 -0.06230 -0.06961
-0.06628 +0.04966 +0.02984 -0.02708 -0.04979 -0.01100
-0.11342 +0.05097 -0.03650 -0.07823 +0.00358 +0.00222
-0.07507 -0.03397 -0.05079 -0.05818 -0.06282 -0.04789
-0.06142 -0.03250 -0.04929 -0.02415 -0.02732 -0.00006
-0.00417 -0.08083 -0.06267 -0.05216 -0.12668 -0.01845
+0.07297 -0.12189 -0.05558 +0.02866 -0.10617 +0.01637
+0.01308 +0.00830 +0.02159 -0.00894 -0.06868 -0.05398
+0.00410 +0.01169 +0.01092 -0.01337 -0.14418 -0.00562
+0.00890 +0.00516 -0.01386 -0.01542 -0.09704 -0.04431
-0.00075 +0.01760 -0.00651 -0.03201 -0.14643 -0.03819
+0.00175 +0.01375 -0.01119 -0.05257 -0.12765 -0.05677
-0.05962 +0.08209 +0.07897 -0.00640 -0.05622 +0.03564
-0.10729 +0.06242 +0.07332 -0.00413 -0.07021 +0.04814
-0.07349 -0.02560 -0.03752 -0.01780 -0.00243 +0.00916
-0.08403 -0.01885 -0.02702 -0.05427 -0.08804 -0.01522
-0.06100 -0.04808 -0.01175 +0.00286 -0.04161 +0.00337
+0.04532 -0.11918 -0.00811 -0.00737 -0.17240 -0.00518
-0.01590 -0.00033 -0.00849 -0.05079 -0.08229 -0.01902
-0.00955 -0.02115 -0.03747 -0.03796 -0.08640 -0.01523
-0.00014 -0.00551 +0.04008 -0.00858 +0.01279 -0.07258
-0.02142 +0.00297 -0.01490 -0.04280 -0.09232 -0.05574
-0.01728 -0.00182 -0.02754 -0.06807 -0.09739 -0.00813
-0.00236 -0.01579 -0.01275 -0.04189 -0.08120 -0.02531
-0.00078 -0.01237 -0.01115 +0.00326 -0.03166 +0.01820
-0.02532 +0.01690 -0.03459 -0.05117 -0.01796 -0.02702
-0.01069 -0.01256 -0.11868 -0.07367 +0.00196 +0.02793
-0.00131 -0.00305 -0.00660 +0.00812 -0.00271 +0.03084
-0.00857 +0.01181 -0.00079 +0.02006 -0.03961 +0.04865
-0.01436 +0.00637 -0.05011 -0.01500 -0.02491 +0.02661
-0.01106 +0.00842 -0.03009 -0.00528 +0.03780 +0.00453
-0.02086 +0.01602 -0.03780 -0.02395 -0.01467 +0.00199
+0.00000 +0.00000 +0.00000 +0.00000 +0.00000 +0.00000
-0.01597 +0.01123 -0.02460 -0.03574 -0.01081 -0.00825
-0.01120 +0.00684 -0.05703 -0.04641 -0.00964 -0.00416
-0.05588 +0.04700 +0.03235 -0.02636 -0.03659 +0.04247
-0.11418 +0.04385 -0.03221 -0.10471 -0.02417 +0.00293
-0.06417 -0.04628 -0.04458 -0.03078 +0.01010 -0.02933
-0.06232 -0.02724 -0.04469 -0.02670 -0.05909 +0.04553
+0.03034 -0.11250 -0.09701 -0.04295 -0.00824 -0.03565
+0.08619 -0.10859 -0.05993 +0.04998 -0.13828 -0.03843
+0.02268 +0.02492 -0.01702 -0.03009 -0.17508 -0.04865
+0.03458 +0.02110 +0.03935 +0.06847 -0.10014 -0.10567
-0.00067 +0.04659 -0.02328 -0.02394 -0.12010 -0.16127
+0.01960 +0.03587 +0.00586 +0.01014 -0.11147 -0.12941
+0.02705 +0.04568 +0.06380 +0.06645 -0.07923 -0.14070
-0.00171 +0.05688 -0.05937 +0.01199 -0.02880 -0.10425
+0.01730 +0.05329 -0.01842 +0.03112 -0.08294 -0.05968
-0.00142 +0.06419 -0.07001 -0.03064 -0.04447 -0.10856
+0.00906 +0.04665 -0.02694 +0.02412 -0.05640 -0.11961
+0.01452 +0.05066 -0.03752 +0.04407 -0.02670 -0.09378
+0.01209 +0.06331 -0.02260 +0.02249 -0.09171 -0.05997
+0.00703 +0.06184 -0.03310 +0.02723 -0.04677 -0.10701
+0.00578 +0.07018 -0.05990 -0.01087 -0.07873 -0.05070
+0.01513 +0.06251 -0.02561 +0.04822 -0.02164 -0.05691
+0.01652 +0.07346 -0.02426 +0.05040 +0.04311 -0.06981
-0.00325 +0.09906 -0.01386 +0.01987 -0.05415 -0.02688
+0.00103 +0.07882 -0.03100 +0.04228 +0.03005 -0.04981
+0.00026 +0.09078 -0.03690 +0.00265 -0.02140 -0.07295
+0.00084 +0.07980 -0.07302 -0.00807 +0.00628 -0.06453
-0.00398 +0.07750 -0.06135 -0.01654 -0.03370 -0.11313
+0.00925 +0.06964 -0.03657 +0.00447 -0.01220 -0.12922
+0.00854 +0.08639 -0.00851 +0.02962 -0.04122 -0.06749
-0.00454 +0.07884 -0.09866 -0.01161 +0.04653 -0.08386
+0.00942 +0.07962 -0.01489 +0.07173 +0.06175 -0.06905
+0.00483 +0.08621 -0.05420 +0.03154 -0.02307 -0.01424
+0.00396 +0.07665 -0.03511 +0.05877 +0.10523 -0.07487
+0.00763 +0.08082 -0.00384 +0.09795 +0.08436 -0.08547
-0.00666 +0.09399 -0.06642 -0.00364 -0.00220 -0.07472
+0.00353 +0.07410 -0.07044 +0.01961 -0.00487 -0.06308
+0.00615 +0.06877 -0.06274 +0.03355 +0.06581 -0.08692
+0.00601 +0.08666 -0.04345 +0.05308 +0.08010 -0.06496
-0.00548 +0.11143 +0.02999 +0.03254 -0.02031 -0.10193
-0.05910 +0.13293 -0.03380 -0.01336 +0.05370 -0.08099
-0.17435 +0.17761 -0.00202 -0.11722 +0.03366 +0.06102
-0.07600 -0.03539 -0.07142 -0.07308 +0.00055 -0.03297
-0.07548 -0.02588 -0.01226 +0.01918 +0.06037 -0.07121
-0.09466 -0.01289 -0.06750 -0.05283 +0.02652 -0.06216
-0.07468 -0.03443 -0.10257 -0.04625 +0.05093 -0.03866
-0.06477 -0.01545 +0.01795 +0.01743 -0.00521 -0.03219
-0.06874 -0.01964 -0.05948 -0.04294 -0.01831 +0.00625
-0.06815 -0.00898 +0.04553 +0.03309 +0.04865 -0.06584
-0.08288 -0.00175 -0.02754 -0.01422 -0.00642 -0.01434
-0.06481 -0.03319 -0.03716 -0.01132 +0.05562 -0.05503
-0.01493 -0.06877 -0.01660 -0.00891 +0.01692 -0.06456
+0.01535 -0.06349 -0.02092 -0.00344 +0.01723 -0.04424
-0.01320 +0.01000 +0.05828 +0.01173 +0.00801 -0.02854
-0.00950 -0.00025 -0.00040 -0.01130 +0.03075 -0.00293
-0.00733 -0.01167 -0.02135 +0.01334 +0.03082 +0.00022
-0.01905 +0.00364 -0.03015 -0.01073 +0.01609 -0.01634
-0.14032 +0.11178 +0.10197 -0.00893 -0.07135 +0.05022
-0.06383 -0.04021 -0.01804 -0.02971 -0.05779 +0.03129
-0.06761 -0.03489 +0.00851 -0.01279 -0.01375 -0.02863
-0.07882 -0.02065 -0.00261 -0.00372 -0.05839 +0.03149
-0.07543 -0.01908 -0.00944 -0.03363 -0.03268 +0.04343
-0.05553 -0.02765 +0.03330 +0.05043 +0.04582 +0.01355
-0.09575 -0.00436 -0.04754 -0.05457 -0.03091 +0.02323
-0.07941 -0.03661 -0.11480 -0.06056 -0.00507 +0.02386
-0.07750 -0.03112 -0.08053 -0.01526 +0.03761 +0.02541
-0.03490 -0.06149 -0.07499 -0.04362 +0.01702 +0.00952
+0.01597 -0.07373 -0.09924 -0.08128 +0.00967 -0.01182
-0.00504 +0.01006 -0.00359 -0.03369 -0.10132 +0.10491
-0.00047 -0.00188 -0.02896 -0.01602 -0.03562 +0.08930
+0.00734 +0.00645 +0.03754 +0.05067 -0.02264 +0.10152
-0.02604 +0.03023 -0.06566 -0.06453 -0.06457 +0.09574
+0.00154 +0.00343 +0.04538 +0.03346 -0.01869 +0.04146
-0.00731 +0.01660 -0.02066 +0.01013 -0.01161 +0.07628
-0.00434 +0.01156 +0.00175 +0.00697 -0.08630 +0.09633
-0.01653 +0.01453 -0.07519 -0.06345 -0.05306 +0.05283
-0.00213 -0.01208 -0.04115 +0.00143 -0.04382 +0.04384
-0.07342 +0.07119 +0.04713 -0.02762 +0.02491 +0.01228
-0.11623 +0.02909 +0.03149 -0.00447 -0.00600 -0.00767
-0.07310 -0.05009 -0.03231 +0.00391 +0.02024 -0.00727
-0.07651 -0.03327 -0.04710 -0.00534 +0.02848 +0.02661
-0.07995 -0.02522 +0.00190 +0.02505 +0.03246 -0.00098
-0.08474 -0.02207 -0.06090 -0.04289 +0.00484 +0.03098
-0.07632 -0.03756 -0.07627 +0.00276 +0.00554 +0.02796
-0.08057 -0.01953 -0.06539 -0.03244 -0.03008 +0.04886
-0.08064 -0.02063 -0.01166 +0.00709 -0.02498 +0.02414
+0.00700 -0.08541 -0.07001 +0.00612 -0.08504 +0.07368
+0.09705 -0.09476 -0.06305 +0.06395 -0.01356 +0.03479
+0.02751 +0.03992 -0.03313 +0.05888 +0.04535 +0.02251
+0.02486 +0.05602 -0.03068 +0.05848 -0.04538 +0.07512
+0.00928 +0.06126 -0.05853 +0.02657 -0.02550 +0.02029
+0.02397 +0.05783 -0.02492 +0.07221 -0.07029 +0.05524
+0.01306 +0.07138 -0.01508 +0.07368 -0.01296 +0.03614
+0.00955 +0.06777 -0.04929 +0.03406 -0.01704 -0.00908
+0.00452 +0.06790 -0.04695 +0.03744 -0.04969 -0.01614
+0.00383 +0.07247 -0.06495 +0.00556 -0.00830 -0.02055
+0.01409 +0.07154 -0.01904 +0.05522 +0.01536 -0.00517
+0.00626 +0.07672 -0.05828 +0.01433 -0.03700 -0.00604
+0.00208 +0.08228 -0.06192 -0.00365 -0.02514 -0.02042
+0.01540 +0.07035 -0.00874 +0.04989 +0.04099 -0.04333
+0.00704 +0.08381 -0.05531 +0.02081 -0.00845 +0.03364
-0.00116 +0.08278 -0.08796 -0.02946 -0.06372 +0.00890
+0.00855 +0.06910 -0.08128 -0.00911 -0.03905 -0.00127
+0.00906 +0.07428 -0.04850 +0.01845 +0.02188 -0.02249
+0.00929 +0.06405 -0.10884 +0.04723 +0.00902 +0.03872
+0.01000 +0.07917 -0.04757 +0.07381 -0.00204 +0.03266
-0.00927 +0.09343 -0.11236 -0.02494 -0.04194 +0.00011
+0.02362 +0.07124 -0.02995 +0.11846 +0.05898 +0.05770
-0.00197 +0.10677 -0.05672 +0.04763 +0.06538 +0.02866
+0.01602 +0.08718 -0.03330 +0.07485 +0.03570 +0.04039
-0.00465 +0.10807 -0.07366 +0.01766 +0.02626 +0.02399
-0.00107 +0.08975 -0.10063 -0.00105 +0.04953 +0.01670
+0.00231 +0.08885 -0.11360 +0.00180 +0.08358 +0.01144
+0.00727 +0.08900 -0.07874 +0.04826 +0.08623 +0.01866
-0.00190 +0.10275 -0.12583 -0.00719 +0.04158 +0.05068
+0.02025 +0.08019 -0.05771 +0.08963 +0.04870 +0.09315
-0.10292 +0.20024 +0.07421 -0.02430 +0.00449 +0.06132
-0.14154 +0.11917 +0.10461 -0.04067 -0.06723 +0.01905
-0.07876 -0.03217 -0.00946 -0.03816 -0.06583 -0.02338
-0.06486 -0.03776 -0.01743 -0.02500 -0.07797 +0.02660
-0.06437 -0.02830 -0.02521 -0.02305 -0.05936 +0.04319
-0.08070 -0.02119 -0.01969 -0.05613 -0.00256 -0.06097
-0.07374 -0.04716 -0.05733 -0.04299 +0.05801 +0.00205
-0.08648 -0.02961 +0.00412 -0.00598 +0.00244 -0.01881
-0.08041 -0.03370 -0.04243 -0.05348 +0.00339 +0.01005
-0.07107 -0.04028 +0.04688 +0.03914 -0.04416 +0.00223
-0.08836 -0.02889 -0.04185 -0.02487 -0.07938 +0.02719
-0.08469 -0.06540 -0.01678 +0.00258 -0.00316 -0.00895
-0.01254 -0.00720 -0.06513 -0.08002 +0.08349 +0.03043
+0.08827 -0.05349 -0.17276 +0.03697 +0.07400 +0.11658
+0.08354 -0.00039 -0.06695 +0.02918 +0.02330 +0.02103
+0.06149 +0.02609 -0.16122 +0.00910 +0.02055 +0.10393
+0.06098 +0.02563 -0.14870 -0.01916 -0.03280 +0.04541
+0.06472 +0.01791 -0.09093 +0.07277 -0.04799 +0.00771
+0.03948 +0.04608 -0.02392 +0.10613 -0.03443 +0.07469
-0.14343 +0.13503 +0.16530 -0.05680 -0.05905 +0.05855
-0.06023 -0.05917 +0.00530 -0.01344 +0.04324 +0.00133
-0.05762 -0.05111 +0.02775 -0.00110 +0.01341 +0.00959
-0.06946 -0.05326 +0.00282 -0.04273 -0.00528 -0.05352
