  395.61885 
  395.66981 
  395.39196 
  395.26714 
  395.14668 
  394.94945 
  395.11222 
  395.02968 
  394.72791 
  395.22302 
  394.78184 
  395.30592 
  395.29956 
  394.96926 
  395.32186 
  395.01887 
  395.46597 
  394.98995 
  394.93359 
  394.40627 
  394.51391 
  393.80560 
  394.62753 
  395.22246 
  395.09673 
  395.39806 
  395.90316 
  395.53846 
  394.47606 
  395.14642 
  394.91062 
  394.92236 
  395.09860 
  380.13486 
  380.39472 
  379.81489 
  379.91820 
  379.95538 
  380.25892 
  380.48844 
  380.54262 
  381.21708 
  381.61218 
  381.24991 
  385.95821 
  394.56245 
  393.75301 
  394.12664 
  394.18616 
  394.41655 
  394.60988 
  394.59373 
  394.16107 
  394.46907 
  394.26693 
  394.35833 
  393.77319 
  394.21692 
  394.20338 
  394.06688 
  394.27220 
  394.64156 
  393.66792 
  380.21969 
  380.64799 
  381.35043 
  381.40794 
  381.21107 
  382.09944 
  382.25713 
  382.69123 
  382.84360 
  382.93340 
  382.79702 
  383.79942 
  382.72597 
  383.11336 
  382.90955 
  388.18199 
  397.36893 
  396.22058 
  396.77922 
  396.64973 
  395.98222 
  396.94467 
  397.10132 
  396.54428 
  397.18499 
  397.02947 
  397.14003 
  397.10418 
  396.99208 
  397.58335 
  396.82557 
  397.08789 
  397.17724 
  397.61021 
  397.37531 
  397.76211 
  397.16126 
  397.74137 
  397.41818 
  397.61195 
  397.90590 
  397.01366 
  397.50602 
  397.48432 
  397.53543 
  397.12137 
  397.34282 
  397.31026 
  397.72036 
  396.99259 
  397.05164 
  397.26595 
  397.37995 
  397.51285 
  397.48919 
  397.85460 
  387.83304 
  379.95193 
  381.98509 
  382.19649 
  381.43686 
  382.36555 
  381.97404 
  382.65955 
  382.52598 
  382.33169 
  382.40434 
  382.92898 
  383.08814 
  382.91653 
  383.56599 
  383.20984 
  383.73676 
  383.62754 
  394.52615 
  395.49615 
  395.05102 
  394.95112 
  395.43684 
  395.28172 
  395.76247 
  395.10130 
  395.96043 
  396.15016 
  396.09576 
  396.02893 
  396.45125 
  395.20833 
  395.72595 
  395.50320 
  396.11341 
  395.71046 
  396.38176 
  395.83699 
  396.16290 
  396.50495 
  397.37149 
  398.05264 
  397.76001 
  396.99195 
  396.08572 
  396.39743 
  397.04690 
  397.25246 
  396.93576 
  397.86297 
  398.22656 
  398.45972 
  398.90528 
  398.34976 
  398.45448 
  397.76572 
  398.18061 
  398.28732 
  387.38344 
  380.64181 
  381.69694 
  381.82697 
  381.96223 
  382.45995 
  381.92598 
  383.37274 
  396.85202 
  399.03598 
  398.25740 
  398.28179 
  398.18043 
  391.71019 
  380.83881 
  382.71561 
  382.18301 
  382.06956 
  382.17647 
  390.13921 
  399.93397 
  398.41269 
  398.46240 
  398.46870 
  398.41651 
  398.60700 
  398.50555 
  399.32894 
  398.81784 
  398.54619 
  392.48819 
  381.84296 
  382.14994 
  382.50494 
  383.58125 
  388.79958 
  400.07798 
  398.47855 
  389.36313 
  392.30106 
  395.09173 
  395.75992 
  395.29002 
  372.19351 
  371.89495 
  371.43707 
  371.86359 
  372.34025 
  372.29418 
  372.55109 
  372.65860 
  372.66328 
  373.01614 
  372.36168 
  372.04872 
  372.46112 
  373.05541 
  374.71104 
  372.94710 
  373.34006 
  373.65098 
  373.77972 
  374.13840 
  373.51634 
  374.01730 
  374.30528 
  374.36635 
  374.45045 
  375.03438 
  374.35837 
  374.79835 
  374.65106 
  375.03913 
  375.16892 
  374.67221 
  374.85097 
  374.95235 
  376.04150 
  375.95346 
  376.38533 
  376.07855 
  377.61346 
  376.69942 
  377.10614 
  376.91213 
  376.67123 
  376.69554 
  377.25206 
  386.10583 
  400.39344 
  399.04672 
  398.59943 
  397.57166 
  397.89847 
  398.08716 
  398.93449 
  398.78357 
  399.13473 
  398.60238 
  399.18397 
  399.24315 
  399.23375 
  399.06610 
