-0.00176 +0.01404 +0.04080 -0.06392 +0.08195 +0.01459
-0.00386 +0.02656 +0.00820 -0.09714 +0.04354 -0.08896
+0.00405 +0.01797 +0.08788 -0.01000 +0.03309 -0.04336
-0.00330 +0.02757 -0.00252 -0.11346 -0.00420 -0.11663
+0.00259 +0.02622 +0.04588 -0.08993 -0.09047 -0.17196
-0.01024 +0.01304 +0.04739 -0.08912 +0.00320 -0.08588
-0.01156 +0.00810 +0.07340 -0.02592 +0.01724 -0.13496
+0.00420 +0.02422 +0.07222 -0.02172 -0.01159 -0.09721
-0.01811 +0.00196 +0.05965 +0.00122 +0.02893 -0.10169
-0.00114 +0.01680 +0.06948 +0.02907 +0.07433 -0.06974
-0.00754 +0.01287 +0.00462 -0.04457 +0.00914 -0.02156
-0.00400 +0.02330 +0.03905 -0.04312 +0.07194 -0.06400
-0.02433 +0.01209 -0.02110 -0.14067 +0.07264 -0.01353
-0.00320 +0.00470 +0.13173 +0.04678 +0.02274 -0.03876
-0.01758 +0.01193 +0.05135 -0.01856 +0.10507 -0.01945
-0.00748 +0.02656 +0.02622 -0.07865 +0.04841 +0.00434
-0.00797 +0.01397 +0.03499 -0.05200 +0.02375 +0.00059
-0.03037 -0.00034 +0.02037 -0.02757 +0.12478 -0.03252
-0.00429 +0.03166 +0.03878 -0.07817 +0.01032 -0.07422
-0.03170 +0.00350 +0.03301 -0.08715 +0.07936 -0.04096
-0.02539 +0.00152 +0.04415 -0.00773 +0.11846 -0.01201
-0.01107 +0.01731 +0.03929 -0.05307 +0.04286 -0.00775
-0.02009 +0.01092 +0.01730 -0.06846 +0.07625 +0.00179
-0.00818 +0.03364 +0.02135 -0.09569 +0.01133 -0.04052
-0.02400 +0.01225 +0.01251 -0.07377 +0.01796 -0.05953
+0.00102 +0.02288 +0.08214 -0.01794 -0.03010 -0.03039
-0.01245 +0.01413 +0.07177 -0.00794 +0.04416 -0.03608
-0.02956 +0.00276 +0.01151 -0.06736 +0.08734 +0.02338
-0.02047 +0.01159 +0.08374 +0.01914 +0.08606 -0.09013
-0.02344 +0.00482 +0.04170 -0.04559 +0.05767 -0.00310
-0.00605 +0.02742 +0.07486 -0.02974 +0.03260 +0.00786
-0.01050 +0.02284 +0.05158 -0.06071 +0.07332 +0.06948
-0.00621 +0.02278 +0.06605 -0.04018 +0.04321 +0.02799
-0.11221 -0.19569 +0.03877 +0.02554 +0.10573 -0.11456
+0.04915 -0.00859 +0.08464 +0.06630 +0.08758 -0.00195
+0.03753 -0.01421 +0.07351 +0.09783 +0.13933 -0.03923
+0.05162 +0.01844 +0.03685 -0.02165 +0.04262 -0.03100
+0.01651 -0.02451 +0.02392 -0.03841 +0.08137 +0.06194
+0.04303 +0.01396 +0.04213 -0.01487 +0.00433 -0.05527
-0.00632 -0.02318 -0.02816 -0.04439 +0.10738 -0.07207
+0.03211 -0.00507 +0.06711 -0.00282 +0.05268 +0.02706
+0.03240 -0.00989 +0.10475 +0.07233 +0.07046 -0.01158
+0.01495 -0.01405 -0.01236 -0.03848 +0.07755 -0.01912
+0.02391 -0.01284 +0.07300 -0.00280 +0.03028 +0.00893
+0.06806 +0.08471 +0.05546 +0.04173 +0.08701 -0.07807
+0.05737 +0.11779 +0.07652 +0.00031 +0.19414 -0.01048
-0.00952 +0.02132 +0.05427 +0.00989 +0.08091 -0.02142
+0.00417 +0.04670 +0.01448 -0.07670 +0.00443 -0.03982
-0.02877 +0.00639 +0.00013 -0.07966 +0.03914 -0.03148
-0.00928 +0.02071 +0.05892 -0.03347 +0.02218 -0.01914
-0.01017 +0.01953 +0.09488 +0.06667 +0.07239 -0.11135
-0.02276 +0.02464 -0.00459 -0.05758 +0.09164 -0.02977
-0.01104 +0.02737 +0.03198 -0.02862 +0.04331 +0.00394
-0.01525 +0.01668 +0.04939 +0.04486 +0.06402 -0.06248
-0.01073 +0.03304 +0.01357 -0.01160 +0.04238 -0.06923
-0.01763 +0.02676 +0.00068 -0.03665 +0.06880 -0.01112
-0.01021 +0.02151 +0.06502 +0.07731 +0.02651 -0.10852
-0.02079 +0.02724 +0.00796 -0.01050 +0.11189 -0.02146
-0.00867 +0.03915 +0.02139 -0.03805 +0.06226 -0.01699
-0.03290 +0.01362 -0.01327 -0.05373 +0.09253 +0.04163
-0.00779 +0.02913 +0.04894 -0.03009 +0.06786 +0.05691
-0.00934 +0.03530 +0.01746 -0.03891 +0.03549 +0.02693
-0.01222 +0.01742 +0.06976 +0.02064 +0.06744 +0.04933
-0.13708 -0.19575 -0.08426 -0.06365 +0.14797 -0.06632
+0.04151 -0.01615 +0.05652 +0.02463 +0.11263 +0.01256
+0.03120 -0.02600 +0.07444 +0.10002 +0.10044 -0.03644
+0.02294 -0.01050 +0.02998 -0.01322 +0.06638 -0.07280
+0.03174 -0.03204 +0.09574 +0.06772 +0.04088 -0.01180
+0.04730 -0.01092 +0.09532 +0.02619 +0.00257 +0.00248
+0.03704 -0.02969 +0.07761 +0.04245 +0.02283 +0.05677
+0.01764 -0.02423 +0.02975 -0.01889 +0.11251 +0.01724
+0.03294 -0.02987 +0.08044 +0.08381 +0.06261 +0.00097
+0.03668 -0.02016 +0.09422 +0.08272 +0.06403 -0.04209
+0.02580 -0.01273 +0.03083 -0.00950 +0.01920 -0.07749
+0.02095 -0.04216 +0.08477 +0.01945 +0.02489 +0.01129
+0.03467 -0.01685 +0.10259 -0.03445 -0.02216 +0.01161
+0.02673 -0.03263 +0.08388 +0.02470 +0.08185 +0.07793
+0.02569 -0.01610 +0.04521 -0.06678 +0.02332 +0.03601
+0.06923 +0.05630 +0.01035 -0.00525 +0.22631 +0.05719
+0.11502 +0.19390 +0.09214 -0.02933 +0.10763 +0.01878
-0.03749 +0.02752 +0.12489 -0.06588 +0.08057 +0.00713
-0.03719 +0.02686 +0.14225 -0.02639 +0.04483 +0.01990
-0.05321 +0.01540 +0.08506 -0.04229 +0.03574 -0.02700
-0.06867 +0.00517 +0.04216 -0.10675 +0.12009 +0.08808
-0.04266 +0.02638 +0.16360 +0.01502 +0.05851 -0.06901
-0.06148 -0.00029 +0.09644 -0.06861 -0.02369 +0.00708
-0.04483 +0.01846 +0.12094 -0.06221 -0.07546 -0.01232
-0.04813 +0.01802 +0.12381 -0.00260 -0.01200 -0.00217
-0.06092 +0.00326 +0.09862 -0.00139 +0.03472 +0.01193
-0.04575 +0.01273 +0.10776 -0.01456 -0.03428 +0.00024
-0.05418 +0.00372 +0.12175 -0.05683 -0.05143 +0.04700
-0.04261 +0.00736 +0.11063 -0.01930 -0.05438 +0.03771
-0.06268 +0.02030 +0.08835 -0.11356 +0.05653 +0.06543
-0.06277 -0.00101 +0.10307 -0.01864 -0.06631 -0.04992
-0.05210 +0.00765 +0.10597 +0.03367 -0.08289 -0.09242
-0.06329 +0.00815 +0.03450 -0.07944 +0.01489 +0.04515
-0.05698 +0.00041 +0.10393 +0.00923 -0.01753 +0.04371
-0.04769 +0.01961 +0.10555 -0.02055 -0.03710 -0.01358
-0.07013 +0.00375 +0.08284 -0.02979 -0.00184 +0.01461
-0.03789 +0.01062 +0.11766 +0.03336 -0.05109 +0.01374
-0.06834 +0.00722 +0.05020 -0.06502 -0.00250 -0.02790
-0.05205 +0.01757 +0.06338 -0.03245 -0.02120 +0.00435
-0.05073 +0.01627 +0.07621 -0.01281 -0.02386 +0.04550
-0.07420 +0.00186 +0.04019 -0.05286 +0.06489 +0.08757
-0.05893 +0.00860 +0.09552 -0.00811 +0.06828 +0.03468
-0.06487 +0.01538 +0.05680 -0.04929 -0.04375 -0.07498
-0.05336 +0.00238 +0.08779 -0.01302 -0.08297 +0.04391
-0.05090 +0.01077 +0.11704 +0.05380 -0.01545 -0.06273
-0.05904 +0.00452 +0.08522 -0.01548 -0.06148 -0.00292
-0.05128 +0.02701 +0.06902 -0.09783 -0.04611 +0.04961
-0.05833 +0.00612 +0.10456 -0.05012 -0.05229 +0.01863
-0.08527 +0.00880 -0.02869 -0.14277 +0.07410 +0.03740
-0.06435 -0.00076 +0.09983 +0.00361 -0.01730 -0.05746
-0.06851 -0.00121 +0.07607 +0.04170 -0.01065 -0.14621
-0.06071 +0.02095 +0.04852 -0.05969 -0.01611 -0.04535
-0.05483 -0.00512 +0.10776 +0.00760 -0.05438 +0.01338
-0.04638 +0.01686 +0.06519 -0.01396 -0.00853 +0.02597
-0.05545 +0.00776 +0.08317 +0.00042 +0.01702 +0.05196
-0.06698 -0.00147 +0.04664 +0.02373 +0.11487 +0.08951
-0.13978 -0.17350 +0.02878 -0.02585 +0.05105 +0.08277
-0.09475 -0.19294 -0.00119 -0.05481 +0.04621 +0.12748
+0.02938 -0.02450 +0.04037 -0.00454 +0.08216 +0.02102
+0.03104 -0.03422 +0.05341 +0.03471 -0.00614 -0.02560
+0.02771 -0.04351 +0.04193 -0.00929 +0.00682 +0.11548
+0.02974 -0.03437 +0.03328 -0.04457 +0.02890 +0.17255
+0.04228 -0.01684 +0.02929 -0.07899 -0.05226 +0.10299
+0.04503 -0.02679 +0.04418 -0.01300 -0.00701 +0.10920
+0.02734 -0.03840 +0.02949 -0.02616 +0.00801 +0.04682
+0.03332 -0.02483 +0.02047 -0.04391 +0.02903 +0.04880
+0.02792 -0.03576 +0.02347 -0.01902 +0.02306 +0.08002
+0.04965 -0.02320 +0.06580 +0.01348 -0.02800 +0.04639
+0.04459 -0.03064 +0.06406 +0.00510 -0.02225 +0.10499
+0.03312 -0.02955 +0.06658 -0.03023 +0.00774 +0.07717
+0.03475 -0.02184 +0.05981 -0.00101 +0.02908 +0.02006
+0.03878 -0.03545 +0.03591 -0.02885 -0.02844 +0.09512
+0.01427 -0.04048 -0.00010 -0.03391 +0.04569 +0.01509
+0.03813 -0.02910 +0.06452 -0.06098 -0.07097 +0.05648
+0.12431 +0.15438 +0.04299 -0.00263 +0.05847 +0.06046
+0.01496 +0.00254 +0.03372 +0.03190 +0.01783 +0.09577
+0.02357 +0.02890 -0.00827 -0.02697 -0.02252 +0.04399
+0.00000 +0.00000 +0.00000 +0.00000 +0.00000 +0.00000
+0.01798 +0.00681 +0.04085 +0.06429 -0.02572 -0.01451
+0.01435 +0.01550 +0.00608 -0.06474 +0.01955 +0.12202
+0.00876 +0.02007 -0.00348 -0.05958 -0.01184 +0.00946
+0.00099 -0.00126 -0.00526 -0.00645 +0.01274 +0.07654
-0.00078 +0.00103 +0.00476 +0.01589 -0.02283 -0.06360
+0.01080 +0.01891 +0.00772 +0.00169 +0.02475 +0.01527
-0.00907 +0.00561 -0.05395 -0.03728 +0.06002 +0.04122
+0.01392 +0.00753 +0.00736 -0.01213 -0.03660 +0.05772
+0.00747 +0.00740 +0.01033 -0.00688 -0.02473 +0.03364
+0.00598 -0.00192 +0.03085 +0.00976 +0.05441 +0.13430
+0.01255 +0.01441 +0.02933 +0.03531 +0.07390 +0.07919
+0.00108 +0.00535 -0.05353 -0.00637 +0.02003 +0.03988
+0.01671 +0.02263 -0.02711 -0.02247 -0.03981 +0.03450
+0.00204 -0.00628 +0.01740 +0.04374 +0.03549 +0.08764
+0.02509 +0.02286 -0.01093 -0.00822 -0.05880 +0.04148
+0.01420 +0.01697 -0.01079 -0.00645 -0.01267 +0.04302
+0.01397 +0.00870 +0.02677 +0.05845 +0.00677 +0.03811
+0.01584 +0.01642 +0.01261 +0.03502 -0.01270 -0.02033
+0.00700 +0.01981 -0.01531 -0.00014 -0.01303 +0.07059
+0.01775 +0.08556 +0.00410 -0.14114 -0.01477 +0.11980
-0.02511 +0.03671 -0.00189 -0.05194 +0.03637 +0.04482
-0.01050 +0.03889 +0.03185 +0.02211 -0.02616 -0.01467
-0.02045 +0.02838 +0.00573 +0.02030 -0.02779 -0.02278
-0.02953 +0.03462 -0.01037 -0.05038 -0.01398 +0.03531
-0.03951 +0.01663 +0.03885 -0.00296 +0.01087 +0.04152
-0.02676 +0.03206 +0.00094 -0.03299 -0.04415 +0.04643
-0.05772 +0.02094 -0.05483 -0.12875 +0.03168 +0.04023
-0.02699 +0.02474 +0.08842 +0.01877 +0.02959 +0.06176
-0.03869 +0.02043 -0.01004 -0.05922 -0.03804 +0.05877
-0.02270 +0.03310 +0.03518 +0.03549 +0.00260 +0.01331
-0.02884 +0.03372 -0.00337 +0.00832 -0.00882 -0.00564
-0.04090 +0.01849 -0.05352 +0.01623 -0.03553 -0.02367
-0.02206 +0.02760 -0.01570 +0.08734 -0.01103 -0.01315
-0.02828 +0.03183 -0.00738 +0.02203 -0.03971 +0.00365
-0.03494 +0.01962 +0.03377 +0.06165 +0.04670 +0.07507
-0.02955 +0.02774 -0.01745 +0.06735 -0.01136 +0.00155
-0.09765 -0.14857 +0.00493 -0.01121 -0.01430 +0.07243
-0.05257 -0.17007 +0.00048 +0.06436 -0.01457 +0.00502
+0.07860 +0.00626 -0.01720 -0.02475 -0.03852 +0.04063
+0.05216 -0.02738 +0.01596 +0.08077 -0.02760 -0.05884
+0.05415 -0.01328 -0.04408 -0.01618 +0.04847 +0.06324
+0.05002 -0.03510 +0.00873 +0.09492 -0.04454 -0.05517
+0.08180 -0.01833 +0.03958 +0.12953 -0.02494 +0.05145
+0.06538 -0.02533 +0.00446 +0.14113 +0.02903 -0.04024
+0.17387 +0.20771 -0.09352 -0.04021 +0.02541 +0.03118
+0.03962 +0.09787 +0.04248 -0.00382 -0.03103 -0.01124
-0.01042 +0.03136 +0.04265 +0.04385 -0.09918 -0.03523
-0.01622 +0.02759 +0.05994 +0.02066 -0.05954 +0.01539
-0.02754 +0.02043 +0.04828 +0.04053 -0.02150 -0.05091
-0.05480 -0.10194 +0.08408 +0.04274 -0.05140 +0.05690
-0.09875 -0.23905 -0.12415 +0.06954 +0.06683 -0.06418
+0.08091 -0.00873 -0.02331 +0.02548 +0.01050 -0.00611
+0.06193 -0.04134 -0.04986 -0.01403 -0.03414 +0.04623
+0.06934 -0.03113 -0.02851 -0.01496 -0.03170 +0.04204
+0.05526 -0.04684 -0.03368 +0.02352 -0.03544 +0.00667
+0.14361 +0.10867 -0.00368 +0.08218 +0.01835 +0.09781
+0.10191 +0.16879 -0.02984 -0.02503 +0.02030 -0.00329
-0.01103 +0.02633 -0.02765 -0.01299 -0.09332 -0.06158
-0.01065 +0.02926 -0.02858 -0.02512 -0.05997 -0.02844
-0.02676 +0.01166 -0.02517 +0.01182 -0.02476 -0.05910
-0.00875 +0.03209 -0.02116 -0.04101 -0.10870 +0.00651
-0.01352 +0.02307 +0.02024 -0.00344 -0.08085 -0.00964
-0.01958 +0.00779 +0.02358 +0.06211 -0.03472 -0.02886
-0.02963 +0.04044 -0.07310 -0.09827 -0.10427 -0.11361
-0.04015 +0.00664 +0.00519 -0.00543 +0.01844 +0.02325
-0.02353 +0.02281 +0.00366 +0.00843 -0.04844 -0.04209
-0.07811 -0.06505 -0.04500 -0.10973 -0.03719 +0.12472
-0.10148 -0.28181 -0.08056 +0.00096 -0.00860 +0.03278
+0.07944 -0.04414 -0.05069 +0.04622 +0.06257 +0.08240
+0.11188 -0.04722 +0.08100 +0.14034 -0.09131 +0.13798
+0.07541 -0.04578 -0.00237 +0.03599 -0.03965 +0.07619
+0.11249 +0.08722 -0.08890 +0.00765 +0.00438 -0.04335
+0.07283 +0.16459 -0.09087 -0.08982 +0.11629 -0.04913
-0.03653 +0.04870 -0.09506 -0.12265 +0.03584 -0.05613
-0.10688 -0.15504 +0.09416 -0.02946 -0.11827 +0.00104
-0.01397 -0.11016 +0.04031 -0.15021 +0.06042 -0.03447
+0.05282 -0.01915 +0.03462 -0.18369 -0.00225 +0.01612
+0.03220 -0.03404 -0.00451 -0.12094 +0.00637 -0.12698
+0.05849 -0.01527 +0.04182 -0.11957 -0.02901 -0.20767
-0.05914 -0.24141 -0.12617 -0.02541 +0.13615 -0.13364
+0.13022 -0.02880 -0.05807 -0.04351 +0.10993 +0.06045
+0.11117 -0.05182 -0.05652 -0.04841 -0.01341 -0.01913
+0.09662 -0.07618 -0.06294 -0.04665 -0.00708 -0.01427
+0.10169 -0.05514 +0.00800 +0.02182 +0.08591 -0.07565
+0.09512 -0.08274 +0.00373 +0.02660 +0.03515 +0.04133
+0.11808 -0.04280 -0.00720 -0.06215 -0.00535 +0.02985
+0.07967 -0.07241 -0.05896 -0.09447 -0.00464 -0.07868
+0.08936 -0.07308 +0.00759 +0.00651 +0.01981 -0.07932
+0.08327 -0.05815 -0.03624 -0.12556 +0.11611 +0.08327
+0.09536 -0.07221 +0.03473 -0.03093 -0.03465 +0.00487
+0.10446 -0.05211 -0.01412 -0.10215 -0.06048 -0.04196
+0.09035 -0.06675 +0.02332 -0.11431 -0.02053 +0.06269
+0.09204 -0.06690 +0.04770 -0.00529 +0.07098 -0.04287
+0.07501 -0.06672 -0.09557 -0.07443 +0.11539 -0.10542
+0.07919 -0.06221 -0.04047 -0.10685 +0.12611 -0.10079
+0.09772 -0.06580 +0.03099 -0.08250 +0.00083 +0.00189
+0.09790 -0.07704 +0.06826 -0.00317 -0.04208 -0.07895
+0.09798 -0.07073 +0.04858 -0.02171 +0.06736 -0.01107
+0.10479 -0.05809 +0.05070 -0.06044 +0.04858 +0.05458
+0.09602 -0.07414 +0.02965 -0.02764 -0.00308 -0.07143
+0.11381 -0.06364 +0.13097 +0.08415 +0.04524 -0.05835
+0.10085 -0.06767 +0.01691 -0.05142 -0.00602 -0.00043
+0.09428 -0.05583 +0.04076 -0.05059 -0.00977 -0.08174
+0.08672 -0.06019 +0.00140 -0.05825 +0.00381 -0.08905
+0.09711 -0.07988 +0.08355 +0.04263 +0.01483 -0.00904
+0.10602 -0.06310 +0.05559 -0.06238 -0.05593 +0.03937
+0.09023 -0.07861 +0.00870 -0.03484 -0.03298 -0.06199
+0.09648 -0.06915 +0.02212 -0.02510 -0.05925 -0.07943
+0.09026 -0.06622 -0.01283 -0.10497 +0.00377 +0.02061
+0.09591 -0.08330 +0.08905 +0.01943 -0.02862 +0.00070
+0.11068 -0.06550 +0.04275 -0.03368 -0.04430 +0.07819
+0.09616 -0.06516 +0.03114 -0.00678 +0.03642 -0.02576
+0.09666 -0.08483 +0.06404 +0.01243 -0.02525 +0.03128
+0.10499 -0.06118 +0.00752 -0.06288 -0.00747 +0.00571
+0.08483 -0.08519 +0.00686 -0.02464 -0.00922 -0.07038
+0.12092 -0.06534 +0.06954 +0.00144 +0.01460 +0.07695
+0.10165 -0.06939 +0.01179 -0.06144 -0.05004 +0.02653
+0.09521 -0.07401 +0.05040 +0.03996 -0.01757 -0.14698
+0.10106 -0.08856 +0.03710 +0.00435 -0.02400 +0.02110
+0.11124 -0.06808 +0.07321 -0.02358 -0.03305 -0.00002
+0.09477 -0.08285 +0.03058 -0.04598 -0.05011 +0.00487
+0.09151 -0.09223 +0.05135 -0.02937 -0.07179 +0.02672
+0.10799 -0.07805 +0.10045 +0.02770 -0.08969 -0.01785
+0.09755 -0.06879 +0.04620 -0.00463 -0.00985 -0.00225
+0.14031 +0.06357 -0.02045 -0.11623 -0.13529 -0.01165
+0.14080 +0.13410 +0.03663 -0.05239 -0.06884 -0.09051
+0.02919 +0.01696 +0.06143 -0.11908 -0.01824 -0.01861
+0.02265 +0.00290 +0.12221 -0.00608 -0.03939 -0.04238
-0.00022 -0.01816 +0.06221 -0.07477 -0.03353 +0.03964
+0.01037 +0.01066 +0.02289 -0.15492 -0.10574 -0.01386
-0.00134 -0.02407 +0.10833 -0.02517 -0.11033 -0.03008
-0.00477 -0.01685 +0.07745 -0.05661 -0.03491 +0.04205
-0.01059 -0.00871 +0.03629 -0.10084 -0.08679 -0.07655
-0.01635 +0.00144 -0.01631 -0.18488 -0.06393 +0.00446
-0.02124 -0.02575 +0.04866 -0.08468 -0.02451 +0.05402
-0.00404 -0.01165 +0.09426 -0.06524 -0.08600 -0.01925
-0.00466 -0.02213 +0.06091 -0.04098 -0.09423 +0.00787
-0.00666 -0.01258 +0.06151 -0.10109 -0.13371 -0.00488
-0.03566 -0.01880 -0.01747 -0.17265 -0.01412 +0.02800
