  309.85235 
  309.55826 
  309.12310 
  308.63676 
  308.86768 
  303.88836 
  296.99251 
  297.86670 
  296.67805 
  297.15791 
  297.41487 
  297.01321 
  296.66262 
  296.64965 
  296.20387 
  296.51604 
  304.10537 
  308.98190 
  308.02054 
  307.56317 
  307.88208 
  308.06263 
  307.81235 
  308.77750 
  308.00288 
  307.60309 
  307.53982 
  299.55448 
  299.87721 
  299.31597 
  299.40915 
  299.03355 
  298.04693 
  298.47656 
  302.44230 
  309.99779 
  308.58371 
  308.69788 
  309.02173 
  309.70190 
  309.81685 
  309.52653 
  309.63514 
  306.15116 
  297.21286 
  297.91362 
  297.47198 
  297.89829 
  297.66987 
  298.15614 
  298.00750 
  309.60200 
  309.04729 
  309.32951 
  311.03728 
  310.19028 
  310.08759 
  309.45840 
  309.30478 
  309.47930 
  308.63650 
  309.32882 
  300.59902 
  299.78293 
  300.40475 
  300.34771 
  300.11305 
  299.71010 
  299.33303 
  299.30024 
  299.39301 
  307.81189 
  310.14002 
  309.81722 
  309.70432 
  309.30792 
  308.92981 
  304.19016 
  299.57297 
  299.21764 
  299.49308 
  299.13319 
  298.83566 
  299.00103 
  297.80743 
  298.35011 
  298.20241 
  310.99657 
  309.50960 
  309.90864 
  308.37127 
  308.65689 
  308.44627 
  301.05360 
  299.09352 
  299.28184 
  299.08006 
  293.36334 
  303.69939 
  303.71408 
  303.35734 
  303.99968 
  303.90266 
  304.06274 
  304.47581 
  301.50146 
  299.99690 
  299.46449 
  299.89935 
  299.62244 
  298.11760 
  298.21175 
  297.65675 
  298.14136 
  297.18977 
  297.15274 
  297.16488 
  307.62790 
  309.89567 
  309.68383 
  309.32730 
  308.39523 
  300.48501 
  299.95177 
  299.69372 
  299.45279 
  300.10305 
  300.59931 
  299.46591 
  300.00051 
  300.28952 
  299.24985 
  299.22976 
  304.26019 
  309.63915 
  310.23628 
  309.08761 
  308.90753 
  304.51361 
  299.96454 
  299.92164 
  298.95276 
  299.13776 
  299.09286 
  306.13349 
  310.15159 
  309.81925 
  309.42366 
  310.18910 
  310.60142 
  306.07348 
  301.23950 
  300.38152 
  300.07233 
  300.35493 
  300.46713 
  299.79810 
  300.00663 
  305.51886 
  311.32886 
  310.39224 
  310.12711 
  309.98224 
  310.81054 
  310.15104 
  310.23031 
  309.98156 
  310.71586 
  309.51600 
  309.58770 
  299.48405 
  299.99781 
  300.23684 
  299.93258 
  301.49583 
  311.11245 
  311.18988 
  310.77266 
  310.87224 
  310.58482 
  310.75599 
  310.06828 
  303.11896 
  300.00111 
  300.34279 
  300.17976 
  303.90367 
  309.32698 
  298.95605 
  304.23130 
  305.22228 
  306.02326 
  306.71629 
  306.83848 
  307.51995 
  301.47198 
  293.55141 
  293.41086 
  293.77393 
  293.17982 
  292.77055 
  294.29378 
  293.24579 
  293.34971 
  299.57898 
  308.37882 
  307.40811 
  307.89270 
  308.51421 
  307.04534 
  307.92864 
  307.49465 
  306.55609 
  306.12637 
  306.54750 
  306.13548 
  307.64271 
  305.66063 
  301.83798 
  296.93335 
  296.82226 
  296.81138 
  295.98081 
  295.60831 
  296.45706 
  295.87634 
  295.38826 
  295.70295 
  295.03127 
  294.97940 
  294.85073 
  293.76566 
  293.24967 
  292.60111 
  292.95571 
  292.87132 
  304.73111 
  308.27967 
  307.14752 
  307.19380 
  306.99648 
  307.08675 
  307.56783 
  307.81069 
  308.47034 
  308.96712 
  307.84068 
  307.56512 
  308.02029 
  307.96590 
  307.80258 
  308.04567 
  307.87091 
  308.27706 
  307.99046 
  308.07745 
  309.69334 
  308.66335 
  308.16572 
  308.05782 
  307.57196 
  297.03597 
  297.14661 
  295.93551 
  295.26754 
  296.26803 
  305.20521 
  306.86409 
  307.06328 
  307.74004 
  307.12223 
  308.74231 
  297.13314 
  298.71872 
  298.65580 
  298.27578 
  298.94780 
  299.94289 
  299.26089 
  299.74577 
