-0.08344 -0.01644 +0.02499 +0.01522 -0.02048 -0.01646
-0.07857 -0.03274 -0.00664 +0.01048 +0.01374 +0.02828
-0.05155 -0.00724 -0.09981 +0.03460 +0.03029 -0.00120
-0.08149 -0.04485 -0.01393 -0.05357 +0.03769 -0.02431
-0.07269 -0.01364 +0.04435 -0.02674 +0.02620 -0.02009
-0.06410 -0.08019 +0.11751 -0.01919 +0.03311 -0.08118
-0.02697 -0.11016 +0.02213 +0.02767 +0.09709 +0.01703
-0.01066 +0.01239 +0.04603 -0.01833 +0.07644 -0.00446
-0.00554 +0.03008 +0.04414 -0.03639 +0.11641 -0.09207
+0.00910 +0.02910 +0.02305 -0.02498 +0.10211 -0.11028
-0.00562 -0.00224 +0.04516 -0.10025 +0.11768 -0.10765
-0.01720 +0.04228 +0.10798 -0.01046 +0.01991 -0.08189
-0.01616 -0.00353 +0.05669 -0.00776 +0.08516 -0.03241
-0.00079 +0.02891 +0.00687 -0.03173 +0.11274 -0.05263
-0.00316 +0.01483 +0.03578 +0.03540 +0.05524 -0.04996
-0.00362 +0.02004 +0.00988 +0.00658 +0.09592 -0.07885
-0.01392 +0.09596 -0.04576 +0.02281 +0.12237 -0.07382
-0.04679 +0.05555 -0.06030 -0.02526 +0.12844 -0.07643
-0.06664 -0.01429 -0.02327 +0.02502 +0.04368 -0.07960
-0.05887 -0.00996 +0.00308 -0.00217 +0.06890 -0.05421
-0.05456 +0.00117 -0.00023 -0.02287 +0.07033 -0.12504
-0.06680 -0.03710 -0.06110 -0.06759 +0.06535 -0.03626
-0.06184 -0.00006 +0.07990 -0.08354 +0.01927 -0.05219
-0.07522 -0.00728 +0.03435 -0.10173 +0.03457 -0.05728
-0.06245 +0.00105 +0.05504 -0.03914 -0.03212 +0.03398
-0.06663 -0.01066 +0.06338 -0.04391 -0.00525 +0.01238
-0.04986 -0.00633 +0.00967 -0.06479 +0.00082 -0.09012
-0.04586 -0.16308 +0.04088 +0.14563 -0.07432 -0.00838
-0.04651 -0.03377 +0.12428 +0.04866 +0.01754 -0.02131
-0.01625 +0.00008 +0.03380 +0.05132 +0.00999 -0.06452
-0.00910 -0.02467 -0.03583 -0.01114 +0.04848 -0.07868
-0.01505 -0.01256 +0.03428 +0.04059 -0.03716 -0.07323
-0.00234 -0.00477 +0.02393 +0.07487 -0.02520 -0.05914
-0.00715 +0.00022 +0.02207 +0.07977 -0.01629 -0.07671
-0.01011 +0.01565 -0.01188 +0.00605 +0.03597 -0.11607
-0.04749 +0.17146 +0.01503 +0.01867 +0.03834 -0.09151
-0.07467 -0.02719 +0.04685 -0.02620 +0.02531 -0.12377
-0.06772 -0.00329 +0.01902 +0.01393 +0.01722 -0.06619
-0.08851 -0.01881 +0.07506 -0.05084 +0.02839 -0.09440
-0.05907 -0.00262 -0.00888 -0.01364 +0.04469 -0.08083
-0.07133 -0.03534 -0.08064 -0.05922 +0.06870 -0.04997
-0.07648 -0.02432 +0.01694 -0.01578 +0.04167 -0.09378
-0.08061 -0.01034 +0.08707 -0.03138 +0.00761 -0.11695
-0.10017 -0.05408 +0.07479 -0.11984 +0.00337 +0.02857
-0.05056 -0.22212 +0.02817 +0.01810 +0.00775 -0.03565
-0.01184 +0.03548 +0.00927 +0.06427 -0.04732 -0.05612
-0.02758 +0.01478 +0.06664 +0.07562 -0.05952 +0.01493
-0.03692 -0.00456 +0.08867 +0.00341 +0.01711 -0.02792
-0.02087 +0.00499 +0.04748 -0.00750 -0.01274 -0.08596
-0.02341 -0.00285 +0.00447 +0.07454 -0.02650 -0.05347
-0.00886 +0.01386 -0.03532 +0.03467 +0.01189 -0.13620
-0.06862 +0.19069 +0.07999 +0.01483 -0.05167 +0.06679
-0.07814 +0.01747 +0.03207 +0.04668 -0.00013 -0.00188
-0.05906 +0.00126 -0.04055 +0.01160 +0.01115 -0.07727
-0.07663 -0.00940 -0.07201 +0.07236 -0.04904 +0.02156
-0.10304 -0.06989 -0.02147 -0.00988 +0.03266 -0.02887
-0.09152 -0.02295 +0.04685 -0.04071 -0.00658 -0.01779
-0.08383 -0.01484 +0.03865 -0.01401 -0.03461 +0.06116
-0.07214 +0.01305 -0.00643 +0.03509 -0.06999 -0.04109
-0.06043 -0.00628 -0.03918 +0.06642 -0.06849 -0.01050
-0.09486 -0.01060 +0.08109 -0.00668 -0.06194 +0.04649
-0.05401 +0.00757 -0.02429 +0.00245 -0.04447 -0.05178
-0.03642 -0.16172 -0.02624 -0.04279 +0.02025 -0.10034
-0.02480 -0.09473 +0.01835 +0.09287 -0.00550 -0.15676
-0.00693 -0.03378 -0.02705 +0.07055 -0.00534 -0.10622
-0.00794 -0.01043 +0.04084 +0.07200 +0.00707 -0.09730
-0.00283 -0.00171 +0.01177 +0.09061 -0.03635 -0.14977
+0.00372 +0.00990 +0.00493 +0.06937 -0.07227 -0.12227
-0.02362 -0.01856 +0.06772 +0.12640 -0.09755 -0.05608
-0.00754 -0.00210 +0.00286 +0.07488 -0.03549 -0.14234
-0.01189 -0.02337 -0.06181 +0.06545 -0.06254 -0.07549
-0.05944 +0.08999 +0.04477 +0.00140 -0.05937 -0.00143
-0.08980 +0.07522 +0.08135 -0.08793 -0.07468 +0.02992
-0.09763 +0.00762 +0.04877 -0.06405 -0.03065 +0.00209
-0.11193 -0.01580 +0.07605 -0.08778 -0.07334 +0.06033
-0.07062 +0.01805 -0.02144 -0.01079 -0.07617 -0.01791
-0.08037 -0.01956 +0.04476 -0.04514 -0.05411 -0.04999
-0.04583 -0.07481 +0.07604 +0.03251 -0.06965 -0.01282
-0.00978 -0.14858 -0.07139 +0.00279 +0.00900 -0.08899
+0.00480 +0.00587 +0.00562 +0.06405 -0.08899 -0.04282
-0.00975 +0.00163 +0.02744 +0.03704 -0.02631 -0.11465
-0.00870 +0.00033 +0.02721 +0.01969 -0.02996 -0.08915
-0.03055 +0.00537 +0.07578 -0.00820 -0.04916 -0.03236
-0.01436 -0.03274 +0.05815 +0.02137 -0.00196 -0.11280
-0.00423 +0.01700 +0.05930 +0.09683 -0.11845 -0.03569
+0.00330 +0.00178 -0.02702 +0.06751 -0.08627 -0.08523
+0.00027 +0.00850 -0.00756 +0.03756 -0.08331 -0.08782
-0.05828 +0.20077 -0.01300 +0.07650 -0.06976 -0.00114
-0.09049 -0.02279 +0.05875 +0.04160 -0.10838 +0.10290
-0.08028 -0.00104 +0.04486 -0.00285 -0.07887 +0.05559
-0.07339 +0.00870 +0.04758 +0.03390 -0.10858 +0.01346
-0.06336 +0.01588 +0.01259 +0.00007 -0.07964 -0.03615
-0.06389 +0.00204 -0.01003 -0.01996 -0.09318 -0.06664
-0.05432 -0.11058 +0.12591 -0.06738 -0.04868 -0.04342
-0.01457 -0.07420 +0.08316 +0.07471 -0.07626 -0.00004
-0.00742 -0.02611 +0.04524 +0.05096 -0.01608 -0.03919
+0.00250 +0.02467 +0.01625 +0.01826 -0.02210 -0.10694
-0.05542 -0.02276 +0.01397 +0.23931 -0.15886 -0.01517
-0.16197 +0.08162 -0.06126 +0.09550 +0.07530 -0.02305
-0.16262 +0.03513 -0.02338 -0.00057 +0.00458 +0.09405
-0.13443 +0.02740 -0.07444 +0.06053 +0.02962 +0.03163
-0.15820 +0.02315 -0.00433 +0.04298 +0.00788 +0.04904
-0.13412 +0.01697 -0.07551 +0.01429 +0.05480 -0.03295
-0.12198 +0.01374 -0.06929 +0.09874 +0.03648 +0.01908
-0.10566 +0.02383 -0.11421 +0.08851 +0.06196 -0.00661
-0.05842 +0.00609 -0.05128 +0.10235 +0.05205 +0.00212
-0.00967 -0.08419 -0.01408 +0.04630 +0.10427 -0.02755
-0.02147 -0.00450 +0.06545 +0.01889 +0.04740 +0.02923
+0.00109 -0.00212 -0.02511 +0.02399 +0.06828 -0.00899
-0.00047 +0.00830 -0.02233 +0.07429 +0.02864 -0.10788
-0.00418 -0.01348 +0.04266 +0.05844 +0.02262 -0.01519
+0.00063 -0.00385 +0.01929 +0.03396 +0.00748 -0.03885
+0.00275 -0.00014 +0.04693 +0.06481 -0.00435 -0.02552
-0.00293 -0.01784 +0.00051 -0.00581 +0.00760 -0.04518
-0.00173 +0.00870 +0.03555 +0.07681 -0.02597 -0.04705
-0.00160 +0.01168 +0.02815 +0.06298 -0.00870 -0.05072
-0.00563 +0.01048 +0.01825 +0.07345 +0.00622 -0.10337
-0.02275 +0.13647 +0.02418 -0.00831 +0.01510 -0.00183
-0.06027 +0.07569 +0.06485 -0.05512 -0.03324 -0.02057
-0.06599 -0.00990 -0.00009 -0.08936 +0.03618 -0.02951
-0.04718 -0.00003 +0.01392 -0.03462 +0.00010 -0.03554
-0.05770 +0.02083 +0.08592 -0.02313 -0.01763 -0.03101
-0.00885 -0.13445 -0.00593 -0.03054 +0.01479 -0.06395
-0.00407 -0.08832 +0.01198 -0.02403 +0.05818 -0.01466
+0.02496 +0.01969 +0.01753 +0.02675 -0.00033 -0.06035
+0.00254 -0.00752 +0.03272 -0.04566 +0.00572 -0.03322
-0.00279 -0.00320 +0.00769 -0.00065 +0.03483 -0.09000
-0.01571 -0.01699 +0.13383 +0.00532 +0.03029 -0.09825
+0.01340 +0.00344 +0.07219 +0.02660 +0.01726 -0.05808
+0.02138 +0.02558 +0.02619 +0.02841 +0.02243 -0.08534
-0.00412 -0.04479 +0.02091 -0.01368 +0.06372 -0.09219
-0.00541 +0.04295 +0.10717 +0.07470 -0.06163 -0.05334
+0.00754 +0.01394 +0.08666 +0.03102 -0.08089 -0.00163
+0.01011 +0.07671 -0.01110 +0.00722 +0.03072 -0.06862
-0.04161 +0.11885 +0.06822 -0.01303 -0.01924 -0.05671
-0.03955 -0.00868 -0.02776 -0.01879 -0.00499 +0.00289
-0.03456 +0.01556 -0.03581 +0.00758 -0.02049 -0.01242
-0.04749 +0.02267 +0.06649 -0.02003 -0.04501 +0.02785
-0.02363 -0.01723 -0.07077 +0.03319 -0.04303 +0.01107
-0.04908 -0.18146 +0.06673 +0.00443 -0.01052 +0.03931
+0.00000 +0.00000 +0.00000 +0.00000 +0.00000 +0.00000
-0.01999 +0.01435 +0.04789 -0.02268 +0.03648 -0.02428
-0.00233 +0.02924 +0.02881 +0.03528 +0.01094 -0.01368
-0.01862 +0.00104 +0.05593 -0.02254 +0.03661 -0.07328
-0.02220 +0.08947 -0.10154 -0.03221 +0.08087 +0.02398
-0.05394 +0.10466 +0.00434 -0.01851 +0.03976 -0.00995
-0.07849 +0.00254 +0.02565 -0.05319 -0.01438 +0.01989
-0.05318 +0.01121 -0.05491 -0.01640 +0.01092 -0.06648
-0.08412 -0.01432 +0.04237 -0.05395 -0.04360 +0.05807
-0.05400 +0.00832 -0.01185 +0.01479 -0.02530 +0.03049
-0.07396 -0.04113 -0.01799 -0.02676 -0.04551 -0.01424
-0.04013 -0.19834 +0.05084 -0.03413 -0.02774 +0.02055
-0.00551 +0.00193 +0.03040 +0.05583 -0.03903 -0.05022
+0.00348 +0.00852 -0.01574 +0.04973 -0.03919 -0.05282
-0.00356 +0.00599 +0.03737 +0.06102 -0.07001 -0.05099
-0.01087 +0.00095 +0.03160 +0.06025 -0.05556 -0.07040
-0.02155 -0.01009 +0.08665 +0.01599 -0.03634 -0.01065
-0.01957 +0.01396 +0.08259 +0.01381 -0.03535 +0.00298
-0.02844 +0.07033 +0.02714 +0.01413 +0.00167 +0.00044
-0.05953 +0.10738 +0.05683 +0.00170 -0.00263 +0.00934
-0.06316 +0.00202 +0.00493 +0.03727 -0.03565 +0.01401
-0.06866 -0.00710 +0.05533 -0.00216 -0.05220 +0.01253
-0.04160 +0.01581 -0.01433 -0.02140 -0.04245 -0.03105
-0.08688 -0.01724 +0.04796 -0.02934 -0.12338 +0.10458
-0.06453 -0.01326 +0.03464 -0.04050 -0.02633 +0.02773
-0.06838 -0.00412 +0.03145 -0.02518 -0.00704 -0.01221
-0.06764 +0.00433 +0.04229 -0.03326 -0.03748 -0.00652
-0.08256 -0.00900 +0.06827 -0.05039 -0.01722 -0.00024
-0.07018 -0.00583 +0.02225 -0.00316 -0.04198 +0.01043
-0.09004 -0.00316 +0.12693 -0.04566 -0.07560 +0.08656
-0.02748 -0.17741 +0.04191 -0.01512 +0.03936 -0.02887
-0.00106 -0.02189 +0.02034 +0.02912 +0.00540 -0.04691
-0.00217 +0.00572 +0.11558 +0.00544 -0.00914 -0.04385
-0.00279 +0.00286 +0.09995 +0.03777 -0.01916 -0.09624
-0.00998 +0.01436 +0.05328 +0.02316 -0.06206 -0.03985
-0.02870 +0.21097 -0.04349 +0.01122 -0.00708 -0.03397
-0.07672 -0.03144 +0.03088 -0.06948 -0.01730 +0.04051
-0.04775 +0.00112 -0.02844 +0.00383 -0.03977 +0.02789
-0.06737 -0.01101 +0.01677 -0.06935 +0.02361 -0.01904
-0.05566 -0.03165 -0.02474 -0.06239 +0.08746 -0.10818
-0.07003 -0.01189 +0.04724 -0.06933 +0.04213 -0.03472
-0.04314 +0.00592 +0.00761 -0.03075 -0.02459 -0.06696
-0.05774 -0.11171 +0.13741 -0.05283 -0.03398 -0.00608
-0.00751 -0.09358 +0.02867 +0.04891 -0.05261 -0.02219
+0.00368 -0.00597 +0.03411 +0.05977 +0.00288 -0.01289
+0.01053 +0.00739 -0.03227 +0.08516 +0.02351 -0.08800
-0.04147 +0.05506 +0.15379 +0.04999 -0.06985 +0.05142
-0.06412 +0.15897 +0.04089 -0.00830 +0.03155 +0.02528
-0.14138 -0.27168 -0.11810 +0.26246 -0.04548 +0.08644
-0.15529 +0.11388 -0.07332 +0.11977 +0.08610 +0.00550
-0.15446 +0.03852 -0.07341 +0.12947 +0.04279 -0.00101
-0.15409 +0.02764 -0.05703 +0.06543 +0.06760 -0.00390
-0.17409 +0.00024 -0.02115 +0.03678 +0.10835 -0.07136
-0.15610 +0.00137 -0.07881 +0.04970 +0.08973 -0.01682
-0.13522 +0.03541 -0.07629 +0.07114 -0.02881 +0.02852
-0.09996 -0.10195 +0.12406 -0.03306 +0.09200 +0.05985
+0.03219 -0.16240 -0.05684 +0.07876 +0.14568 +0.14878
+0.04607 +0.04458 +0.02008 +0.09048 +0.06074 +0.04564
+0.07319 +0.03448 -0.00091 +0.10725 +0.05933 +0.08636
+0.05956 +0.03137 +0.04890 +0.12450 -0.00513 +0.02704
+0.06211 +0.03294 +0.00856 +0.13669 +0.02068 -0.03048
+0.04696 +0.01109 +0.07043 +0.06802 +0.06434 -0.04746
+0.05886 +0.01572 +0.00959 +0.15308 +0.05431 +0.03877
+0.05220 +0.00709 -0.00152 +0.11162 +0.06708 +0.00176
+0.03393 +0.11838 +0.02747 +0.17428 +0.05751 +0.04737
+0.00352 +0.10416 +0.07050 +0.06432 +0.08148 +0.07696
-0.00161 +0.00938 +0.05490 +0.07116 +0.04346 +0.04433
-0.00023 -0.00307 +0.01438 +0.05792 +0.06794 +0.06811
+0.01482 -0.04054 -0.10736 +0.02631 +0.08969 +0.04544
+0.00834 +0.00053 +0.04348 +0.09814 -0.00028 +0.07052
-0.00061 -0.00087 +0.04754 +0.04003 +0.06777 -0.00269
-0.00143 -0.04447 -0.03229 +0.03925 +0.07471 +0.05106
+0.00801 +0.02679 +0.03946 +0.12425 -0.02304 +0.02691
-0.02139 +0.00109 +0.12611 +0.00622 +0.02474 +0.09456
+0.00053 +0.00728 +0.02449 -0.02175 +0.01983 +0.06661
-0.00081 -0.01097 +0.00164 -0.02847 +0.05506 +0.07649
+0.00611 -0.00896 +0.03484 -0.01075 +0.06799 +0.05457
-0.01283 +0.00281 +0.13190 +0.01759 +0.03375 +0.04800
+0.01965 -0.06834 +0.08850 +0.00974 +0.08064 +0.03054
+0.03108 -0.08693 +0.07117 +0.11151 +0.04259 +0.00150
+0.05686 -0.02136 -0.02826 +0.07504 +0.09524 -0.06532
+0.02928 +0.00155 +0.13054 +0.07651 +0.08013 -0.04577
+0.04431 +0.00234 +0.04119 +0.11603 +0.05473 -0.03383
+0.04828 +0.00849 +0.08315 +0.08727 +0.03221 +0.02692
+0.04281 -0.00128 +0.06038 +0.02326 +0.04491 -0.01817
+0.05814 +0.00430 +0.04239 +0.09507 +0.01531 -0.00622
+0.03638 -0.00341 +0.07303 +0.13712 -0.02556 +0.00853
+0.02603 -0.01095 +0.08474 +0.05597 +0.01124 +0.00663
+0.05779 +0.00544 +0.01951 +0.12395 +0.02495 -0.02370
+0.05696 +0.00156 +0.03322 +0.10580 +0.02235 -0.03650
+0.01560 -0.01869 +0.06698 +0.08536 +0.02833 +0.08150
+0.03017 -0.00271 +0.14043 +0.08484 +0.09188 +0.07172
+0.04050 +0.02272 +0.06640 +0.05807 +0.09731 +0.06266
+0.03178 +0.03727 +0.13382 +0.07159 +0.04644 +0.07249
+0.03453 +0.00521 +0.08205 +0.02357 +0.13730 +0.01340
+0.04692 +0.02418 +0.04414 +0.04440 +0.10746 +0.02394
+0.01600 +0.14727 +0.12220 -0.02337 +0.09526 +0.05231
+0.00211 +0.10069 +0.08112 +0.00409 +0.10440 -0.02258
+0.00163 -0.02437 -0.02187 -0.00135 +0.12730 -0.01779
-0.00798 +0.00172 +0.03654 +0.04903 +0.08168 +0.01044
-0.01791 +0.01782 +0.11897 +0.03508 +0.03631 +0.07344
+0.01162 +0.00849 -0.01808 +0.02087 +0.10993 -0.06221
-0.00653 +0.00183 +0.09041 +0.02274 +0.05310 +0.05707
-0.02199 -0.00624 +0.06529 +0.02945 +0.04717 -0.04143
-0.03125 -0.03562 +0.00927 -0.04664 +0.08874 +0.00144
-0.00259 -0.00105 +0.04319 -0.02308 +0.06327 -0.01779
-0.00320 -0.00316 +0.04637 +0.02811 +0.02343 +0.00867
-0.01505 -0.00505 +0.03296 +0.03584 +0.04356 -0.06244
-0.01160 +0.01800 +0.00942 +0.00965 +0.05121 -0.07429
+0.00089 -0.00269 +0.04377 +0.02167 +0.05875 -0.04059
-0.03385 -0.00158 +0.13291 +0.00215 +0.03870 +0.03476
-0.01829 +0.00343 +0.04551 +0.01532 +0.02224 +0.04197
-0.03401 +0.00038 +0.13779 +0.00606 +0.00480 +0.06823
-0.02913 +0.01441 +0.13985 -0.01426 -0.01324 +0.06478
+0.00226 +0.00666 +0.04742 -0.01413 +0.02930 -0.03028
-0.00031 +0.00581 +0.00688 +0.02974 +0.03909 -0.00934
-0.02173 -0.03047 -0.01831 +0.02957 +0.07647 -0.01486
-0.03340 -0.06016 +0.03851 -0.06000 +0.07004 +0.00690
-0.00391 -0.01000 +0.01535 -0.02722 +0.06111 -0.03241
-0.02097 -0.00586 +0.12289 -0.06385 +0.08983 -0.03103
-0.00742 +0.00673 +0.01699 +0.01545 +0.06562 -0.05646
+0.00489 -0.24763 +0.00459 +0.09425 +0.02799 +0.12839
+0.01476 -0.05520 +0.08167 +0.00967 +0.10579 +0.05930
+0.02640 +0.02812 +0.12843 +0.03587 +0.06392 +0.06282
+0.03482 +0.00977 +0.02682 +0.03043 +0.05885 +0.00366
+0.03473 +0.01344 +0.04045 -0.01494 +0.12519 +0.04030
-0.18314 +0.11969 +0.03084 +0.02801 +0.00405 +0.11973
-0.17138 +0.06930 -0.09892 +0.05737 +0.00796 +0.04104
-0.17428 -0.01798 -0.11581 -0.01200 +0.09243 +0.05430
-0.17721 +0.01221 -0.02989 -0.02113 +0.07625 +0.06803
-0.16000 +0.02064 -0.11224 +0.07705 +0.03226 +0.11031
-0.12836 +0.03289 -0.02035 +0.13079 -0.02563 +0.05879
-0.07110 -0.12528 +0.00243 +0.05533 +0.17369 +0.10016
-0.04289 -0.00395 +0.00153 +0.02396 +0.14906 +0.07249
-0.04458 +0.02178 +0.08304 -0.03176 +0.14509 +0.09643
-0.02447 +0.02719 +0.04041 +0.03923 +0.07078 +0.03301
-0.00741 +0.01816 -0.01151 +0.04632 +0.07035 +0.04027
-0.01060 +0.01991 +0.04595 -0.02169 +0.03291 +0.04593
-0.01339 +0.01074 +0.02392 -0.00315 +0.05447 +0.00500
-0.01546 +0.00943 +0.01419 -0.01882 +0.09042 -0.08773
