  339.92031 
  339.22226 
  338.50037 
  337.93850 
  338.28107 
  337.82832 
  337.93297 
  338.49537 
  342.90949 
  342.70767 
  341.99124 
  341.80597 
  342.61474 
  342.19628 
  342.62491 
  342.91130 
  342.16871 
  338.40286 
  337.70987 
  338.70398 
  338.49368 
  337.44848 
  338.41087 
  338.89834 
  337.99852 
  338.37032 
  341.50030 
  344.26031 
  324.48980 
  343.05831 
  341.43700 
  341.06155 
  341.16242 
  341.66429 
  341.82190 
  342.54946 
  341.23142 
  330.01430 
  337.62225 
  338.33975 
  337.56534 
  337.66327 
  337.03328 
  342.17084 
  343.32973 
  342.50316 
  342.02407 
  342.02185 
  335.61787 
  336.93059 
  337.56760 
  337.13358 
  337.29037 
  340.39293 
  340.54040 
  336.97458 
  337.75001 
  339.32613 
  343.95050 
  341.67504 
  340.94578 
  341.59921 
  339.81510 
  339.62597 
  338.40592 
  330.76991 
  338.79325 
  337.84043 
  337.63408 
  337.54021 
  344.58765 
  344.06265 
  330.10459 
  342.04987 
  338.71814 
  336.56431 
  332.52048 
  337.47924 
  336.69728 
  333.50241 
  341.72992 
  343.88835 
  342.21815 
  341.28662 
  341.06938 
  338.43245 
  335.23614 
  338.34403 
  338.45352 
  337.38128 
  337.91361 
  339.67939 
  339.87202 
  336.96487 
  335.50258 
  335.32589 
  335.33350 
  335.33542 
  335.15968 
  333.96230 
  336.46915 
  334.19502 
  332.43535 
  331.49053 
  332.56480 
  331.71741 
  331.97537 
  332.61420 
  332.24112 
  331.92891 
  332.52577 
  331.94961 
  331.84736 
  333.37416 
  332.26313 
  332.75116 
  332.43338 
  332.64419 
  333.70257 
  333.84838 
  333.31961 
  330.08407 
  331.34522 
  338.39052 
  340.22109 
  343.03063 
  341.20140 
  339.75188 
  340.45035 
  340.69127 
  340.03640 
  339.45086 
  339.42657 
  339.65369 
  339.96113 
  340.04040 
  340.11862 
  339.40485 
  333.17321 
  340.85032 
  341.33151 
  339.35299 
  342.57235 
  341.20770 
  340.26077 
  340.52078 
  340.65918 
  340.72660 
  340.56874 
  340.34485 
  340.61068 
  338.81769 
  333.94396 
  339.19492 
  340.55867 
  340.20761 
  339.43831 
  342.75741 
  341.83580 
  340.26633 
  332.17340 
  339.77702 
  338.88010 
  338.64414 
  338.52799 
  345.68346 
  343.77934 
  329.38465 
  341.79483 
  346.16511 
  344.41428 
  343.28502 
  344.03011 
  342.94367 
  341.77784 
  339.58780 
  339.14642 
  330.96941 
  325.95763 
  341.88778 
  338.78913 
  338.36969 
  338.15243 
  338.33848 
  340.22723 
  344.09244 
  342.43319 
  341.78133 
  341.80877 
  342.31325 
  341.68423 
  341.48992 
  341.94819 
  342.39792 
  341.72153 
  342.12208 
  342.59696 
  342.26663 
  342.76201 
  342.50219 
  342.57078 
  342.57855 
  342.75381 
  342.44121 
  342.46611 
  339.58779 
  338.60842 
  339.43216 
  339.21493 
  339.56168 
  339.80528 
  339.57732 
  345.39616 
  343.32011 
  342.67804 
  342.70030 
  342.62370 
  343.26916 
  342.50185 
  343.62812 
  342.81233 
  342.72871 
  343.10705 
  342.76597 
  343.51415 
  342.96676 
  343.31274 
  343.06728 
  343.14930 
  340.23054 
  338.38399 
  340.24543 
  339.83595 
  339.93245 
  339.59434 
  341.12393 
  341.10160 
  345.49130 
  342.99836 
  337.63878 
  339.46240 
  339.27683 
  339.27233 
  339.54787 
  339.43145 
  339.38673 
  346.47724 
  333.64040 
  344.66988 
  340.19897 
  339.03603 
  340.13942 
  336.87693 
  335.89587 
  335.98850 
  330.79848 
  338.16810 
  338.61838 
  338.18857 
  339.81739 
  343.19947 
  342.71096 
  341.34407 
  335.62849 
  338.13682 
  350.19918 
  344.94047 
  347.48915 
  343.75932 
  328.75184 
  337.30371 
  336.54074 
  336.95743 
  337.16609 
  340.82122 
  343.02231 
  340.96073 
  346.58559 
  346.29692 
  342.29307 
