-0.03604 -0.06124 -0.06694 +0.00257 -0.02856 -0.11325
-0.02658 -0.03388 -0.05411 +0.02018 -0.01975 -0.03022
-0.02808 -0.02848 -0.06622 -0.01199 -0.02643 -0.08030
-0.02316 -0.02856 -0.02888 -0.05970 -0.04088 -0.04333
-0.02475 -0.03034 -0.07147 -0.05437 -0.03416 -0.03217
-0.01985 -0.01356 -0.02283 -0.04850 -0.03087 -0.05117
-0.02334 -0.02543 -0.01814 -0.05693 -0.03236 -0.04827
-0.02375 -0.01957 -0.01717 -0.02789 -0.01519 -0.02464
-0.03100 +0.04533 +0.00134 -0.08651 +0.00723 +0.01637
-0.05236 -0.01052 -0.00763 -0.07279 +0.01368 -0.01877
-0.05645 -0.02408 -0.00724 -0.05103 +0.02252 +0.04249
-0.05376 -0.02766 -0.03092 -0.02905 +0.01396 +0.05259
-0.05719 -0.02778 -0.00507 -0.04663 +0.02073 +0.01419
-0.05793 -0.02385 -0.03481 -0.03077 +0.02387 +0.03883
-0.05601 -0.01779 -0.01481 -0.01630 +0.03420 +0.05490
-0.05843 -0.03139 -0.01999 -0.02630 +0.01905 +0.02294
-0.05949 -0.02763 -0.02932 -0.02574 +0.00735 -0.01719
-0.05415 -0.06416 -0.04268 -0.01973 -0.00731 +0.08701
-0.04894 -0.14712 -0.02487 +0.03375 -0.00331 +0.05848
-0.02536 -0.02330 -0.03837 +0.03292 -0.00208 -0.01921
-0.02379 -0.02533 -0.03060 +0.03810 -0.00650 -0.02205
-0.01910 -0.02991 -0.03716 +0.01166 -0.01911 +0.04554
-0.01713 -0.01728 -0.05767 -0.02617 -0.02035 +0.01962
-0.02067 -0.01106 -0.03453 +0.01025 -0.00847 +0.04604
-0.02197 -0.01839 -0.05065 +0.00509 -0.01666 +0.05135
-0.02630 -0.01447 -0.05768 -0.00613 -0.01590 +0.01414
-0.02674 +0.01301 -0.05134 +0.00442 -0.00730 +0.06545
-0.04218 +0.06793 -0.04077 -0.01732 +0.04587 +0.08373
-0.06453 -0.08796 -0.01730 +0.17187 +0.07228 -0.11928
-0.09350 +0.04160 -0.17943 +0.03820 +0.05062 -0.14763
-0.09894 +0.00770 -0.09912 +0.00076 +0.03178 +0.01287
-0.10721 -0.01228 -0.13182 +0.01040 +0.02261 -0.00893
-0.10251 -0.01101 -0.08355 +0.02135 +0.03100 +0.03745
-0.10402 -0.00843 -0.04104 -0.02271 +0.03445 +0.03672
-0.10236 -0.00783 -0.08057 +0.01164 +0.02953 +0.05423
-0.10376 +0.00532 -0.05136 -0.01774 +0.02098 +0.11279
-0.10730 -0.01180 -0.05199 -0.00611 +0.02477 +0.07434
-0.04365 -0.10737 +0.02077 -0.03156 +0.01164 +0.09668
-0.03970 -0.12611 -0.05105 -0.01534 +0.01497 -0.05295
-0.01604 -0.03286 -0.01850 -0.00334 +0.01829 -0.02821
-0.01633 -0.03055 -0.03832 +0.03440 +0.02706 -0.02376
-0.01366 -0.03301 -0.02000 +0.02704 +0.02652 -0.00150
-0.01355 -0.02913 -0.02946 +0.02475 +0.02014 -0.01838
-0.01868 +0.02585 -0.09519 +0.02079 +0.03383 -0.13312
-0.03856 +0.00910 -0.05283 -0.00298 +0.04878 -0.05066
-0.04814 -0.04108 -0.01573 +0.02336 +0.05993 +0.00784
-0.05189 -0.04884 -0.04027 +0.03154 +0.06707 -0.04889
-0.05110 -0.04223 -0.03441 +0.04956 +0.07037 +0.01733
-0.04927 -0.10401 +0.00330 +0.01153 +0.04380 -0.07294
-0.02846 -0.09052 -0.03099 +0.03064 +0.01312 +0.00792
-0.00909 -0.03127 -0.02425 +0.03780 +0.00705 +0.06435
-0.01174 -0.02955 -0.03113 +0.02423 +0.00259 +0.00541
-0.01879 -0.03196 -0.03015 +0.03474 +0.01757 -0.09513
-0.01390 +0.00857 +0.00260 +0.03273 +0.03621 -0.01756
-0.02921 +0.00176 -0.02497 -0.04257 +0.01546 -0.06946
-0.03462 -0.08430 -0.01741 +0.03214 +0.00632 -0.02253
-0.02363 -0.02674 -0.01851 +0.04230 +0.02629 -0.09774
-0.02159 -0.04118 -0.09567 +0.00711 -0.04035 -0.05034
-0.02573 +0.04056 +0.00066 -0.04088 +0.03185 -0.08085
-0.02925 -0.03646 -0.03180 -0.04717 +0.04622 -0.08736
-0.08663 +0.01963 -0.12553 +0.02229 +0.04606 -0.03015
-0.09228 +0.02259 -0.10731 +0.08638 +0.08480 +0.01409
-0.10101 -0.00915 -0.10091 +0.06023 +0.07353 +0.00573
-0.10038 -0.01574 -0.09070 +0.03816 +0.05953 -0.00014
-0.06904 -0.01872 -0.06156 +0.07808 +0.06393 +0.07194
-0.05663 -0.19772 -0.02654 -0.09280 -0.01422 -0.01060
-0.01811 -0.02162 -0.00214 -0.02573 +0.01742 +0.01642
-0.01681 -0.02841 -0.00431 -0.00540 +0.02116 +0.00532
-0.01419 -0.01837 -0.01270 +0.02133 +0.02080 +0.02546
-0.01947 -0.02169 -0.00940 +0.00565 +0.01519 -0.02089
-0.01929 +0.06333 -0.02170 -0.04350 +0.03753 +0.00911
-0.04293 +0.00596 -0.05752 -0.02038 +0.04896 -0.07567
-0.07713 -0.05880 +0.01810 -0.12865 +0.01211 +0.00781
-0.09003 +0.05733 -0.09885 +0.01711 +0.01354 -0.07614
-0.09756 +0.00028 -0.05767 +0.01683 +0.02574 +0.05945
-0.08332 -0.01621 -0.01725 +0.06504 +0.08619 +0.21986
-0.06252 -0.22514 -0.03903 -0.07464 -0.03155 -0.00742
-0.01275 -0.01285 -0.01790 -0.03780 -0.01517 -0.00562
-0.01552 -0.02131 -0.04037 -0.03236 -0.00264 +0.01116
+0.00249 -0.02660 -0.02744 -0.20582 +0.01568 +0.05187
-0.00196 +0.04994 -0.05791 -0.04961 +0.00164 +0.01191
-0.02427 +0.08776 -0.06633 -0.00582 +0.10994 +0.02653
-0.08579 -0.06551 -0.13402 -0.02154 +0.04097 +0.07544
-0.10376 +0.00712 -0.12206 -0.03819 -0.01219 +0.10472
-0.10271 +0.00731 -0.12918 -0.00418 +0.00930 -0.05399
-0.07647 -0.03248 -0.06767 +0.02661 +0.03911 +0.11731
-0.05334 -0.17022 -0.11056 +0.00081 +0.00615 -0.02471
-0.02267 -0.03996 -0.01906 -0.01104 +0.02843 -0.01048
-0.02174 -0.01670 -0.05838 +0.06039 +0.03691 +0.04855
-0.01605 -0.02021 -0.05252 +0.11460 +0.01560 -0.04688
-0.02657 -0.01533 -0.04335 +0.11994 +0.07468 -0.04175
-0.02330 +0.00243 -0.05436 -0.08786 -0.00949 -0.18796
-0.05995 +0.20961 -0.12884 +0.03027 +0.01224 +0.04315
-0.10895 +0.03211 -0.03159 -0.00425 +0.02071 +0.00205
-0.11281 +0.00623 +0.01129 +0.01598 +0.05761 +0.06108
-0.11600 +0.00166 -0.00861 +0.07983 +0.09008 -0.00029
-0.11263 -0.00943 +0.00885 +0.04828 +0.05307 +0.03299
-0.11226 -0.00078 +0.03141 +0.03722 +0.06823 +0.01749
-0.11350 +0.00182 +0.03664 +0.05732 +0.08337 +0.00023
-0.11010 +0.00043 -0.00465 +0.07709 +0.06049 +0.01375
-0.12854 +0.04633 -0.05330 -0.02722 -0.00885 +0.09430
-0.12924 +0.04820 +0.03933 -0.01875 +0.03762 +0.03234
-0.12819 +0.03718 +0.04238 -0.00668 +0.05952 -0.03563
-0.12748 +0.02289 +0.06774 -0.00518 +0.05585 -0.03416
-0.11886 +0.03378 +0.10759 +0.02297 +0.05972 +0.07391
-0.12274 +0.02516 +0.10042 +0.02704 +0.04935 +0.02264
-0.12134 +0.03132 +0.15006 +0.00591 +0.05862 +0.01435
-0.11952 +0.02865 +0.13269 +0.01954 +0.05812 +0.03311
-0.10957 +0.03341 +0.11254 +0.06143 +0.00810 -0.00840
-0.12193 -0.00182 +0.02213 -0.01140 -0.00832 -0.07417
-0.12073 +0.02809 +0.13949 -0.02209 +0.05178 -0.00125
-0.12219 +0.03535 +0.17335 -0.05802 +0.05754 +0.02246
-0.10515 +0.04766 +0.09363 +0.06569 +0.02173 -0.01218
-0.11944 +0.00306 +0.06025 -0.02703 +0.00862 -0.08565
-0.12806 +0.01192 +0.18729 -0.08569 +0.04886 +0.01908
-0.12199 +0.03724 +0.18915 -0.06282 +0.03881 -0.04607
-0.11770 +0.02232 +0.13350 -0.06165 +0.00136 -0.03187
-0.12094 +0.01572 +0.13742 -0.07405 -0.00309 -0.04949
-0.11227 +0.03779 +0.12193 +0.05281 +0.04784 -0.01709
-0.12212 +0.00488 +0.12714 -0.02619 +0.00314 -0.08485
-0.11769 +0.01062 +0.15685 -0.09290 -0.02100 -0.00328
-0.11268 -0.02110 +0.10294 -0.07840 -0.02719 +0.01566
-0.05983 -0.28906 -0.03979 +0.05914 +0.00959 +0.02862
-0.00575 -0.06014 -0.07761 -0.00392 -0.04148 -0.11229
+0.01130 +0.03863 -0.06414 +0.03127 -0.01507 -0.00673
-0.00021 +0.06027 -0.04575 -0.00192 +0.02609 -0.06449
-0.01395 +0.00292 -0.00574 +0.02419 +0.04441 -0.02277
-0.01841 -0.02157 -0.01984 +0.04506 +0.03457 -0.03499
-0.02473 -0.01686 +0.05577 -0.05168 +0.00874 +0.02272
-0.03171 -0.03625 +0.01018 +0.00518 +0.02958 -0.03080
-0.02921 -0.03497 +0.02993 +0.00800 +0.02822 -0.01577
-0.03169 -0.04534 +0.03687 +0.02386 +0.04345 +0.02093
-0.02587 -0.03483 +0.03709 +0.02819 +0.03617 +0.02203
-0.02796 -0.04255 +0.04593 +0.03237 +0.03918 +0.04333
-0.02805 -0.03625 +0.01991 +0.03406 +0.03594 -0.02143
-0.02765 -0.04600 +0.03411 +0.03184 +0.03152 +0.01520
-0.02685 -0.04197 +0.04230 +0.02415 +0.02847 +0.00548
-0.02914 -0.04906 +0.09254 +0.02291 +0.04470 +0.04576
-0.02630 -0.16549 +0.03561 -0.07212 -0.08393 +0.01799
+0.00257 +0.00242 -0.05951 +0.02610 -0.01538 -0.04757
+0.00000 +0.00000 +0.00000 +0.00000 +0.00000 +0.00000
-0.00436 -0.01553 +0.00546 +0.00795 -0.00982 +0.02584
-0.00152 +0.05560 +0.03895 -0.00929 +0.04437 +0.00724
-0.02234 -0.03138 +0.01441 +0.05413 +0.04666 +0.00635
-0.02485 -0.04375 +0.02448 +0.05355 +0.05186 +0.03589
-0.02857 -0.03313 -0.00253 +0.04174 +0.05256 -0.05950
-0.02627 -0.04832 +0.03353 +0.05498 +0.04725 -0.01882
-0.02335 -0.03602 +0.04898 +0.05793 +0.05061 +0.01112
-0.02491 -0.04562 +0.01189 +0.06575 +0.04603 +0.00748
-0.02858 -0.03852 +0.02287 +0.05608 +0.05485 -0.03733
-0.02498 -0.03405 +0.01014 +0.07728 +0.04230 -0.01788
-0.02150 -0.05317 +0.04245 +0.02024 +0.06452 +0.09495
-0.02353 -0.14148 -0.03577 -0.01692 +0.04348 +0.04213
+0.00977 -0.02717 -0.05142 -0.00396 +0.01768 -0.01239
+0.01322 +0.01341 -0.03267 -0.01650 +0.03201 +0.01853
-0.00232 -0.00858 -0.03365 +0.01390 +0.03249 -0.04750
+0.00186 -0.02629 -0.01963 +0.00746 +0.02921 +0.06221
+0.01415 +0.07057 -0.00128 +0.01262 +0.12609 +0.02447
-0.09529 +0.02295 -0.14577 +0.05201 -0.07382 +0.11125
-0.07234 +0.04499 -0.08967 +0.11457 +0.00793 +0.10590
-0.04939 -0.15501 -0.04709 -0.15137 -0.00586 -0.01435
-0.01406 -0.02835 -0.05298 -0.04895 -0.03636 -0.02768
-0.00779 -0.00116 -0.04965 +0.00101 -0.01993 -0.03448
-0.01592 -0.00881 -0.02507 -0.02133 -0.01075 -0.08850
-0.01191 -0.01148 -0.03473 +0.02227 -0.00664 +0.01807
-0.02322 +0.10116 -0.04842 -0.05537 +0.03265 -0.06962
-0.04444 +0.00639 -0.00757 -0.01721 +0.03975 -0.06287
-0.05033 -0.00845 +0.00021 +0.02740 +0.04467 +0.06014
-0.03802 +0.03246 -0.08383 -0.01551 +0.05698 -0.09545
-0.05419 +0.13328 -0.12243 -0.13003 +0.01112 -0.19524
-0.07636 +0.07534 -0.07452 -0.13547 +0.04880 -0.06520
-0.08762 +0.05977 -0.04158 -0.12974 +0.06417 -0.06072
-0.08604 +0.05415 -0.04008 -0.11830 +0.06784 -0.04413
-0.07595 +0.06075 -0.00348 -0.13871 +0.05469 +0.04898
-0.05388 +0.07433 +0.03371 -0.19808 +0.00352 -0.01154
-0.05248 +0.06257 +0.05933 -0.16656 +0.03075 -0.02305
-0.05617 +0.05228 +0.02770 -0.16837 +0.01409 -0.10560
-0.04296 -0.08704 +0.09428 -0.00912 +0.04072 +0.08753
-0.04835 -0.11040 -0.03814 -0.26359 -0.18512 +0.20254
-0.01952 +0.04184 -0.03703 +0.07800 -0.09764 -0.04423
-0.02240 +0.01347 -0.00898 -0.01141 -0.12663 -0.04413
-0.01915 +0.02236 +0.01133 -0.01028 -0.12127 -0.02357
-0.01848 +0.01327 +0.01122 -0.01523 -0.12473 -0.00651
-0.01623 +0.02744 -0.02286 +0.02865 -0.12164 +0.01755
-0.02855 +0.01925 +0.00259 -0.01064 -0.11769 -0.05744
-0.02915 +0.09757 -0.00373 -0.02066 -0.06495 -0.04593
-0.04667 +0.01561 +0.00498 -0.00781 -0.08221 -0.03919
-0.04635 +0.01457 +0.01900 -0.00712 -0.07614 -0.02165
-0.04878 +0.01047 -0.00976 -0.00004 -0.08525 -0.04591
-0.04513 +0.02084 -0.00237 +0.02176 -0.09260 -0.01543
-0.04831 +0.01519 +0.01779 +0.02918 -0.07014 -0.01701
-0.04603 +0.01750 +0.02434 +0.02825 -0.07358 -0.03291
-0.05295 +0.01190 +0.01286 +0.02712 -0.07033 -0.09144
-0.04338 +0.01721 -0.00447 +0.04280 -0.09144 -0.02637
-0.04714 +0.00984 +0.00841 +0.05130 -0.07919 -0.00064
-0.04964 +0.01337 -0.00708 +0.05864 -0.06985 -0.03032
-0.04651 +0.01428 -0.01209 +0.07180 -0.07267 +0.02183
-0.04712 +0.01185 +0.00623 +0.05398 -0.07326 +0.01971
-0.04690 +0.01586 -0.01564 +0.06846 -0.07581 -0.03026
-0.04631 +0.00825 -0.00840 +0.06006 -0.07595 +0.02543
-0.04786 +0.01699 +0.01311 +0.07747 -0.05829 +0.02280
-0.04625 +0.00798 -0.01255 +0.06032 -0.08763 +0.00754
-0.04512 +0.01389 -0.00412 +0.08660 -0.07110 -0.00294
-0.05063 +0.00804 -0.00460 +0.07056 -0.06347 +0.00711
-0.05193 +0.01060 +0.01323 +0.06741 -0.06781 +0.00367
-0.05112 -0.04304 +0.08548 -0.00271 -0.09081 +0.00842
-0.03562 -0.03795 +0.00701 +0.08289 -0.10392 +0.02009
-0.02603 +0.00440 +0.03198 +0.03917 -0.09595 +0.02838
-0.02499 +0.01882 +0.05006 +0.04716 -0.09462 +0.01189
-0.02532 +0.00777 +0.02447 +0.05839 -0.09823 +0.01787
-0.02218 +0.01673 +0.04642 +0.06227 -0.10257 +0.01790
-0.02631 +0.00535 +0.06230 +0.00559 -0.10287 +0.00330
-0.03064 +0.11341 +0.00418 -0.01112 -0.05856 -0.07293
-0.04895 +0.01717 +0.02108 +0.01575 -0.08206 +0.00507
-0.05112 +0.00538 +0.04310 +0.02733 -0.06458 -0.00277
-0.04654 +0.00726 +0.02530 +0.03458 -0.08412 -0.01546
-0.05023 +0.00353 +0.04671 +0.01337 -0.07559 +0.00995
-0.04738 +0.01070 +0.04509 +0.02893 -0.07505 +0.02483
-0.05000 +0.01599 +0.01257 +0.07142 -0.06832 -0.07939
-0.05505 -0.00285 +0.03531 +0.02585 -0.07942 -0.04727
-0.04952 +0.00932 +0.03128 +0.05550 -0.06695 +0.02851
-0.05798 +0.00283 +0.02167 +0.02795 -0.06322 -0.08285
-0.04894 +0.01205 +0.04538 +0.06853 -0.07034 -0.02716
-0.05687 +0.00371 +0.01159 +0.04755 -0.07561 -0.06388
-0.05167 +0.00847 +0.01554 +0.06853 -0.06840 -0.01190
-0.05517 +0.02513 +0.08098 +0.12413 -0.00665 -0.01879
-0.06016 -0.00877 -0.00372 +0.05183 -0.08278 -0.11157
-0.05181 +0.00786 +0.01640 +0.08498 -0.05880 +0.01198
-0.05855 -0.01317 -0.09586 +0.05037 -0.08736 +0.00279
-0.05729 -0.04552 -0.04887 +0.00067 -0.12415 +0.06677
-0.04464 -0.09487 -0.00061 +0.08961 -0.13022 -0.02886
-0.02141 -0.00006 +0.01583 +0.02842 -0.10966 -0.01672
-0.02321 +0.01778 +0.02753 +0.03917 -0.09787 -0.03114
-0.02080 +0.00449 +0.01958 +0.02699 -0.12424 +0.04043
-0.01997 +0.03497 +0.01242 +0.15262 -0.05767 -0.01684
-0.02640 -0.01618 -0.03459 +0.04110 -0.10983 +0.03425
-0.02500 +0.01914 +0.03702 +0.00970 -0.09758 -0.00246
-0.02779 +0.10628 +0.03325 -0.04078 -0.06914 -0.01541
-0.04802 +0.01121 +0.05288 -0.02778 -0.07353 +0.01381
-0.04763 -0.06193 +0.06080 -0.03321 -0.11484 +0.03760
-0.02427 -0.00538 +0.02031 +0.06874 -0.08780 +0.06112
-0.01580 -0.00878 +0.02372 +0.02615 -0.09726 +0.08063
-0.01218 +0.01131 +0.03382 +0.00684 -0.10656 +0.03455
-0.01223 +0.01672 +0.05730 +0.03277 -0.08501 +0.08610
-0.01755 +0.00502 +0.02162 +0.02958 -0.09181 +0.07035
-0.01583 +0.01556 +0.01901 +0.03854 -0.10601 +0.00592
-0.02925 +0.15153 -0.05277 +0.08791 -0.06170 -0.02055
-0.05722 +0.00307 -0.04119 -0.14418 -0.18283 +0.07058
-0.06907 +0.16725 -0.08053 +0.13880 +0.00359 +0.11845
-0.11000 +0.00697 -0.04728 -0.02834 -0.03606 -0.05672
-0.09908 +0.00681 -0.00482 -0.02495 -0.01722 +0.07754
-0.06670 +0.04695 -0.01692 +0.00572 -0.03077 +0.01728
-0.07086 +0.03506 +0.10359 -0.05808 -0.00885 -0.07328
-0.05812 +0.03276 +0.03162 +0.10652 -0.03136 -0.16877
-0.07300 +0.00403 +0.01665 +0.02888 -0.02574 -0.15976
-0.09458 -0.20026 +0.01286 +0.05795 -0.02722 -0.23652
-0.03864 -0.06843 +0.00162 -0.02236 -0.05847 -0.03132
-0.01474 +0.00002 +0.03050 -0.00814 -0.04881 -0.00773
-0.01066 +0.02743 +0.01474 -0.03918 -0.05934 +0.05084
-0.02129 +0.03353 +0.02546 -0.04995 -0.04439 +0.00061
-0.02117 +0.05714 +0.03531 -0.04708 -0.02163 +0.01134
-0.02965 +0.03980 +0.02202 -0.01325 -0.02102 -0.01584
-0.04282 +0.00495 +0.02273 -0.00043 -0.01465 -0.02047
-0.03528 -0.10335 +0.09322 +0.01846 -0.03490 +0.07816
-0.02019 +0.16241 +0.01990 -0.01217 +0.00611 -0.10486
-0.03559 +0.20661 -0.18020 +0.02121 -0.09978 +0.19650
-0.09427 +0.06960 -0.10106 +0.04335 -0.08024 -0.04233
-0.09084 +0.03916 -0.09201 -0.11795 -0.16017 +0.09435
-0.08247 +0.01512 -0.08850 -0.15165 -0.07650 +0.05308
-0.04381 -0.25367 -0.09029 -0.13210 -0.09698 -0.09484
+0.02403 +0.01131 -0.05309 -0.05365 -0.08374 -0.07757
+0.02662 +0.01032 -0.03215 -0.04410 -0.08800 -0.03482
+0.03021 +0.01528 -0.00792 -0.00626 -0.07899 -0.00131
+0.02661 +0.01416 -0.00064 -0.02577 -0.07430 -0.03600
+0.02224 +0.06115 -0.04120 -0.01073 -0.05543 -0.08417
+0.01406 +0.06751 -0.01389 +0.00527 -0.01063 -0.00769
-0.00551 -0.00198 +0.00691 +0.01577 -0.00553 -0.03867
-0.01946 +0.13554 -0.02520 -0.08839 +0.09398 +0.02489
-0.07345 +0.12187 -0.10184 -0.09014 +0.02453 +0.02585
-0.09682 -0.00198 -0.06556 -0.03655 +0.04042 +0.06259
