  341.72666 
  341.76350 
  341.47137 
  341.78066 
  341.24325 
  340.91520 
  340.62736 
  340.48735 
  340.84705 
  341.29579 
  341.30230 
  341.24009 
  353.25382 
  351.51433 
  351.56306 
  351.56423 
  351.62897 
  343.77126 
  342.55825 
  341.86605 
  342.64692 
  341.66983 
  341.97866 
  341.63032 
  342.21530 
  341.73276 
  341.52886 
  342.08136 
  341.39722 
  342.25866 
  348.85875 
  353.97104 
  352.08233 
  351.97049 
  351.57098 
  352.26239 
  352.00960 
  352.11128 
  352.47796 
  352.31508 
  340.34591 
  342.63850 
  341.39057 
  341.94300 
  342.13076 
  342.59234 
  347.99622 
  353.05624 
  351.35624 
  351.69976 
  351.74896 
  342.40818 
  342.97609 
  342.77392 
  342.03155 
  342.71270 
  342.33830 
  343.18610 
  342.56726 
  342.75640 
  342.37353 
  342.06621 
  342.58754 
  350.97974 
  353.73334 
  352.91548 
  352.52068 
  352.04289 
  352.53088 
  352.37095 
  352.16477 
  352.73729 
  352.66227 
  352.30059 
  347.19499 
  343.18339 
  344.08451 
  344.92161 
  343.98575 
  343.27514 
  342.99036 
  342.44462 
  342.61486 
  343.03528 
  343.06804 
  343.51886 
  343.02063 
  354.80617 
  351.76851 
  351.27200 
  351.98225 
  351.99147 
  352.22636 
  352.51137 
  346.71541 
  342.51107 
  342.06044 
  342.71690 
  342.12796 
  342.59456 
  342.32720 
  342.43755 
  342.13054 
  341.94969 
  341.70273 
  342.30215 
  346.00079 
  354.16394 
  352.79008 
  351.97237 
  351.60083 
  351.41249 
  351.58094 
  351.89708 
  351.27101 
  351.86544 
  352.30227 
  351.84840 
  345.10382 
  341.43215 
  342.49192 
  342.24178 
  342.18336 
  342.34038 
  342.59943 
  343.14268 
  342.00712 
  342.34312 
  342.55086 
  342.93585 
  342.85618 
  342.39208 
  343.01416 
  342.45998 
  342.31887 
  355.26262 
  352.61180 
  352.67523 
  352.79192 
  352.25470 
  353.20097 
  352.23627 
  352.62410 
  352.05912 
  352.56160 
  342.11856 
  343.55278 
  343.42288 
  344.62761 
  343.91446 
  343.86846 
  343.38600 
  344.49497 
  342.23422 
  342.26205 
  342.44397 
  342.73101 
  343.41538 
  342.70040 
  342.66030 
  342.98752 
  343.19213 
  342.42285 
  342.52926 
  348.82371 
  354.82867 
  355.20776 
  353.26463 
  353.02644 
  354.35739 
  354.20594 
  353.94993 
  354.68572 
  353.90504 
  353.48866 
  354.25128 
  353.61276 
  353.50658 
  353.59455 
  353.06873 
  352.89680 
  353.14109 
  352.53631 
  353.00505 
  352.54084 
  352.76836 
  353.46812 
  353.26890 
  354.00448 
  353.33739 
  352.98138 
  353.80290 
  353.52166 
  353.45458 
  353.57700 
  352.97069 
  345.23265 
  342.54905 
  343.77517 
  344.74623 
  343.49583 
  342.96621 
  341.98674 
  342.30622 
  341.89712 
  342.59175 
  342.67335 
  342.61909 
  342.81766 
  342.60747 
  342.19993 
  341.91988 
  341.64938 
  341.07445 
  341.18268 
  341.38976 
  341.32166 
  341.02932 
  340.83831 
  340.55930 
  341.62628 
  340.97833 
  341.35218 
  341.16714 
  341.77667 
  341.42345 
  355.08315 
  354.11029 
  353.20320 
  353.21180 
  352.73696 
  348.13343 
  342.85959 
  343.60843 
  342.83987 
  343.14591 
  343.50967 
  343.05290 
  343.20148 
  343.09087 
  343.51101 
  343.22220 
  351.33699 
  356.74579 
  354.00037 
  353.96411 
  353.57084 
  354.01128 
  354.09587 
  353.76045 
  353.78829 
  353.66179 
  353.86666 
  353.50059 
  353.59242 
  353.54293 
  353.64191 
  353.36004 
  353.34812 
  353.58013 
  353.37707 
  353.75367 
  353.56303 
  353.53289 
  354.77060 
  353.48702 
  353.58609 
  339.44788 
  344.78697 
  344.81623 
  342.80389 
  342.85911 
  342.20131 
  342.69919 
  342.11667 
  341.43931 
  341.71426 
  340.84255 
  341.06895 
  341.01367 
