-0.05313 -0.03623 -0.01758 +0.08172 +0.01209 -0.00707
-0.07710 -0.03550 +0.00652 +0.06975 +0.02564 +0.03871
-0.09367 -0.00128 +0.00972 +0.02914 +0.02038 +0.01632
-0.08880 -0.00493 -0.01623 +0.00677 -0.01862 -0.02682
-0.05804 -0.01142 -0.03873 +0.00072 -0.03992 +0.03856
-0.07301 -0.01734 -0.01501 +0.00840 -0.01728 -0.01080
-0.07234 -0.02870 -0.00705 +0.04542 +0.02107 +0.04550
-0.07316 -0.02688 -0.00863 +0.02934 -0.00121 +0.06965
-0.08723 -0.01867 +0.02363 +0.03529 +0.02227 +0.06670
-0.06387 -0.00563 -0.03761 +0.00456 -0.07296 +0.01827
-0.05202 -0.01363 -0.05172 +0.01320 -0.02000 +0.01388
-0.07832 -0.03225 +0.03255 +0.13985 +0.09640 +0.04900
-0.01766 -0.11894 +0.13860 -0.07183 -0.04490 +0.01742
-0.03506 +0.01012 +0.02669 -0.00168 -0.09604 -0.01589
-0.06475 +0.03952 +0.04796 -0.02730 +0.02815 +0.03813
-0.05506 +0.02219 +0.06292 +0.04950 +0.00725 -0.09413
-0.04322 +0.02306 +0.03936 +0.02515 -0.06256 -0.00090
-0.09566 +0.10192 -0.09131 +0.10702 +0.01226 -0.10746
-0.07738 +0.00793 -0.07775 +0.02743 -0.03566 +0.00273
-0.04991 -0.02352 -0.05708 -0.02312 -0.08144 -0.05135
-0.06334 -0.02865 -0.04508 -0.09744 +0.06074 +0.02327
-0.08309 -0.04093 +0.01229 +0.06801 -0.04815 -0.05405
-0.08044 -0.01749 -0.03225 -0.01944 -0.05920 -0.02583
-0.06187 -0.03518 -0.01075 +0.06865 +0.00013 -0.02220
-0.08261 -0.03826 -0.01376 -0.01126 +0.00722 +0.01635
-0.06660 -0.01415 -0.03218 -0.01250 -0.13085 +0.01009
-0.05446 -0.04124 -0.03245 +0.01684 -0.00679 -0.00286
-0.07997 -0.02746 +0.00424 +0.06087 -0.05385 -0.10765
-0.06871 -0.04510 +0.00064 +0.05169 -0.03949 +0.02411
-0.05418 -0.03351 -0.03130 +0.03438 +0.03773 -0.02613
-0.01583 -0.07594 +0.04674 -0.05171 -0.07070 -0.07758
-0.04714 -0.03258 +0.09253 -0.08042 +0.08924 -0.05615
-0.05235 +0.02781 +0.03319 -0.05699 +0.02497 -0.03598
-0.07715 +0.02963 +0.08738 +0.03752 -0.05079 -0.09867
-0.05501 +0.03797 +0.02485 -0.07078 +0.06817 +0.00123
-0.06706 +0.02437 +0.05858 +0.01243 -0.04296 -0.05519
-0.07191 +0.04622 +0.03601 -0.07515 +0.04718 +0.02487
-0.05219 +0.01753 +0.04220 -0.00834 -0.06869 +0.01496
-0.05894 +0.03133 +0.04428 +0.00663 -0.07073 -0.03119
-0.04273 +0.02737 +0.01168 -0.07226 +0.06545 +0.04357
-0.07397 +0.12334 -0.18678 +0.04589 +0.07982 +0.09349
-0.06211 -0.03138 -0.01888 +0.04908 +0.06621 +0.11367
-0.03933 -0.03948 -0.02747 +0.03622 -0.02932 +0.09711
-0.08226 -0.00514 +0.02008 +0.01452 +0.08062 -0.01128
-0.07294 -0.02054 -0.00052 -0.00192 -0.01333 +0.08592
-0.04501 +0.00441 -0.06241 -0.02013 -0.10851 -0.01288
-0.06501 -0.07457 +0.14704 +0.09921 -0.04867 -0.09763
-0.01888 -0.03233 +0.05361 -0.14180 +0.00523 +0.03122
-0.06029 +0.03977 +0.05272 +0.02687 +0.01635 -0.05455
-0.02746 +0.03877 -0.00904 -0.10017 -0.11729 +0.06035
-0.07171 +0.03248 +0.08203 -0.01412 -0.00041 -0.03518
-0.10590 +0.11065 -0.15600 +0.05952 -0.03618 +0.04589
-0.05110 -0.04612 -0.02712 +0.04517 -0.01845 +0.01366
-0.05614 -0.03322 -0.02119 +0.02579 +0.05975 -0.02158
-0.06906 -0.05410 -0.00132 +0.06679 +0.01047 +0.10146
-0.08764 -0.03135 +0.01089 +0.02709 -0.03747 +0.07518
-0.05538 -0.03867 -0.02907 +0.04798 -0.09681 +0.10377
-0.04227 -0.01784 -0.07087 -0.02946 +0.00385 -0.01967
-0.08789 -0.02680 +0.04147 +0.07889 +0.07650 +0.00378
-0.05418 -0.03202 -0.04569 +0.00758 -0.02726 +0.09351
-0.06372 -0.02672 -0.02205 -0.00039 -0.10722 +0.09239
-0.08232 -0.02996 +0.00440 +0.04893 -0.03807 +0.10067
-0.07252 -0.04249 +0.00449 +0.04334 -0.01078 +0.06584
+0.01546 -0.09128 +0.04935 -0.05803 -0.04783 -0.05588
-0.04033 -0.01554 +0.08114 -0.08947 +0.05593 +0.02753
-0.04211 +0.03339 +0.02625 -0.01892 -0.09163 -0.03198
-0.03288 +0.01805 +0.03773 +0.03372 +0.00561 +0.01988
-0.04136 +0.04001 +0.03399 +0.04385 -0.04204 -0.02974
-0.06738 +0.04060 +0.06741 -0.01855 -0.03202 -0.00084
-0.05224 +0.04645 +0.04602 -0.00677 -0.05743 -0.01833
-0.03933 +0.03034 +0.04625 +0.04046 -0.04428 -0.00685
-0.04064 +0.02210 +0.05408 +0.03245 +0.04862 +0.00552
-0.07125 +0.05034 +0.07904 +0.04701 -0.04076 -0.06555
-0.03138 +0.04766 +0.00488 -0.03244 -0.11059 -0.00039
-0.05824 +0.07269 -0.07814 -0.06656 +0.04914 +0.04878
-0.08096 +0.05296 -0.11041 +0.03879 +0.05101 -0.00050
-0.05844 -0.04940 -0.03278 -0.01339 -0.00101 +0.00921
-0.04369 -0.02289 -0.06993 -0.09205 -0.03359 -0.00755
-0.06090 -0.05354 -0.00750 +0.00570 +0.03521 +0.00220
-0.01258 -0.06763 -0.05883 +0.02922 -0.01744 +0.09784
-0.04525 -0.00505 -0.06016 -0.13061 -0.02576 +0.10168
-0.05427 -0.04606 -0.00734 -0.02962 +0.01894 +0.03088
-0.04363 -0.04508 -0.01951 -0.00316 -0.02040 +0.07331
-0.07019 -0.03629 +0.00633 +0.01098 -0.04400 +0.07285
-0.07293 -0.03126 +0.00858 +0.03183 -0.06341 +0.09127
-0.05719 -0.01967 -0.03205 -0.05068 -0.11931 +0.08490
-0.06035 -0.02409 -0.01366 +0.02164 -0.07230 +0.10723
+0.00889 -0.12246 +0.11646 -0.17343 +0.02000 -0.00144
-0.06210 +0.01974 +0.08178 +0.06278 -0.09604 -0.06241
-0.04545 +0.04304 +0.02297 -0.04182 +0.07006 +0.03918
-0.02939 +0.01424 +0.03915 -0.01451 -0.07806 +0.07704
-0.03902 +0.02524 +0.04721 +0.00355 +0.01070 -0.00721
-0.02072 +0.02477 +0.00983 -0.06457 -0.02562 +0.00566
-0.04419 +0.04054 +0.02898 -0.03762 -0.03230 -0.03339
-0.05733 +0.05595 -0.07983 +0.00729 +0.00551 +0.03174
-0.11306 +0.05518 -0.05004 +0.07473 +0.05355 -0.06972
-0.05066 -0.05303 -0.01629 +0.02823 +0.01132 -0.05367
-0.03813 -0.03915 -0.05915 -0.10372 -0.05118 +0.00106
-0.07182 -0.05709 +0.01056 -0.03493 -0.04197 +0.04626
-0.03766 -0.02459 -0.05549 -0.06602 -0.04900 -0.05088
-0.05653 -0.03885 -0.00829 -0.01390 -0.12544 -0.07149
-0.09185 -0.01051 +0.01336 -0.10490 +0.03869 -0.02581
-0.05380 -0.04678 -0.00520 -0.00836 -0.05236 -0.02446
-0.07024 -0.03366 -0.00929 -0.07998 +0.05308 +0.06398
-0.05027 -0.03272 -0.02205 -0.05361 -0.13982 +0.02392
-0.08412 -0.03947 +0.03740 +0.00254 -0.04040 +0.01752
-0.02549 -0.06190 +0.02231 -0.04723 -0.14523 +0.02212
-0.00968 -0.11407 +0.13548 -0.02084 +0.04484 -0.04701
-0.00964 +0.01311 -0.00876 -0.05803 -0.02471 -0.07497
-0.06062 +0.03504 +0.05588 +0.01582 -0.06889 -0.05434
-0.03958 +0.02887 +0.01930 -0.09431 -0.05419 -0.03449
-0.04660 +0.00550 +0.06062 -0.05170 +0.00573 +0.04991
-0.03943 +0.04441 +0.01870 -0.07227 -0.05152 -0.03083
-0.04362 +0.01071 +0.06100 +0.00087 -0.02442 -0.10119
-0.03533 +0.03057 +0.03788 -0.03388 -0.05743 -0.09212
-0.03107 +0.01466 +0.03710 -0.02415 +0.04198 -0.01363
-0.04989 +0.01178 +0.06208 -0.02900 -0.06071 +0.05419
-0.07512 +0.03853 +0.08254 -0.02694 -0.03644 -0.00782
-0.07625 +0.10921 -0.11286 -0.15110 +0.11024 +0.00034
-0.09301 +0.03574 -0.05750 +0.07739 +0.07697 -0.07930
-0.07885 -0.03196 +0.01697 +0.01379 -0.03004 +0.01657
-0.05589 -0.03839 -0.03595 -0.05559 -0.04099 +0.03866
-0.06287 -0.03165 +0.00201 -0.01545 +0.05257 -0.02105
-0.04577 -0.02939 -0.04074 -0.11709 -0.04330 +0.01751
-0.06868 -0.04995 +0.00975 +0.00895 -0.03179 +0.02086
-0.07767 -0.02699 +0.01872 +0.01427 +0.04391 +0.00634
-0.07247 -0.03372 +0.00723 +0.02131 -0.02381 +0.05946
-0.02674 -0.06248 -0.03338 -0.01561 -0.01969 +0.12290
-0.07541 -0.00520 -0.01197 -0.06750 +0.09743 +0.02621
-0.07147 -0.02935 +0.01829 +0.06059 -0.08518 -0.01176
-0.05659 -0.01739 -0.02827 -0.09677 -0.11298 +0.01109
-0.04136 -0.04326 -0.00120 +0.06276 +0.05585 -0.02011
-0.07814 -0.00743 -0.01156 -0.07513 -0.00591 -0.00143
-0.04635 -0.02932 -0.03214 -0.02360 -0.07713 +0.01823
-0.05551 -0.02898 +0.00146 +0.02506 -0.03485 -0.06034
-0.03772 -0.10799 +0.18918 -0.20322 +0.07936 -0.02194
-0.04560 +0.00431 +0.06805 -0.00299 -0.02548 -0.04680
-0.03971 +0.04776 +0.01712 -0.05795 -0.08434 -0.06843
-0.06685 +0.01885 +0.08766 +0.01604 +0.01347 -0.03543
-0.04689 +0.02643 +0.04916 +0.00606 -0.02888 +0.02291
+0.00000 +0.00000 +0.00000 +0.00000 +0.00000 +0.00000
-0.04431 +0.05157 +0.01598 -0.09625 +0.08623 +0.01711
-0.04936 +0.02810 +0.04267 -0.07318 -0.01150 -0.00113
-0.04995 +0.03073 +0.06218 -0.00638 -0.01641 -0.03689
-0.03786 +0.02469 +0.03536 -0.01897 -0.00407 +0.00383
-0.12390 +0.13317 -0.15293 -0.02078 +0.16786 -0.02147
-0.06531 -0.04402 -0.04314 -0.02824 -0.02736 -0.08483
-0.04915 -0.06187 -0.03698 +0.02337 +0.07760 -0.03729
-0.05945 -0.04855 -0.03671 -0.02958 +0.00599 -0.05631
-0.08026 -0.06655 +0.02747 +0.08520 +0.00726 -0.03703
-0.08291 -0.04010 -0.00948 -0.06342 +0.10503 +0.04809
-0.06790 -0.06139 +0.00230 -0.00551 +0.06577 -0.06772
-0.04948 -0.04915 -0.03147 -0.02344 +0.02424 -0.03641
-0.08108 -0.03435 +0.02608 +0.00418 +0.03699 -0.06518
-0.07185 -0.05470 +0.02019 +0.01686 -0.01301 -0.01052
-0.03304 -0.06431 -0.02817 -0.00350 -0.00144 -0.03405
-0.03691 -0.03849 -0.04632 -0.05398 -0.11306 +0.01638
-0.08550 -0.04334 +0.02295 -0.05067 +0.13287 +0.05039
-0.05718 -0.03698 -0.01877 -0.02161 -0.04245 +0.08680
-0.08168 -0.04709 +0.03975 +0.06301 +0.03504 -0.00983
-0.07071 -0.04517 +0.00165 +0.00405 -0.00735 +0.01785
-0.02954 -0.04040 -0.06576 -0.08450 -0.00821 +0.02116
-0.08299 -0.03902 +0.02310 -0.01423 +0.00668 +0.04189
-0.04920 -0.03273 -0.03962 -0.11452 +0.04585 +0.09522
-0.06100 -0.08681 +0.12448 -0.05331 -0.01138 -0.17928
-0.00161 -0.04558 +0.10966 -0.10926 +0.03304 -0.10094
-0.05063 +0.01268 +0.12618 -0.01921 +0.04810 +0.08410
-0.03280 +0.06119 +0.04472 +0.00620 -0.00282 +0.05226
-0.05771 +0.06978 +0.07753 -0.04717 +0.08590 +0.01638
-0.05894 +0.07191 +0.08532 +0.04975 +0.00806 +0.02698
-0.02963 +0.08200 +0.04578 +0.05807 +0.06488 +0.00660
-0.00747 +0.05833 +0.02204 +0.02392 +0.01313 -0.00407
-0.03832 +0.09896 +0.04142 -0.02929 +0.14528 -0.00732
-0.02559 +0.09759 +0.03039 -0.01570 -0.05592 -0.00093
-0.05566 +0.07787 +0.08528 +0.01877 +0.03833 +0.11177
-0.03795 +0.07419 +0.07784 +0.06457 +0.03446 +0.03170
-0.06706 +0.10775 +0.07890 -0.06322 +0.06638 +0.15302
-0.02998 +0.09344 +0.03877 -0.03609 -0.08277 +0.08274
-0.04406 +0.06190 +0.09441 +0.07340 +0.01162 +0.05196
-0.05325 +0.10797 +0.05388 -0.03166 +0.08348 +0.08808
-0.02914 +0.08016 +0.04511 -0.00771 -0.04637 +0.10008
-0.00949 +0.10266 +0.00787 -0.02625 -0.05344 -0.03458
-0.04245 +0.08591 +0.07829 +0.05925 -0.00135 +0.08519
+0.01531 +0.05083 +0.02309 +0.05719 -0.08061 +0.00838
-0.01752 +0.07882 +0.04823 +0.06942 -0.02064 +0.04939
-0.05223 +0.10075 +0.06459 -0.03412 -0.00285 +0.06931
-0.04431 +0.07493 +0.08254 +0.00465 -0.06674 +0.07745
-0.04719 +0.09715 +0.09189 +0.10156 +0.04830 -0.00970
-0.06479 +0.12009 +0.08581 -0.03606 -0.03594 +0.00920
-0.02843 +0.10534 +0.02604 -0.10089 +0.06723 +0.05330
-0.01170 +0.10638 +0.00708 -0.12394 -0.08951 +0.01854
-0.04982 +0.07844 +0.10461 +0.02531 -0.02135 +0.02703
-0.02790 +0.08191 +0.05156 +0.02731 +0.02383 +0.09096
-0.03488 +0.10285 +0.06573 +0.00051 +0.05633 -0.07077
-0.05248 +0.10511 +0.07324 -0.04652 -0.06969 +0.02273
-0.01820 +0.09833 +0.03359 -0.00247 -0.08751 +0.01996
-0.06856 +0.14701 -0.10469 -0.02881 -0.01737 -0.06010
-0.12563 +0.14330 -0.14791 -0.14061 +0.03110 -0.18407
-0.08512 -0.06796 +0.01965 +0.00607 +0.02377 -0.06878
-0.07160 -0.03866 -0.02130 +0.02400 +0.05519 -0.15054
-0.05058 -0.05000 -0.05226 -0.02720 -0.04201 +0.01114
-0.06108 -0.06352 -0.02151 +0.05783 -0.04195 +0.10176
-0.07940 -0.01877 -0.05842 -0.00477 +0.00062 -0.01639
-0.08904 -0.05445 -0.00163 -0.03333 +0.01431 +0.01967
-0.06162 -0.03771 -0.05025 -0.10392 +0.13068 +0.00450
-0.07022 -0.03726 -0.03241 -0.02086 -0.11162 -0.03424
-0.06280 -0.05917 -0.02145 +0.04650 +0.00191 +0.00571
-0.05997 -0.05905 -0.02884 +0.01926 +0.03279 +0.01644
-0.05848 -0.04722 -0.04877 -0.05599 +0.06254 +0.05412
-0.06849 -0.03211 -0.03668 +0.01548 -0.06519 +0.00298
-0.09120 -0.04281 +0.01085 -0.00328 +0.04578 -0.02806
-0.05768 -0.04884 -0.02612 +0.00974 -0.00722 +0.01968
-0.09590 -0.00949 -0.00255 -0.10559 +0.04475 -0.05326
-0.08774 -0.05383 +0.03091 +0.03571 -0.06791 -0.03670
-0.07593 -0.03952 +0.00243 +0.00528 -0.06782 -0.07050
-0.05129 -0.05857 -0.02793 +0.03569 -0.06449 -0.00298
-0.10500 -0.00020 +0.00653 -0.11684 +0.05465 -0.08361
-0.05184 -0.04574 -0.04443 -0.08233 -0.08502 -0.02733
-0.02348 -0.04832 -0.08428 -0.11572 -0.08874 +0.01707
-0.08286 -0.02594 +0.00388 +0.00600 -0.14967 -0.08812
-0.06995 -0.04767 -0.01568 -0.07362 +0.02841 +0.05933
-0.04757 -0.05806 -0.03769 -0.01906 -0.05577 -0.02133
-0.09215 -0.04434 +0.01216 -0.01977 -0.04926 +0.03808
-0.05766 -0.05368 -0.02845 +0.04788 -0.09549 +0.05700
-0.05748 -0.03990 -0.03630 +0.00492 -0.10107 -0.00462
-0.07124 -0.05675 -0.00147 +0.03378 +0.06541 -0.00654
+0.01428 -0.11722 +0.12728 -0.16775 -0.03091 -0.10385
-0.06497 -0.01620 +0.11368 -0.05192 -0.04437 -0.04909
-0.04424 +0.02644 +0.04587 -0.01773 +0.01111 -0.11267
-0.05809 +0.03942 +0.05781 -0.04545 -0.01770 -0.09873
-0.03966 +0.01319 +0.03537 -0.01919 -0.06723 +0.05732
-0.04487 +0.02857 -0.01468 +0.08798 -0.07266 +0.07072
-0.08776 +0.11827 -0.20731 -0.01212 -0.03916 -0.08248
-0.07309 -0.07316 +0.01635 +0.02584 +0.15680 -0.05633
-0.06192 -0.05977 -0.02284 +0.06612 +0.05242 +0.05149
-0.04848 -0.05216 -0.05291 +0.01326 +0.01119 +0.01468
-0.05521 -0.07256 -0.02250 +0.05927 -0.02706 +0.07188
-0.05974 -0.04519 -0.03723 +0.00311 +0.02023 +0.02622
-0.03210 -0.05804 -0.07522 -0.02760 -0.00768 +0.03805
-0.09621 -0.03624 +0.02587 +0.05452 +0.09173 -0.02074
-0.05227 -0.04139 -0.05451 +0.01769 -0.09486 +0.02259
-0.07856 -0.05514 -0.00300 +0.01141 +0.05071 +0.06808
-0.04860 -0.10273 +0.15781 +0.09924 +0.04840 -0.12768
+0.00850 -0.06512 +0.11471 -0.10596 -0.02924 -0.00577
-0.05060 +0.04334 +0.09464 +0.04934 -0.00462 +0.04461
-0.04751 +0.05027 +0.07464 +0.01211 +0.00436 +0.12448
-0.03115 +0.08701 +0.00887 -0.11480 +0.03672 +0.09890
-0.04933 +0.06678 +0.07934 +0.06648 +0.00520 -0.00989
-0.02626 +0.06097 +0.05330 +0.05342 +0.02028 -0.04038
-0.03650 +0.07085 +0.06976 +0.06145 -0.05094 -0.04862
-0.02435 +0.07498 +0.03287 -0.01560 -0.03381 +0.05285
-0.02816 +0.10533 -0.00165 -0.11984 +0.03255 +0.09714
-0.04634 +0.06584 +0.08699 +0.06608 +0.03984 -0.02081
-0.02709 +0.10137 +0.01710 -0.08362 -0.04121 -0.05016
-0.03097 +0.05819 +0.06976 +0.03677 +0.01837 +0.01766
-0.02357 +0.06055 +0.04498 -0.02527 -0.00203 +0.12474
-0.02527 +0.08258 +0.05509 +0.05665 -0.04594 -0.03338
-0.01575 +0.07330 +0.01740 -0.10983 +0.00924 +0.13675
-0.01848 +0.09623 +0.01491 -0.07755 -0.07834 +0.00285
-0.00170 +0.07529 +0.01675 -0.09712 +0.02376 +0.01706
-0.02369 +0.07058 +0.05142 +0.06836 +0.01953 +0.05568
-0.01939 +0.07164 +0.03582 -0.02018 -0.06318 +0.04040
-0.04524 +0.06976 +0.10293 +0.08510 +0.01482 +0.00895
-0.04442 +0.08312 +0.08741 +0.06020 +0.00621 -0.02538
-0.01385 +0.07548 +0.03360 +0.06437 +0.07116 -0.01677
-0.01233 +0.11450 +0.00239 -0.01835 -0.03339 -0.03400
-0.05084 +0.07855 +0.10101 +0.08792 -0.02041 +0.00533
-0.14077 +0.24854 -0.27083 +0.06837 -0.05084 -0.23870
-0.04193 -0.05105 -0.06550 -0.08274 +0.08721 -0.13487
-0.08567 -0.05915 -0.00595 -0.07109 +0.17132 -0.05349
-0.09411 -0.04485 -0.01898 +0.05639 +0.11871 -0.04464
-0.07308 -0.06330 -0.02766 +0.02903 +0.08362 -0.02245
-0.02865 -0.09869 -0.04415 +0.14224 +0.04257 +0.08001
-0.03152 -0.06711 -0.06549 +0.08903 +0.05250 +0.08340
-0.09218 -0.02966 -0.01721 -0.01477 +0.05517 +0.02076
-0.05949 -0.04642 -0.04269 -0.07320 +0.13341 +0.08048
-0.08942 -0.06200 +0.00386 +0.03702 -0.00385 +0.03146
-0.08990 -0.04143 +0.02339 +0.10517 -0.00166 +0.01358
-0.04800 -0.06794 -0.01829 +0.06868 +0.02033 -0.02497
-0.06865 -0.06121 -0.00607 +0.06776 -0.01647 +0.03785
